0.422535211268,0.438596491228,0.627450980392,0.534482758621,0.467741935484,0.597222222222,0.675,0.660377358491,0.547619047619,0.428571428571,1.0,0.480769230769,0.702127659574,0.509090909091,0.603773584906,0.375,0.479166666667,0.52380952381,0.608695652174,0.514285714286,0.710526315789,0.733333333333,0.6,0.793103448276,1.0,0.685714285714,0.52380952381,0.492537313433,0.472727272727,0.466666666667,0.492063492063,0.491525423729,0.5,0.735849056604,0.698113207547,0.754098360656,0.732142857143,0.564102564103,0.727272727273,0.581395348837,0.5,0.473684210526,0.566666666667,0.5,0.964285714286,0.709677419355,0.629032258065,0.367346938776,0.5,0.571428571429,0.944444444444,0.52380952381,0.657894736842,0.6,0.513513513514,0.666666666667,0.8,0.428571428571,0.692307692308,0.489795918367,0.564102564103,0.722222222222,0.658536585366,0.454545454545,0.452830188679,0.577777777778,0.520833333333,0.560975609756,0.758620689655,0.666666666667,0.666666666667,0.593220338983,0.80487804878,0.694444444444,0.489795918367,0.604166666667,0.825,0.567567567568,0.607142857143,0.53125,0.538461538462,0.595744680851,0.733333333333,0.484848484848,0.642857142857,0.690476190476,0.558139534884,0.581395348837,0.605263157895,0.51724137931,0.509803921569,0.639344262295,0.586206896552,0.481481481481,0.536585365854,0.384615384615,0.72131147541,0.4,0.586956521739,0.642857142857,0.527777777778,0.47619047619,0.452830188679,0.651515151515,0.627906976744,0.367346938776,0.633333333333,0.666666666667,0.595238095238,0.571428571429,0.610169491525,0.727272727273,0.387096774194,0.513513513514,0.605263157895,0.5,0.54347826087,0.626865671642,0.612903225806,0.604651162791,0.575,0.65,0.457142857143,0.861111111111,0.787878787879,0.607142857143,0.431818181818,0.613636363636,0.704225352113,0.630434782609,0.388888888889,0.574468085106,0.571428571429,0.511627906977,0.444444444444,0.511627906977,0.358974358974,0.475,0.525,0.5,0.5,0.5,0.470588235294,0.444444444444,0.545454545455,0.46875,0.471698113208,0.366666666667,0.423728813559,0.423728813559,0.520833333333,0.489795918367,0.434782608696,0.53125,0.553191489362,0.377358490566,0.4,0.5,0.473684210526,0.48,0.491228070175,0.555555555556,0.418604651163,0.527272727273,0.5,0.560975609756,0.5,0.583333333333,0.529411764706,0.428571428571,0.553191489362,0.525,0.488888888889,0.489361702128,0.43137254902,0.5,0.511111111111,0.482142857143,0.466666666667,0.641025641026,0.538461538462,0.428571428571,0.458333333333,0.649122807018,0.6,0.604651162791,0.458333333333,0.56,0.4,0.307692307692,0.444444444444,0.448275862069,0.566037735849,0.607843137255,0.558139534884,0.571428571429,0.358490566038,0.425531914894,0.382978723404,0.433962264151,0.439024390244,0.657894736842,0.627906976744,0.583333333333,0.282051282051,0.566037735849,0.604166666667,0.630434782609,0.461538461538,0.444444444444,0.5,0.46511627907,0.426229508197,0.622222222222,0.468085106383,0.511627906977,0.566037735849,0.448979591837,0.489361702128,0.55,0.394736842105,0.537037037037,0.438596491228,0.549019607843,0.439024390244,0.444444444444,0.348837209302,0.519230769231,0.53125,0.55,0.456140350877,0.53488372093,0.394736842105,0.333333333333,0.545454545455,0.542372881356,0.528301886792,0.648648648649,0.5,0.530612244898,0.466666666667,0.559322033898,0.520833333333,0.52380952381,0.351351351351,0.628571428571,0.551724137931,0.568965517241,0.519230769231,0.48275862069,0.658536585366,0.289473684211,0.560975609756,0.478260869565,0.546875,0.489361702128,0.555555555556,0.468085106383,0.368421052632,0.577777777778,0.438596491228,0.425531914894,0.63829787234,0.609375,0.404255319149,0.408163265306,0.446808510638,0.511111111111,0.6,0.45,0.452830188679,0.464285714286,0.52380952381,0.542372881356,0.433962264151,0.636363636364,0.377358490566,0.5,0.415094339623,0.557692307692,0.5,0.448979591837,0.345454545455,0.450980392157,0.54347826087,0.466666666667,0.571428571429,0.46511627907,0.528301886792,0.5,0.488888888889,0.428571428571,0.591836734694,0.491525423729,0.584905660377,0.518518518519,0.574074074074,0.47619047619,0.592592592593,0.510204081633,0.386363636364,0.5,0.469387755102,0.432432432432,0.619047619048,0.513513513514,0.563636363636,0.563636363636,0.477272727273,0.463414634146,0.458333333333,0.659574468085,0.557692307692,0.615384615385,0.55,0.411764705882,0.566037735849,0.421052631579,0.387755102041,0.530612244898,0.525,0.642857142857,0.487804878049,0.5,0.565217391304,0.625,0.541666666667,0.555555555556,0.510204081633,0.482142857143,0.466666666667,0.5,0.581395348837,0.555555555556,0.604651162791,0.595238095238,0.625,0.458333333333,0.512820512821,0.377777777778,0.463414634146,0.567567567568,0.550724637681,0.525,0.339285714286,0.333333333333,0.385964912281,0.484848484848,0.533333333333,0.479166666667,0.666666666667,0.531914893617,0.547619047619,0.54347826087,0.442307692308,0.510638297872,0.351851851852,0.710526315789,0.5,0.557692307692,0.53488372093,0.536585365854,0.564102564103,0.52,0.609756097561,0.490196078431,0.509433962264,0.552631578947,0.584905660377,0.553571428571,0.578947368421,0.46875,0.512195121951,0.674418604651,0.435897435897,0.5,0.537037037037,0.6,0.58,0.6,0.555555555556,0.446808510638,0.508771929825,0.538461538462,0.5,0.555555555556,0.466666666667,0.341463414634,0.444444444444,0.458333333333,0.293103448276,0.395833333333,0.442307692308,0.526315789474,0.5,0.511627906977,0.46,0.507692307692,0.622222222222,0.6,0.641509433962,0.44262295082,0.677966101695,0.530612244898,0.382978723404,0.369565217391,0.560975609756,0.56,0.625,0.514705882353,0.515625,0.5,0.510638297872,0.428571428571,0.515625,0.509433962264,0.450980392157,0.509803921569,0.428571428571,0.591549295775,0.511627906977,0.607843137255,0.510204081633,0.6,0.65306122449,0.553571428571,0.481481481481,0.5,0.526315789474,0.545454545455,0.533333333333,0.538461538462,0.461538461538,0.5,0.622641509434,0.607843137255,0.551020408163,0.549019607843,0.515151515152,0.575,0.514285714286,0.46511627907,0.5625,0.4,0.44,0.471698113208,0.490566037736,0.551020408163,0.394736842105,0.543859649123,0.454545454545,0.425,0.410256410256,0.595238095238,0.326086956522,0.5,0.471698113208,0.433333333333,0.642857142857,0.43137254902,0.590909090909,0.571428571429,0.613636363636,0.470588235294,0.53125,0.478260869565,0.68,0.5,0.564102564103,0.481481481481,0.55,0.602739726027,0.511627906977,0.586956521739,0.628571428571,0.531914893617,0.571428571429,0.440677966102,0.268292682927,0.470588235294,0.594594594595,0.489361702128,0.553571428571,0.462962962963,0.613636363636,0.520833333333,0.538461538462,0.425531914894,0.265306122449,0.34,0.614035087719,0.461538461538,0.614035087719,0.514285714286,0.480769230769,0.487804878049,0.46,0.481481481481,0.527777777778,0.484848484848,0.363636363636,0.511627906977,0.481481481481,0.59649122807,0.530612244898,0.535714285714,0.52380952381,0.528301886792,0.592592592593,0.519230769231,0.482142857143,0.636363636364,0.525,0.6,0.634615384615,0.489361702128,0.523076923077,0.509433962264,0.5,0.538461538462,0.431034482759,0.416666666667,0.421052631579,0.589285714286,0.576271186441,0.578125,0.576923076923,0.527272727273,0.568965517241,0.59649122807,0.6,0.527777777778,0.513513513514,0.530612244898,0.456140350877,0.614035087719,0.615384615385,0.617021276596,0.612244897959,0.511111111111,0.547169811321,0.453125,0.461538461538,0.54347826087,0.54,0.5,0.51724137931,0.5,0.473684210526,0.446428571429,0.436363636364,0.428571428571,0.5,0.477611940299,0.574468085106,0.413043478261,0.422222222222,0.409090909091,0.589285714286,0.521739130435,0.490196078431,0.416666666667,0.541666666667,0.46875,0.5625,0.458333333333,0.5,0.62,0.571428571429,0.490196078431,0.591836734694,0.644444444444,0.586956521739,0.480769230769,0.521739130435,0.377777777778,0.367346938776,0.451612903226,0.450980392157,0.347826086957,0.450980392157,0.481481481481,0.45,0.549019607843,0.489361702128,0.520833333333,0.404255319149,0.320754716981,0.6,0.540540540541,0.46,0.490196078431,0.5,0.46875,0.477611940299,0.491228070175,0.409836065574,0.43137254902,0.484848484848,0.527777777778,0.583333333333,0.585365853659,0.611111111111,0.413043478261,0.555555555556,0.446428571429,0.472222222222,0.428571428571,0.539682539683,0.444444444444,0.458333333333,0.540540540541,0.6,0.477272727273,0.561403508772,0.717948717949,0.542857142857,0.464285714286,0.636363636364,0.378378378378,0.576923076923,0.365853658537,0.565217391304,0.428571428571,0.585365853659,0.533333333333,0.433333333333,0.555555555556,0.491228070175,0.444444444444,0.48,0.551020408163,0.549019607843,0.531914893617,0.486486486486,0.525,0.531914893617,0.575757575758,0.545454545455,0.470588235294,0.516129032258,0.59375,0.413793103448,0.5,0.457142857143,0.522727272727,0.527272727273,0.393939393939,0.458333333333,0.470588235294,0.418604651163,0.473684210526,0.555555555556,0.573770491803,0.445945945946,0.385964912281,0.511111111111,0.538461538462,0.510204081633,0.6,0.433333333333,0.586206896552,0.535714285714,0.4,0.512820512821,0.457142857143,0.515151515152,0.620689655172,0.483333333333,0.478260869565,0.516129032258,0.702127659574,0.555555555556,0.490909090909,0.512820512821,0.430555555556,0.410256410256,0.551020408163,0.515151515152,0.619047619048,0.44,0.483333333333,0.5,0.372093023256,0.480769230769,0.581395348837,0.434782608696,0.526315789474,0.547169811321,0.574468085106,0.507936507937,0.466666666667,0.538461538462,0.666666666667,0.613636363636,0.568181818182,0.491803278689,0.477272727273,0.5,0.526315789474,0.545454545455,0.5,0.454545454545,0.5,0.473684210526,0.5,0.568965517241,0.55,0.487804878049,0.488888888889,0.509090909091,0.636363636364,0.379310344828,0.341463414634,0.405405405405,0.541666666667,0.586956521739,0.603773584906,0.508196721311,0.547169811321,0.529411764706,0.509803921569,0.454545454545,0.576271186441,0.512195121951,0.5,0.52,0.583333333333,0.468085106383,0.369565217391,0.641509433962,0.475,0.357142857143,0.534482758621,0.558139534884,0.584905660377,0.666666666667,0.5,0.527777777778,0.446153846154,0.488372093023,0.423076923077,0.439024390244,0.489795918367,0.5,0.438596491228,0.488888888889,0.448275862069,0.483870967742,0.516666666667,0.527272727273,0.487179487179,0.40350877193,0.519230769231,0.48,0.591836734694,0.567164179104,0.45,0.409090909091,0.45,0.6,0.521739130435,0.446808510638,0.58,0.352941176471,0.452380952381,0.538461538462,0.481481481481,0.459016393443,0.444444444444,0.438596491228,0.559322033898,0.5,0.372549019608,0.55737704918,0.450980392157,0.52380952381,0.557142857143,0.428571428571,0.322580645161,0.471698113208,0.468085106383,0.482142857143,0.480769230769,0.666666666667,0.657894736842,0.615384615385,0.340909090909,0.447368421053,0.470588235294,0.6,0.583333333333,0.416666666667,0.435897435897,0.65,0.553191489362,1.0,0.545454545455,0.52,0.454545454545,0.441860465116,0.465517241379,0.411764705882,0.461538461538,0.452830188679,0.473684210526,0.463414634146,0.511111111111,0.454545454545,0.533333333333,0.560975609756,0.395348837209,0.441860465116,0.588235294118,0.512195121951,0.548387096774,0.491525423729,0.558139534884,0.469387755102,0.473684210526,0.507042253521,0.568181818182,0.510638297872,0.488888888889,0.441860465116,0.590909090909,0.531914893617,0.555555555556,0.6,0.722222222222,0.517857142857,0.516129032258,0.625,0.435897435897,0.5,0.519230769231,0.485714285714,0.404761904762,0.521739130435,0.467741935484,0.444444444444,0.533333333333,0.473684210526,0.516666666667,0.553571428571,0.527272727273,0.5,0.452830188679,0.515625,0.509090909091,0.53125,0.527777777778,0.444444444444,0.466666666667,0.5,0.5625,0.388888888889,0.604651162791,0.395833333333,0.433962264151,0.567567567568,0.630434782609,0.583333333333,0.491525423729,0.547619047619,0.5,0.613636363636,0.56862745098,0.56,0.480769230769,0.53488372093,0.5,0.536585365854,0.518518518519,0.631578947368,0.457142857143,0.459459459459,0.591836734694,0.42,0.418181818182,0.589285714286,0.62,0.581395348837,0.549019607843,0.425925925926,0.527272727273,0.44,0.375,0.45652173913,0.541666666667,0.578947368421,0.633333333333,0.526315789474,0.471698113208,0.482142857143,0.533333333333,0.426229508197,0.489795918367,0.452830188679,0.471698113208,0.454545454545,0.529411764706,0.444444444444,0.542372881356,0.555555555556,0.470588235294,0.457142857143,0.475409836066,0.483870967742,0.408163265306,0.615384615385,0.358490566038,0.5,0.525,0.341463414634,0.666666666667,0.589285714286,0.551020408163,0.628571428571,0.489361702128,0.564516129032,0.551020408163,0.584905660377,0.53125,0.457627118644,0.530612244898,0.644444444444,1.0,0.6,0.469387755102,0.5,0.571428571429,0.392156862745,0.525,0.58064516129,0.567567567568,0.45652173913,0.491803278689,0.564102564103,0.608695652174,0.574468085106,0.488372093023,0.478260869565,0.326086956522,0.285714285714,0.514285714286,0.463414634146,0.342105263158,0.583333333333,0.44,0.508771929825,0.46,0.416666666667,0.487804878049,0.4375,0.583333333333,0.34,0.395833333333,0.514285714286,0.479166666667,0.390243902439,0.340909090909,0.5,0.470588235294,0.55,0.372093023256,0.509090909091,0.479166666667,0.56,0.714285714286,0.465517241379,0.508771929825,0.475,0.392857142857,0.488372093023,0.433333333333,0.441176470588,0.543859649123,0.603773584906,0.551724137931,0.583333333333,0.55,0.59649122807,0.43137254902,0.465753424658,0.452054794521,0.454545454545,0.615384615385,0.395348837209,0.264705882353,0.575,0.7,0.297297297297,0.315789473684,0.560975609756,0.310344827586,0.515151515152,0.516129032258,0.525423728814,0.351351351351,0.311111111111,0.352941176471,0.377358490566,0.450980392157,0.43137254902,0.42,0.372549019608,0.411764705882,0.45,0.538461538462,0.578947368421,0.510638297872,0.489361702128,0.533333333333,0.380952380952,0.325,0.411764705882,0.433962264151,0.472222222222,0.454545454545,0.581818181818,0.655172413793,0.557692307692,0.54,0.578947368421,0.634146341463,0.567164179104,0.65,0.363636363636,0.525423728814,0.473684210526,0.492307692308,0.525,0.509433962264,0.531914893617,0.557692307692,0.446153846154,0.590909090909,0.461538461538,0.547169811321,0.416666666667,0.34693877551,0.576923076923,0.634146341463,0.636363636364,0.326086956522,0.449275362319,0.5,0.491228070175,0.535714285714,0.463414634146,0.592592592593,0.448979591837,0.620689655172,0.324324324324,0.5,0.513513513514,0.5,0.590909090909,0.439024390244,0.666666666667,0.432432432432,0.52380952381,0.5,0.527777777778,0.581395348837,0.568181818182,0.404761904762,0.764705882353,0.576923076923,0.5625,0.755555555556,0.439024390244,0.406779661017,0.5,0.358974358974,0.568181818182,0.458333333333,0.382978723404,0.466666666667,0.446808510638,0.526315789474,0.5,0.486486486486,0.431818181818,0.457142857143,0.576923076923,0.6,0.365384615385,0.511111111111,0.54347826087,0.563636363636,0.5,0.383333333333,0.465517241379,0.615384615385,0.333333333333,0.377777777778,0.56862745098,0.52,0.454545454545,0.642857142857,0.553191489362,0.447368421053,0.390243902439,0.651162790698,0.608695652174,0.583333333333,0.487179487179,0.432432432432,0.490196078431,0.531914893617,0.4,0.469387755102,0.545454545455,0.5,0.4,0.547619047619,0.490196078431,0.551020408163,0.531914893617,0.547169811321,0.46511627907,0.555555555556,0.536585365854,0.56862745098,0.46511627907,0.447368421053,0.433962264151,0.552631578947,0.578947368421,0.66,0.409090909091,0.431034482759,0.514285714286,0.604651162791,0.827586206897,0.590163934426,0.530612244898,0.63829787234,0.422222222222,0.5,0.588235294118,0.5,0.547169811321,0.390243902439,0.404761904762,0.594594594595,0.578947368421,0.575,0.536585365854,0.576271186441,0.457627118644,0.375,0.348837209302,0.4,0.365853658537,0.487804878049,0.439024390244,0.421052631579,0.428571428571,0.485714285714,0.458333333333,0.48,0.481481481481,0.508196721311,0.5,0.406779661017,0.553191489362,0.592592592593,0.63829787234,0.365853658537,0.6,0.453125,0.423076923077,0.454545454545,0.641025641026,0.486486486486,0.5,0.538461538462,0.463414634146,0.375,0.387755102041,0.4375,0.560975609756,0.533333333333,0.511627906977,0.551724137931,0.608695652174,0.571428571429,0.484848484848,0.444444444444,0.484848484848,0.511627906977,0.545454545455,0.490566037736,0.549019607843,0.391304347826,0.52380952381,0.522727272727,0.5,0.65306122449,0.678571428571,0.6,0.606060606061,0.463414634146,0.473684210526,0.477272727273,0.488372093023,0.5,0.611111111111,0.414634146341,0.636363636364,0.564102564103,0.365853658537,0.475,0.537037037037,0.545454545455,0.509433962264,0.509433962264,0.477272727273,0.463414634146,0.5,0.595238095238,0.574074074074,0.537037037037,0.471698113208,0.471698113208,0.464285714286,0.512195121951,0.519230769231,0.536585365854,0.439024390244,0.478260869565,0.428571428571,0.549019607843,0.525,0.483333333333,0.7,0.375,0.452380952381,0.452380952381,0.490196078431,0.510204081633,0.425925925926,0.436363636364,0.48,0.478260869565,0.391304347826,0.461538461538,0.471698113208,0.432432432432,0.282051282051,0.666666666667,0.673076923077,0.627450980392,0.423728813559,0.412698412698,0.526315789474,0.513513513514,0.540540540541,0.511111111111,0.45,0.411764705882,0.540540540541,0.528301886792,0.54,0.541666666667,0.407407407407,0.575757575758,0.615384615385,0.54347826087,0.581395348837,0.576271186441,0.450980392157,0.52380952381,0.535714285714,0.615384615385,0.5,0.657142857143,0.555555555556,0.484848484848,0.441176470588,0.553191489362,0.45652173913,0.434782608696,0.5,0.636363636364,0.452830188679,0.509803921569,0.775510204082,0.478260869565,0.5,0.413793103448,0.510638297872,0.5,0.555555555556,0.516129032258,0.5,0.382352941176,0.489361702128,0.524590163934,0.566666666667,0.444444444444,0.46511627907,0.378378378378,0.348837209302,0.457142857143,0.490566037736,0.555555555556,0.521739130435,0.375,0.636363636364,0.387755102041,0.482142857143,0.525423728814,0.636363636364,0.384615384615,0.344827586207,0.478260869565,0.396226415094,0.620689655172,0.610169491525,0.375,0.307692307692,0.340909090909,0.425531914894,0.5,0.551724137931,0.509433962264,0.390625,0.457627118644,0.62962962963,0.489361702128,0.471428571429,0.543859649123,0.47619047619,0.434782608696,0.520833333333,0.44,0.675,0.764705882353,0.705882352941,0.64,0.622641509434,0.471698113208,0.4,0.4,0.547619047619,0.297297297297,0.428571428571,0.434782608696,0.403846153846,0.478260869565,0.457627118644,0.481481481481,0.479166666667,0.458333333333,0.461538461538,0.441860465116,0.487804878049,0.463768115942,0.486486486486,0.482142857143,0.568181818182,0.604166666667,0.409090909091,0.522727272727,0.540983606557,0.625,0.5,0.4375,0.479166666667,0.741935483871,0.576923076923,0.571428571429,0.5625,0.555555555556,0.557692307692,0.537037037037,0.44,0.456140350877,0.567567567568,0.714285714286,0.689655172414,0.58,0.541666666667,0.426666666667,0.466666666667,0.486486486486,0.4375,0.678571428571,0.612903225806,0.625,0.541666666667,0.46511627907,0.434782608696,0.4375,0.45652173913,0.538461538462,0.510204081633,0.54347826087,0.434782608696,0.510638297872,0.428571428571,0.648648648649,0.604166666667,0.462962962963,0.448979591837,0.489361702128,0.566666666667,0.537037037037,0.604166666667,0.659090909091,0.526315789474,0.533333333333,0.487179487179,0.416666666667,0.473684210526,0.5,0.452380952381,0.551020408163,0.541666666667,0.464285714286,0.48,0.560975609756,0.522727272727,0.4375,0.533333333333,0.510204081633,0.5,0.804347826087,0.433962264151,0.555555555556,0.48,0.43137254902,0.5,0.425925925926,0.537037037037,0.613636363636,0.444444444444,0.510638297872,0.508771929825,0.54347826087,0.509803921569,0.435897435897,0.58,0.475,0.551020408163,0.55,0.5,0.634146341463,0.56,0.56,0.388888888889,0.426229508197,0.489361702128,0.510638297872,0.563636363636,0.609756097561,0.366666666667,0.606060606061,0.490566037736,0.5,0.463414634146,0.53488372093,0.438596491228,0.375,0.538461538462,0.439024390244,0.43137254902,0.444444444444,0.531914893617,0.510638297872,0.575757575758,0.5,0.390243902439,0.594594594595,0.5,0.425531914894,0.54347826087,0.563636363636,0.463414634146,0.542857142857,0.45,0.613636363636,0.54347826087,0.56,0.484848484848,0.521739130435,0.456140350877,0.478260869565,0.37037037037,0.564102564103,0.487804878049,0.487179487179,0.59649122807,0.603773584906,0.676470588235,0.571428571429,0.453125,0.368421052632,0.320754716981,0.645161290323,0.5,0.44262295082,0.415094339623,0.642857142857,0.519230769231,0.448275862069,0.589285714286,0.522388059701,0.511627906977,0.463414634146,0.545454545455,0.46875,0.509433962264,0.477272727273,0.441860465116,0.617021276596,0.509803921569,0.480769230769,0.509803921569,0.46,0.435897435897,0.4375,0.5,0.517857142857,0.418604651163,0.6,0.532258064516,0.538461538462,0.533333333333,0.485714285714,0.361111111111,0.386363636364,0.571428571429,0.533333333333,0.612244897959,0.5625,0.58064516129,0.565217391304,0.531914893617,0.511627906977,0.418181818182,0.446428571429,0.521126760563,0.425531914894,0.478260869565,0.44,0.512195121951,0.490196078431,0.448979591837,0.473684210526,0.6,0.576923076923,0.451612903226,0.517857142857,0.552631578947,0.55,0.490909090909,0.473684210526,0.510204081633,0.552631578947,0.64,0.448979591837,0.540540540541,0.553571428571,0.509803921569,0.639344262295,0.684210526316,0.547619047619,0.571428571429,0.479166666667,0.377358490566,0.421052631579,0.342857142857,0.444444444444,0.5,0.551724137931,0.542372881356,0.568181818182,0.576923076923,0.490566037736,0.471698113208,0.6,0.282608695652,0.525,0.511627906977,0.462962962963,0.642857142857,0.409090909091,0.30612244898,0.490566037736,0.47619047619,0.54,0.431818181818,0.526315789474,0.52380952381,0.489361702128,0.404761904762,0.608695652174,0.628571428571,0.34375,0.444444444444,0.552631578947,0.421052631579,0.5625,0.442307692308,0.553191489362,0.5,0.294117647059,0.441176470588,0.472727272727,0.5,0.468085106383,0.344827586207,0.620689655172,0.416666666667,0.606060606061,0.531914893617,0.5,0.647058823529,0.583333333333,0.541666666667,0.511627906977,0.365384615385,0.34693877551,0.595744680851,0.45652173913,0.425531914894,0.595744680851,0.471698113208,0.409090909091,0.471698113208,0.521739130435,0.489795918367,0.514285714286,0.45,0.46511627907,0.575,0.45652173913,0.555555555556,0.439024390244,0.394736842105,0.549019607843,0.48,0.52380952381,0.5,0.418604651163,0.625,0.605263157895,0.458333333333,0.552631578947,0.525,0.404255319149,0.571428571429,0.54347826087,0.590909090909,0.535714285714,0.5,0.3125,0.574468085106,0.490196078431,0.5,0.444444444444,0.4,0.545454545455,0.575,0.594594594595,0.528301886792,0.418604651163,0.416666666667,0.451612903226,0.458333333333,0.557692307692,0.466666666667,0.51724137931,0.5,0.5,0.480769230769,0.488888888889,0.472727272727,0.538461538462,0.46,0.404255319149,0.458333333333,0.5,0.454545454545,0.475409836066,0.450980392157,0.528301886792,0.529411764706,0.56,0.56,0.507936507937,0.490196078431,0.529411764706,0.418604651163,0.5,0.508771929825,0.508771929825,0.5,0.456140350877,0.519230769231,0.484848484848,0.697674418605,0.378378378378,0.480769230769,0.40350877193,0.473684210526,0.45652173913,0.511111111111,0.510638297872,0.512195121951,0.446808510638,0.425531914894,0.491525423729,0.5,0.479166666667,0.4,0.431818181818,0.466666666667,0.547619047619,0.552631578947,0.606557377049,0.454545454545,0.456140350877,0.690476190476,0.590909090909,0.473684210526,0.37037037037,0.435897435897,0.555555555556,0.535714285714,0.458333333333,0.464285714286,0.522727272727,0.515151515152,0.452380952381,0.538461538462,0.510638297872,0.510204081633,0.571428571429,0.627118644068,0.450980392157,0.416666666667,0.555555555556,0.560975609756,0.413043478261,0.461538461538,0.545454545455,0.454545454545,0.480769230769,0.542372881356,0.523076923077,0.5,0.412698412698,0.553191489362,0.510638297872,0.436363636364,0.507462686567,0.727272727273,0.452830188679,0.458333333333,0.47619047619,0.594594594595,0.6875,0.68085106383,0.736842105263,0.617647058824,0.533333333333,0.639344262295,0.560975609756,0.545454545455,0.489361702128,0.630434782609,0.479166666667,0.470588235294,0.489795918367,0.692307692308,0.627450980392,0.488372093023,0.4,0.4375,0.4,0.537037037037,0.446808510638,0.310344827586,0.322580645161,0.538461538462,0.5,0.468085106383,0.733333333333,0.648648648649,0.520833333333,0.403846153846,0.386363636364,0.479166666667,0.530612244898,0.40625,0.627450980392,0.577777777778,0.5,0.457627118644,0.532258064516,0.595238095238,0.5,0.358974358974,0.464285714286,0.571428571429,0.34693877551,0.527272727273,0.482142857143,0.522727272727,0.351851851852,0.4,0.571428571429,0.583333333333,0.457627118644,0.525423728814,0.35,0.5,0.642857142857,0.642857142857,0.545454545455,0.422222222222,0.43137254902,0.5,0.415094339623,0.453125,0.412698412698,0.610169491525,0.524590163934,0.404255319149,0.488372093023,0.482142857143,0.5625,0.490566037736,0.487804878049,0.470588235294,0.4,0.490909090909,0.541666666667,0.537037037037,0.491228070175,0.581395348837,0.512195121951,0.53488372093,0.545454545455,0.515625,0.543859649123,0.403846153846,0.490566037736,0.454545454545,0.413793103448,0.509090909091,0.42,0.408163265306,0.470588235294,0.472727272727,0.409090909091,0.465517241379,0.5625,0.5,0.5,0.439393939394,0.452380952381,0.458333333333,0.425925925926,0.392156862745,0.536585365854,0.465517241379,0.5,0.490196078431,0.464285714286,0.354838709677,0.421052631579,0.390243902439,0.479166666667,0.468085106383,0.466666666667,0.538461538462,0.584905660377,0.535714285714,0.440677966102,0.634615384615,0.520833333333,0.490566037736,0.623188405797,0.454545454545,0.53125,0.433962264151,0.40350877193,0.4,0.407407407407,0.410256410256,0.365853658537,0.508474576271,0.490196078431,0.510638297872,0.508474576271,0.448275862069,0.576923076923,0.509433962264,0.555555555556,0.393442622951,0.54347826087,0.511111111111,0.418604651163,0.447368421053,0.421052631579,0.444444444444,0.488372093023,0.488888888889,0.5,0.46875,0.604166666667,0.392857142857,0.395833333333,0.5,0.428571428571,0.541666666667,0.416666666667,0.577777777778,0.553191489362,0.428571428571,0.510204081633,0.491525423729,0.479166666667,0.444444444444,0.512195121951,0.469387755102,0.571428571429,0.489795918367,0.477272727273,0.528301886792,0.448275862069,0.375,0.576271186441,0.583333333333,0.595238095238,0.516129032258,0.490566037736,0.477272727273,0.508196721311,0.576923076923,0.442857142857,0.466666666667,0.459016393443,0.5,0.421052631579,0.511111111111,0.371428571429,0.466666666667,0.468085106383,0.470588235294,0.672727272727,0.444444444444,0.5,0.461538461538,0.4375,0.464285714286,0.434782608696,0.434782608696,0.511111111111,0.452830188679,0.608695652174,0.642857142857,0.634615384615,0.52,0.545454545455,0.388888888889,0.527777777778,0.545454545455,0.508771929825,0.5,0.517857142857,0.541666666667,0.483870967742,0.371428571429,0.5,0.510638297872,0.461538461538,0.409090909091,0.46875,0.545454545455,0.583333333333,0.568181818182,0.591836734694,0.377777777778,0.607843137255,0.456140350877,0.444444444444,0.584905660377,0.384615384615,0.428571428571,0.540540540541,0.488372093023,0.569230769231,0.490909090909,0.517857142857,0.595744680851,0.571428571429,0.5625,0.478260869565,0.466666666667,0.559322033898,0.413043478261,0.446808510638,0.468085106383,0.404255319149,0.489795918367,0.414634146341,0.386363636364,0.484375,0.469696969697,0.431034482759,0.436363636364,0.444444444444,0.5,0.491803278689,0.452830188679,0.583333333333,0.442307692308,0.594594594595,0.507462686567,0.5,0.458333333333,0.545454545455,0.551020408163,0.5,0.533333333333,0.5,0.56,0.589285714286,0.422222222222,0.545454545455,0.365384615385,0.607843137255,0.411764705882,0.464788732394,0.533333333333,0.560975609756,0.647058823529,0.76,0.688888888889,0.524590163934,0.491228070175,0.406779661017,0.56862745098,0.553191489362,0.852941176471,0.55737704918,0.543859649123,0.62962962963,0.5625,0.456140350877,0.470588235294,0.46,0.511627906977,0.481481481481,0.510204081633,0.358490566038,0.407407407407,0.478260869565,0.549019607843,0.461538461538,0.563636363636,0.4,0.538461538462,0.53488372093,0.53488372093,0.47619047619,0.4,0.59375,0.631578947368,0.512195121951,0.633333333333,0.522727272727,0.409090909091,0.571428571429,0.621621621622,0.428571428571,0.509090909091,0.48,0.512195121951,0.464285714286,0.450980392157,0.488888888889,0.666666666667,0.36,0.577777777778,0.549019607843,0.642857142857,0.5,0.409090909091,0.52,0.622222222222,0.564102564103,0.516666666667,0.548387096774,0.435897435897,0.513513513514,0.549019607843,0.518518518519,0.438596491228,0.564102564103,0.583333333333,0.611111111111,0.578947368421,0.5,0.384615384615,0.616666666667,0.593220338983,0.569230769231,0.436363636364,0.407407407407,0.395833333333,0.458333333333,0.375,0.413043478261,0.491803278689,0.315789473684,0.566037735849,0.527272727273,0.481481481481,0.512820512821,0.478260869565,0.536585365854,0.415094339623,0.411764705882,0.462962962963,0.627906976744,0.588235294118,0.475,0.486486486486,0.529411764706,0.5,0.622950819672,0.481481481481,0.588235294118,0.585365853659,0.461538461538,0.4375,0.452380952381,0.628571428571,0.527777777778,0.571428571429,0.428571428571,0.563636363636,0.542857142857,0.47619047619,0.450980392157,0.566037735849,0.486486486486,0.489361702128,0.549019607843,0.4,0.525,0.4375,0.542372881356,0.425531914894,0.428571428571,0.586206896552,0.571428571429,0.46875,0.621621621622,0.627450980392,0.487804878049,0.59375,0.529411764706,0.472727272727,0.632653061224,0.510204081633,0.422222222222,0.490909090909,0.470588235294,0.510638297872,0.58,0.384615384615,0.462962962963,0.565217391304,0.53488372093,0.612244897959,0.465517241379,0.5,0.52,0.509803921569,0.5,0.634615384615,0.652173913043,0.571428571429,0.458333333333,0.521739130435,0.622222222222,0.384615384615,0.396226415094,0.612244897959,0.645833333333,0.545454545455,0.575,0.463414634146,0.473684210526,0.5,0.541666666667,0.365079365079,0.423076923077,0.652173913043,0.410714285714,0.462962962963,0.553571428571,0.5,0.590163934426,0.551724137931,0.511111111111,0.533333333333,0.409090909091,0.447368421053,0.577777777778,0.512820512821,0.5,0.492063492063,0.46,0.520833333333,0.519230769231,0.54,0.543859649123,0.473684210526,0.352941176471,0.369565217391,0.604166666667,0.541666666667,0.436363636364,0.34375,0.442307692308,0.395348837209,0.5,0.444444444444,0.6,0.396551724138,0.56862745098,0.596153846154,0.510638297872,0.740740740741,0.577777777778,0.510204081633,0.441860465116,0.370967741935,0.472727272727,0.462962962963,0.590909090909,0.596153846154,0.450980392157,0.524590163934,0.527272727273,0.446428571429,0.44262295082,0.519230769231,0.528301886792,0.568181818182,0.5,0.563636363636,0.6,0.469387755102,0.438596491228,0.446428571429,0.5,0.48,0.48275862069,0.508474576271,0.491525423729,0.573770491803,0.54,0.541666666667,0.541666666667,0.44,0.396825396825,0.492063492063,0.493333333333,0.468085106383,0.56862745098,0.541666666667,0.473684210526,0.566037735849,0.47619047619,0.629032258065,0.423076923077,0.510638297872,0.579710144928,0.56862745098,0.441860465116,0.452380952381,0.490566037736,0.382978723404,0.5,0.607843137255,0.588235294118,0.461538461538,0.593220338983,0.490909090909,0.472727272727,0.472727272727,0.464788732394,0.418181818182,0.5,0.7,0.446428571429,0.436363636364,0.466666666667,0.277777777778,0.75,0.509433962264,0.412698412698,0.515625,0.552631578947,0.631578947368,0.475,0.409836065574,0.491803278689,0.583333333333,0.466666666667,0.596774193548,0.558823529412,0.48275862069,0.446428571429,0.52,0.48,0.538461538462,0.466666666667,0.545454545455,0.408163265306,0.450980392157,0.566037735849,0.468085106383,0.471698113208,0.521739130435,0.476923076923,0.463414634146,0.5,0.491525423729,0.471698113208,0.448275862069,0.448979591837,0.488888888889,0.388888888889,0.535714285714,0.381818181818,0.416666666667,0.46875,0.6,0.36170212766,0.38,0.5,0.492063492063,0.534482758621,0.509433962264,0.452830188679,0.518518518519,0.543859649123,0.5,0.525423728814,0.476923076923,0.56,0.489795918367,0.641509433962,0.4,0.529411764706,0.516129032258,0.446428571429,0.431818181818,0.393442622951,0.553191489362,0.578947368421,0.372549019608,0.446153846154,0.44,0.678571428571,0.595744680851,0.541666666667,0.425925925926,0.452380952381,0.454545454545,0.545454545455,0.52380952381,0.375,0.530612244898,0.45,0.434782608696,0.470588235294,0.518518518519,0.547169811321,0.4,0.345454545455,0.528301886792,0.577777777778,0.682926829268,0.52,0.473684210526,0.525423728814,0.451612903226,0.431034482759,0.442307692308,0.479452054795,0.403846153846,0.360655737705,0.47619047619,0.557692307692,0.461538461538,0.32,0.5,0.36170212766,0.439024390244,0.622222222222,0.486111111111,0.52380952381,0.4375,0.454545454545,0.512195121951,0.363636363636,0.426229508197,0.442307692308,0.46875,0.551020408163,0.4,0.568181818182,0.618181818182,0.607142857143,0.460317460317,0.566666666667,0.54,0.574468085106,0.632653061224,0.553191489362,0.627450980392,0.595744680851,0.473684210526,0.571428571429,0.466666666667,0.469387755102,0.469387755102,0.530612244898,0.538461538462,0.480769230769,0.446428571429,0.520833333333,0.558139534884,0.5,0.446428571429,0.546875,0.542372881356,0.468085106383,0.481481481481,0.490566037736,0.533333333333,0.54347826087,0.538461538462,0.54,0.567567567568,0.433333333333,0.521739130435,0.408163265306,0.6,0.519230769231,0.540983606557,0.532258064516,0.526315789474,0.612244897959,0.469387755102,0.363636363636,0.425925925926,0.450980392157,0.555555555556,0.435897435897,0.454545454545,0.454545454545,0.483333333333,0.565217391304,0.618181818182,0.511627906977,0.54347826087,0.511627906977,0.446153846154,0.4,0.581395348837,0.530612244898,0.508771929825,0.472727272727,0.58,0.547169811321,0.41935483871,0.5,0.577777777778,0.533333333333,0.488888888889,0.466666666667,0.471698113208,0.38,0.653846153846,0.627450980392,0.571428571429,0.584905660377,0.56862745098,0.585365853659,0.490566037736,0.45652173913,0.522727272727,0.609756097561,0.54347826087,0.585365853659,0.487179487179,0.436363636364,0.317073170732,0.42,0.363636363636,0.540540540541,0.577777777778,0.431818181818,0.549019607843,0.630434782609,0.613636363636,0.458333333333,0.418604651163,0.5,0.5625,0.545454545455,0.655172413793,0.702127659574,0.510204081633,0.774193548387,0.69387755102,0.823529411765,0.685714285714,0.767441860465,0.744186046512,0.705882352941,0.657142857143,0.560975609756,0.478260869565,0.431818181818,0.404255319149,0.4,0.519230769231,0.423076923077,0.491228070175,0.461538461538,0.676470588235,0.403846153846,0.488888888889,0.395833333333,0.38,0.56,0.405405405405,0.488888888889,0.481481481481,0.559322033898,0.591836734694,0.418604651163,0.5,0.511627906977,0.404761904762,0.490909090909,0.576923076923,0.783783783784,0.783783783784,0.527777777778,0.510638297872,0.528301886792,0.5,0.452380952381,0.434782608696,0.463414634146,0.396825396825,0.450980392157,0.583333333333,0.433962264151,0.515151515152,0.471698113208,0.454545454545,0.409090909091,0.509803921569,0.480769230769,0.348837209302,0.395833333333,0.516666666667,0.52380952381,0.470588235294,0.457627118644,0.5,0.5,0.528571428571,0.43137254902,0.56,0.492063492063,0.583333333333,0.48,0.391304347826,0.769230769231,0.590909090909,0.347826086957,0.470588235294,0.40350877193,0.510638297872,0.509433962264,0.512820512821,0.37037037037,0.414634146341,0.528301886792,0.471698113208,0.472727272727,0.543859649123,0.518518518519,0.45,0.511111111111,0.425531914894,0.62,0.521739130435,0.571428571429,0.606060606061,0.636363636364,0.651162790698,0.540540540541,0.538461538462,0.4,0.426470588235,0.396226415094,0.479166666667,0.666666666667,0.634615384615,0.410256410256,0.428571428571,0.529411764706,0.488888888889,0.372881355932,0.695652173913,0.538461538462,0.454545454545,0.36170212766,0.54347826087,0.477272727273,0.6,0.522727272727,0.511111111111,0.5,0.483333333333,0.52,0.469696969697,0.276595744681,0.444444444444,0.551020408163,0.547619047619,0.575,0.52,0.576923076923,0.527272727273,0.5,0.509090909091,0.566037735849,0.548387096774,0.583333333333,0.444444444444,0.434782608696,0.607843137255,0.491228070175,0.5,0.482142857143,0.40350877193,0.5,0.5,0.618181818182,0.481481481481,0.5,0.5625,0.47619047619,0.415384615385,0.396825396825,0.540983606557,0.470588235294,0.614035087719,0.521739130435,0.521739130435,0.428571428571,0.512195121951,0.638888888889,0.450980392157,0.511627906977,0.558823529412,0.52380952381,0.545454545455,0.533333333333,0.551020408163,0.596153846154,0.637931034483,0.612903225806,0.581395348837,0.590909090909,0.458333333333,0.5,0.37037037037,0.36,0.360655737705,0.452830188679,0.566666666667,0.466666666667,0.4,0.525,0.435897435897,0.44,0.472727272727,0.92,0.861111111111,0.84375,0.925925925926,0.567567567568,0.454545454545,0.558139534884,0.408163265306,0.510638297872,0.490566037736,0.46,0.434782608696,0.607142857143,0.632653061224,0.535714285714,0.477272727273,0.484375,0.47619047619,0.477611940299,0.508196721311,0.531914893617,0.521739130435,0.489361702128,0.461538461538,0.490566037736,0.564102564103,0.488888888889,0.567567567568,0.648648648649,0.588235294118,0.479166666667,0.463414634146,0.487804878049,0.488888888889,0.446428571429,0.493333333333,0.421875,0.397727272727,0.380952380952,0.509090909091,0.5625,0.4,0.529411764706,0.481481481481,0.411764705882,0.509090909091,0.614285714286,0.575,0.4,0.54,0.521739130435,0.568181818182,0.421052631579,0.435897435897,0.458333333333,0.5,0.463768115942,0.469387755102,0.484375,0.591836734694,0.5,0.5,0.530612244898,0.526315789474,0.63829787234,0.435483870968,0.473684210526,0.474576271186,0.555555555556,0.515151515152,0.47619047619,0.531914893617,0.5,0.4,0.489361702128,0.508474576271,0.65,0.526315789474,0.518518518519,0.612244897959,0.456140350877,0.53488372093,0.5625,0.483870967742,0.532258064516,0.583333333333,0.458333333333,0.428571428571,0.411764705882,0.615384615385,0.63829787234,0.520833333333,0.444444444444,0.5,0.6,0.557692307692,0.524590163934,0.608695652174,0.636363636364,0.439024390244,0.531914893617,0.433962264151,0.461538461538,0.555555555556,0.428571428571,0.413043478261,0.47619047619,0.4,0.418181818182,0.448275862069,0.473684210526,0.557692307692,0.363636363636,0.53125,0.54347826087,0.518518518519,0.525423728814,0.535714285714,0.545454545455,0.438596491228,0.423076923077,0.473684210526,0.529411764706,0.563636363636,0.483870967742,0.318181818182,0.432835820896,0.478260869565,0.5,0.441860465116,0.543859649123,0.557692307692,0.617021276596,0.568181818182,0.545454545455,0.477272727273,0.56862745098,0.372093023256,0.509803921569,0.465517241379,0.410256410256,0.484375,0.547169811321,0.566666666667,0.393442622951,0.508196721311,0.48275862069,0.5,0.4375,0.466666666667,0.571428571429,0.659090909091,0.6,0.345454545455,0.441176470588,0.458333333333,0.458333333333,0.553571428571,0.555555555556,0.403846153846,0.537313432836,0.5,0.647058823529,0.526315789474,0.469387755102,0.362068965517,0.520833333333,0.588235294118,0.528301886792,0.51724137931,0.469387755102,0.5,0.439024390244,0.587301587302,0.428571428571,0.5,0.62,0.702127659574,0.478260869565,0.46511627907,0.489361702128,0.45652173913,0.52,0.513513513514,0.489795918367,0.483333333333,0.515151515152,0.527272727273,0.571428571429,0.435483870968,0.509433962264,0.423076923077,0.578947368421,0.558823529412,0.574074074074,0.542857142857,0.576271186441,0.53125,0.40350877193,0.5,0.604651162791,0.568181818182,0.533333333333,0.508474576271,0.48275862069,0.448979591837,0.439024390244,0.510638297872,0.4375,0.565217391304,0.52380952381,0.606557377049,0.5,0.442857142857,0.462962962963,0.577777777778,0.488372093023,0.5625,0.490196078431,0.611111111111,0.345454545455,0.469387755102,0.583333333333,0.657142857143,0.636363636364,0.620689655172,0.5625,0.451612903226,0.6,0.567567567568,0.510638297872,0.468085106383,0.452380952381,0.413043478261,0.507936507937,0.555555555556,0.458333333333,0.473684210526,0.475409836066,0.469387755102,0.537037037037,0.511627906977,0.511627906977,0.472222222222,0.512820512821,0.512820512821,0.488888888889,0.436363636364,0.492063492063,0.507936507937,0.462962962963,0.48,0.555555555556,0.365384615385,0.47619047619,0.44,0.5625,0.611111111111,0.558139534884,0.581818181818,0.549019607843,0.56,0.489795918367,0.508771929825,0.416666666667,0.642857142857,0.458333333333,0.534482758621,0.549019607843,0.5625,0.444444444444,0.549019607843,0.44262295082,0.492063492063,0.448979591837,0.521739130435,0.557692307692,0.431818181818,0.510638297872,0.482142857143,0.555555555556,0.509090909091,0.545454545455,0.607142857143,0.483870967742,0.480769230769,0.538461538462,0.644444444444,0.491228070175,0.444444444444,0.6,0.658536585366,0.479166666667,0.540540540541,0.466666666667,0.512195121951,0.549019607843,0.614035087719,0.560975609756,0.477272727273,0.515625,0.46511627907,0.549019607843,0.56862745098,0.549019607843,0.38,0.5,0.634615384615,0.681818181818,0.45652173913,0.545454545455,0.516129032258,0.530303030303,0.482142857143,0.423076923077,0.5,0.490196078431,0.682926829268,0.578947368421,0.488372093023,0.486486486486,0.528301886792,0.615384615385,0.55223880597,0.672131147541,0.551020408163,0.5,0.551020408163,0.58064516129,0.673076923077,0.489795918367,0.55223880597,0.313725490196,0.339285714286,0.5,0.490566037736,0.545454545455,0.448275862069,0.446428571429,0.529411764706,0.339285714286,0.382978723404,0.522727272727,0.423076923077,0.4375,0.519230769231,0.484375,0.416666666667,0.392156862745,0.466666666667,0.471698113208,0.52,0.468085106383,0.574468085106,0.527272727273,0.519230769231,0.462962962963,0.53125,0.490196078431,0.492063492063,0.551020408163,0.577777777778,0.540983606557,0.5625,0.525423728814,0.408163265306,0.571428571429,0.5,0.470588235294,0.46511627907,0.487179487179,0.458333333333,0.5,0.41935483871,0.53488372093,0.5,0.46511627907,0.379310344828,0.5625,0.56862745098,0.507936507937,0.541666666667,0.551020408163,0.631578947368,0.566666666667,0.473684210526,0.448979591837,0.446808510638,0.48,0.52,0.458333333333,0.487804878049,0.547169811321,0.490196078431,0.480769230769,0.490909090909,0.473684210526,0.490196078431,0.509433962264,0.490196078431,0.423728813559,0.396825396825,0.446428571429,0.448275862069,0.524590163934,0.630769230769,0.587301587302,0.424242424242,0.490909090909,0.625,0.512820512821,0.549019607843,0.519230769231,0.5,0.526315789474,0.5,0.471698113208,0.468085106383,0.571428571429,0.5625,0.532258064516,0.444444444444,0.488888888889,0.535714285714,0.547169811321,0.553571428571,0.582089552239,0.577464788732,0.568965517241,0.6,0.531914893617,0.452830188679,0.408163265306,0.446428571429,0.634615384615,0.553846153846,0.560606060606,0.345454545455,0.395833333333,0.608695652174,0.54,0.534482758621,0.480769230769,0.606557377049,0.543859649123,0.387096774194,0.6,0.441176470588,0.4375,0.64,0.382978723404,0.588235294118,0.603448275862,0.553191489362,0.5,0.358974358974,0.538461538462,0.528301886792,0.541666666667,0.436363636364,0.441860465116,0.478260869565,0.477272727273,0.342857142857,0.467741935484,0.541666666667,0.526315789474,0.487804878049,0.734693877551,0.526315789474,0.470588235294,0.558139534884,0.452830188679,0.384615384615,0.479166666667,0.446428571429,0.393442622951,0.392156862745,0.5,0.414634146341,0.577777777778,0.5625,0.509090909091,0.45,0.56862745098,0.574074074074,0.571428571429,0.613636363636,0.510638297872,0.571428571429,0.596153846154,0.618181818182,0.492537313433,0.527272727273,0.540983606557,0.47619047619,0.574074074074,0.666666666667,0.586206896552,0.588235294118,0.53125,0.483870967742,0.512195121951,0.59375,0.666666666667,0.657894736842,0.411764705882,0.5,0.47619047619,0.537037037037,0.516129032258,0.602941176471,0.510204081633,0.614035087719,0.576923076923,0.607843137255,0.44776119403,0.551724137931,0.605263157895,0.518518518519,0.571428571429,0.521739130435,0.5,0.471698113208,0.446808510638,0.460317460317,0.480769230769,0.362068965517,0.395833333333,0.450980392157,0.4,0.631578947368,0.441860465116,0.438596491228,0.479166666667,0.428571428571,0.446428571429,0.454545454545,0.309090909091,0.571428571429,0.451612903226,0.461538461538,0.4375,0.440677966102,0.563636363636,0.559322033898,0.426229508197,0.5,0.511111111111,0.583333333333,0.491525423729,0.545454545455,0.512820512821,0.566037735849,0.612244897959,0.5,0.563636363636,0.520833333333,0.545454545455,0.5,0.561403508772,0.438596491228,0.58,0.568965517241,0.4,0.51724137931,0.46875,0.333333333333,0.441176470588,0.468085106383,0.586956521739,0.52,0.5,0.541666666667,0.551020408163,0.585365853659,0.585365853659,0.577777777778,0.428571428571,0.369230769231,0.34,0.527272727273,0.551020408163,0.472222222222,0.423076923077,0.4,0.479166666667,0.612244897959,0.4,0.58,0.386363636364,0.627450980392,0.490909090909,0.481481481481,0.5,0.714285714286,0.537037037037,0.530303030303,0.396551724138,0.4,0.588235294118,0.5,0.462962962963,0.5,0.525,0.54,0.555555555556,0.440677966102,0.483870967742,0.6,0.471698113208,0.433962264151,0.545454545455,0.769230769231,0.390243902439,0.415384615385,0.622222222222,0.490566037736,0.52,0.413043478261,0.583333333333,0.603174603175,0.574468085106,0.48,0.42,0.426229508197,0.425925925926,0.571428571429,0.480769230769,0.509803921569,0.423076923077,0.5,0.369565217391,0.46,0.528301886792,0.480769230769,0.440677966102,0.365384615385,0.578947368421,0.392857142857,0.472222222222,0.529411764706,0.457627118644,0.464285714286,0.431818181818,0.538461538462,0.444444444444,0.4375,0.52380952381,0.452380952381,0.318181818182,0.326086956522,0.36170212766,0.490909090909,0.458333333333,0.428571428571,0.442307692308,0.537037037037,0.642857142857,0.573529411765,0.487179487179,0.542857142857,0.545454545455,0.38,0.618181818182,0.621621621622,0.5,0.557692307692,0.596153846154,0.584905660377,0.615384615385,0.607843137255,0.582089552239,0.530612244898,0.5,0.5,0.54347826087,0.509433962264,0.4,0.53488372093,0.461538461538,0.491525423729,0.415094339623,0.45652173913,0.46,0.586956521739,0.630434782609,0.475409836066,0.333333333333,0.317073170732,0.574468085106,0.517857142857,0.58064516129,0.538461538462,0.529411764706,0.433962264151,0.510204081633,0.470588235294,0.511111111111,0.609756097561,0.583333333333,0.444444444444,0.459459459459,0.450980392157,0.526315789474,0.432432432432,0.375,0.516666666667,0.466666666667,0.422222222222,0.461538461538,0.395348837209,0.478260869565,0.5,0.566037735849,0.564102564103,0.352941176471,0.440677966102,0.291666666667,0.5,0.584905660377,0.341463414634,0.489795918367,0.4,0.454545454545,0.5,0.54347826087,0.584905660377,0.509803921569,0.6,0.416666666667,0.549019607843,0.43137254902,0.452830188679,0.438596491228,0.698113207547,0.576923076923,0.5,0.5,0.545454545455,0.622641509434,0.444444444444,0.47619047619,0.568181818182,0.571428571429,0.511627906977,0.418181818182,0.403846153846,0.5,0.547169811321,0.479166666667,0.536585365854,0.484375,0.490196078431,0.573770491803,0.433962264151,0.454545454545,0.611111111111,0.466666666667,0.604166666667,0.557692307692,0.591836734694,0.605263157895,0.666666666667,0.658536585366,0.530612244898,0.489361702128,0.517857142857,0.464285714286,0.534482758621,0.608695652174,0.536585365854,0.411764705882,0.365384615385,0.53488372093,0.422222222222,0.630434782609,0.618181818182,0.641509433962,0.615384615385,0.555555555556,0.490196078431,0.478260869565,0.468085106383,0.452380952381,0.58,0.553571428571,0.526315789474,0.509090909091,0.490566037736,0.470588235294,0.695652173913,0.48,0.54347826087,0.509803921569,0.690909090909,0.5,0.38,0.517857142857,0.553571428571,0.407407407407,0.584905660377,0.589285714286,0.456140350877,0.458333333333,0.518518518519,0.684210526316,0.591836734694,0.6,0.571428571429,0.428571428571,0.425925925926,0.540540540541,0.487804878049,0.574468085106,0.59375,0.537313432836,0.471698113208,0.621621621622,0.5625,0.576923076923,0.522727272727,0.533333333333,0.479166666667,0.509433962264,0.446428571429,0.541666666667,0.5,0.489795918367,0.5,0.531914893617,0.457627118644,0.6,0.433962264151,0.547169811321,0.547169811321,0.6,0.566037735849,0.553191489362,0.436363636364,0.54347826087,0.545454545455,0.452380952381,0.428571428571,0.563636363636,0.428571428571,0.42,0.535714285714,0.492753623188,0.574074074074,0.545454545455,0.52,0.555555555556,0.441860465116,0.628571428571,0.490566037736,0.479452054795,0.447368421053,0.479166666667,0.457627118644,0.525423728814,0.555555555556,0.514285714286,0.512820512821,0.592592592593,0.5625,0.571428571429,0.6,0.461538461538,0.372093023256,0.387755102041,0.507042253521,0.515625,0.424242424242,0.416666666667,0.450980392157,0.482142857143,0.622222222222,0.625,0.604651162791,0.6,0.622950819672,0.563636363636,0.418604651163,0.472727272727,0.479166666667,0.442307692308,0.384615384615,0.59649122807,0.54347826087,0.439024390244,0.436363636364,0.51724137931,0.478873239437,0.490196078431,0.405405405405,0.486486486486,0.5,0.583333333333,0.435483870968,0.409836065574,0.5,0.432432432432,0.432432432432,0.542372881356,0.513513513514,0.526315789474,0.613636363636,0.531914893617,0.558139534884,0.51724137931,0.660377358491,0.533333333333,0.512820512821,0.533333333333,0.4,0.394736842105,0.596153846154,0.51724137931,0.47619047619,0.414634146341,0.5,0.359375,0.593220338983,0.421052631579,0.545454545455,0.490909090909,0.510638297872,0.55,0.421052631579,0.48275862069,0.468085106383,0.55,0.6,0.507936507937,0.5,0.375,0.510638297872,0.48,0.531914893617,0.565217391304,0.413043478261,0.442307692308,0.428571428571,0.428571428571,0.473684210526,0.565217391304,0.353846153846,0.58,0.5,0.444444444444,0.333333333333,0.428571428571,0.464285714286,0.590909090909,0.416666666667,0.44,0.489361702128,0.509433962264,0.538461538462,0.531914893617,0.576271186441,0.545454545455,0.583333333333,0.52,0.543859649123,0.513513513514,0.5,0.469387755102,0.538461538462,0.647058823529,0.657894736842,0.428571428571,0.468085106383,0.540983606557,0.444444444444,0.475409836066,0.510638297872,0.490196078431,0.489361702128,0.522727272727,0.575,0.5,0.510204081633,0.282608695652,0.56,0.377777777778,0.477611940299,0.489795918367,0.4375,0.45652173913,0.372549019608,0.492063492063,0.7,0.4375,0.491228070175,0.537037037037,0.493333333333,0.511111111111,0.487804878049,0.489795918367,0.571428571429,0.695652173913,0.492063492063,0.408163265306,0.5,0.446428571429,0.526315789474,0.478260869565,0.555555555556,0.469387755102,0.532258064516,0.508771929825,0.440677966102,0.509803921569,0.471698113208,0.471698113208,0.4,0.452380952381,0.384615384615,0.622641509434,0.529411764706,0.41935483871,0.385964912281,0.508771929825,0.531914893617,0.510638297872,0.491228070175,0.34693877551,0.314814814815,0.466666666667,0.395833333333,0.469387755102,0.591836734694,0.547619047619,0.392857142857,0.548387096774,0.447368421053,0.55,0.532258064516,0.508771929825,0.433962264151,0.433962264151,0.462962962963,0.551020408163,0.617021276596,0.490196078431,0.59375,0.54,0.491525423729,0.602739726027,0.438596491228,0.379310344828,0.432835820896,0.539682539683,0.553571428571,0.421875,0.550724637681,0.517857142857,0.48,0.515625,0.490566037736,0.545454545455,0.510204081633,0.448979591837,0.741935483871,0.642857142857,0.434782608696,0.6,0.488372093023,0.490566037736,0.551020408163,0.644444444444,0.452380952381,0.45652173913,0.48,0.607142857143,0.520833333333,0.463414634146,0.486486486486,0.512195121951,0.531914893617,0.509433962264,0.411764705882,0.416666666667,0.555555555556,0.408163265306,0.36170212766,0.586206896552,0.415094339623,0.634615384615,0.549295774648,0.508771929825,0.595744680851,0.641509433962,0.586956521739,0.454545454545,0.409090909091,0.525,0.574074074074,0.391304347826,0.475409836066,0.488888888889,0.52,0.595744680851,0.386363636364,0.54347826087,0.534482758621,0.490909090909,0.473684210526,0.483870967742,0.515151515152,0.392857142857,0.432432432432,0.387755102041,0.46875,0.508196721311,0.460317460317,0.492063492063,0.444444444444,0.461538461538,0.563636363636,0.479166666667,0.454545454545,0.466666666667,0.555555555556,0.368421052632,0.541666666667,0.509433962264,0.487804878049,0.595744680851,0.566666666667,0.576271186441,0.395833333333,0.617021276596,0.613636363636,0.361111111111,0.45652173913,0.481481481481,0.46511627907,0.43137254902,0.571428571429,0.314814814815,0.529411764706,0.488888888889,0.5,0.487804878049,0.478260869565,0.531914893617,0.392156862745,0.591836734694,0.477272727273,0.56862745098,0.452380952381,0.36170212766,0.620689655172,0.613636363636,0.55737704918,0.649122807018,0.534482758621,0.415094339623,0.58,0.537037037037,0.55,0.575757575758,0.561403508772,0.685185185185,0.5,0.51724137931,0.571428571429,0.519230769231,0.521739130435,0.552631578947,0.606060606061,0.536231884058,0.484848484848,0.606060606061,0.603174603175,0.627450980392,0.686274509804,0.627118644068,0.592592592593,0.586206896552,0.612903225806,0.509433962264,0.509090909091,0.448275862069,0.457627118644,0.421052631579,0.5,0.6,0.5,0.428571428571,0.538461538462,0.408163265306,0.348837209302,0.466666666667,0.507692307692,0.608695652174,0.48,0.6,0.606060606061,0.392857142857,0.489795918367,0.588235294118,0.557692307692,0.529411764706,0.47619047619,0.488372093023,0.627906976744,0.482142857143,0.578125,0.450980392157,0.478260869565,0.510204081633,0.488888888889,0.468085106383,0.469387755102,0.528301886792,0.434782608696,0.458333333333,0.345454545455,0.310344827586,0.530303030303,0.372549019608,0.518518518519,0.341463414634,0.375,0.595238095238,0.526315789474,0.547169811321,0.553191489362,0.547169811321,0.521739130435,0.428571428571,0.470588235294,0.426229508197,0.291666666667,0.538461538462,0.536231884058,0.5,0.392156862745,0.378787878788,0.441860465116,0.473684210526,0.338235294118,0.430769230769,0.474576271186,0.491525423729,0.56,0.489361702128,0.428571428571,0.563636363636,0.4,0.511111111111,0.468085106383,0.537313432836,0.559322033898,0.5,0.428571428571,0.542372881356,0.521739130435,0.428571428571,0.489795918367,0.560975609756,0.564102564103,0.611111111111,0.583333333333,0.511627906977,0.390243902439,0.434782608696,0.488888888889,0.433962264151,0.525,0.478260869565,0.46875,0.491525423729,0.395833333333,0.56,0.555555555556,0.446808510638,0.603174603175,0.569230769231,0.509433962264,0.547169811321,0.520833333333,0.428571428571,0.405405405405,0.466666666667,0.418181818182,0.541666666667,0.586956521739,0.438596491228,0.441860465116,0.509433962264,0.478260869565,0.5,0.550724637681,0.568965517241,0.5,0.616666666667,0.589285714286,0.438596491228,0.574074074074,0.385964912281,0.56862745098,0.571428571429,0.621621621622,0.425925925926,0.6,0.522727272727,0.54,0.541666666667,0.54,0.483333333333,0.5625,0.428571428571,0.411764705882,0.525423728814,0.435483870968,0.6,0.392857142857,0.630434782609,0.508196721311,0.462962962963,0.522727272727,0.510638297872,0.4,0.452380952381,0.512195121951,0.444444444444,0.589285714286,0.454545454545,0.48275862069,0.467741935484,0.509433962264,0.477272727273,0.489361702128,0.477611940299,0.472222222222,0.48275862069,0.596153846154,0.536231884058,0.657894736842,0.518518518519,0.45,0.488372093023,0.588235294118,0.575757575758,0.466666666667,0.471698113208,0.566037735849,0.492307692308,0.576271186441,0.44,0.473684210526,0.415094339623,0.5,0.470588235294,0.461538461538,0.588235294118,0.5,0.38,0.448979591837,0.596153846154,0.533333333333,0.489361702128,0.444444444444,0.549019607843,0.581395348837,0.571428571429,0.473684210526,0.35,0.568965517241,0.518518518519,0.578947368421,0.590909090909,0.52380952381,0.489361702128,0.509090909091,0.514285714286,0.535714285714,0.489795918367,0.464788732394,0.543859649123,0.517857142857,0.558139534884,0.520833333333,0.461538461538,0.490196078431,0.409090909091,0.6,0.458333333333,0.555555555556,0.520833333333,0.393939393939,0.560975609756,0.6,0.448979591837,0.4,0.571428571429,0.512195121951,0.357142857143,0.5,0.448275862069,0.408163265306,0.333333333333,0.454545454545,0.44,0.5,0.418181818182,0.477611940299,0.507936507937,0.642857142857,0.491228070175,0.628571428571,0.681818181818,0.510638297872,0.606060606061,0.591836734694,0.4,0.55737704918,0.568181818182,0.564102564103,0.529411764706,0.415094339623,0.461538461538,0.55,0.526315789474,0.481481481481,0.431818181818,0.508474576271,0.542857142857,0.424242424242,0.4,0.448275862069,0.409090909091,0.466666666667,0.520833333333,0.542372881356,0.568181818182,0.506329113924,0.5,0.581395348837,0.546875,0.509090909091,0.546875,0.461538461538,0.588235294118,0.487804878049,0.627450980392,0.487179487179,0.453125,0.490566037736,0.583333333333,0.513513513514,0.474576271186,0.603773584906,0.603773584906,0.433333333333,0.5,0.470588235294,0.571428571429,0.451612903226,0.482142857143,0.456140350877,0.596153846154,0.5,0.518518518519,0.47619047619,0.461538461538,0.4,0.586956521739,0.527272727273,0.462962962963,0.5,0.558823529412,0.511627906977,0.413793103448,0.5,0.547619047619,0.35,0.568965517241,0.551724137931,0.460317460317,0.451612903226,0.379310344828,0.471698113208,0.4,0.517857142857,0.454545454545,0.604166666667,0.508474576271,0.448979591837,0.5,0.55223880597,0.510638297872,0.422222222222,0.516129032258,0.431034482759,0.657142857143,0.543859649123,0.588235294118,0.46,0.390243902439,0.5,0.463414634146,0.555555555556,0.454545454545,0.68,0.52380952381,0.470588235294,0.5,0.425531914894,0.46,0.428571428571,0.410714285714,0.625,0.551020408163,0.4,0.5,0.365384615385,0.45652173913,0.488372093023,0.540540540541,0.463414634146,0.380952380952,0.490566037736,0.43137254902,0.488888888889,0.475,0.518518518519,0.590909090909,0.469387755102,0.490566037736,0.471698113208,0.5,0.440677966102,0.583333333333,0.53488372093,0.5,0.526315789474,0.459459459459,0.617021276596,0.519230769231,0.486486486486,0.58064516129,0.536585365854,0.463414634146,0.421875,0.450980392157,0.431818181818,0.5,0.5,0.54,0.446808510638,0.474576271186,0.372549019608,0.461538461538,0.5,0.509803921569,0.462962962963,0.566037735849,0.371428571429,0.394736842105,0.527272727273,0.395348837209,0.441860465116,0.377777777778,0.435897435897,0.522727272727,0.448979591837,0.491525423729,0.418604651163,0.533333333333,0.394736842105,0.563636363636,0.411764705882,0.520833333333,0.521739130435,0.466666666667,0.636363636364,0.518518518519,0.490909090909,0.469387755102,0.525423728814,0.530612244898,0.489795918367,0.470588235294,0.439024390244,0.460317460317,0.5,0.391304347826,0.534482758621,0.46875,0.396226415094,0.469696969697,0.625,0.55737704918,0.636363636364,0.62962962963,0.568965517241,0.531914893617,0.4375,0.586956521739,0.5,0.577777777778,0.389830508475,0.5,0.6,0.46511627907,0.530612244898,0.452830188679,0.611111111111,0.607142857143,0.436363636364,0.387755102041,0.462962962963,0.537037037037,0.563636363636,0.456140350877,0.524590163934,0.442307692308,0.526315789474,0.403225806452,0.372881355932,0.421052631579,0.471698113208,0.548387096774,0.548387096774,0.548387096774,0.644444444444,0.512195121951,0.436363636364,0.461538461538,0.549019607843,0.529411764706,0.56862745098,0.509433962264,0.377777777778,0.40350877193,0.586956521739,0.489795918367,0.480769230769,0.6,0.460317460317,0.431034482759,0.509090909091,0.581395348837,0.59649122807,0.487179487179,0.448979591837,0.588235294118,0.511627906977,0.480769230769,0.465517241379,0.534482758621,0.586956521739,0.617021276596,0.711111111111,0.461538461538,0.527777777778,0.478260869565,0.481481481481,0.466666666667,0.31914893617,0.324324324324,0.428571428571,0.510204081633,0.5,0.537037037037,0.473684210526,0.5625,0.555555555556,0.553191489362,0.307692307692,0.653846153846,0.588235294118,0.576923076923,0.611111111111,0.583333333333,0.571428571429,0.625,0.627450980392,0.685185185185,0.56,0.371428571429,0.473684210526,0.683333333333,0.538461538462,0.458333333333,0.418181818182,0.452830188679,0.468085106383,0.59375,0.558139534884,0.633333333333,0.353846153846,0.464285714286,0.529411764706,0.444444444444,0.571428571429,0.410256410256,0.478260869565,0.512820512821,0.454545454545,0.465517241379,0.47619047619,0.416666666667,0.428571428571,0.532258064516,0.59649122807,0.510204081633,0.596153846154,0.63829787234,0.491803278689,0.521739130435,0.56862745098,0.625,0.537037037037,0.561643835616,0.584615384615,0.436363636364,0.595238095238,0.518518518519,0.5,0.517857142857,0.453125,0.555555555556,0.571428571429,0.483870967742,0.549019607843,0.551020408163,0.613636363636,0.396226415094,0.530612244898,0.44,0.618181818182,0.581818181818,0.392857142857,0.291666666667,0.561403508772,0.40350877193,0.471698113208,0.473684210526,0.480769230769,0.549019607843,0.586206896552,0.578947368421,0.380952380952,0.477272727273,0.368421052632,0.473684210526,0.446808510638,0.381818181818,0.54,0.444444444444,0.53488372093,0.521739130435,0.458333333333,0.444444444444,0.571428571429,0.38,0.456140350877,0.365853658537,0.621621621622,0.446808510638,0.535714285714,0.511111111111,0.380952380952,0.428571428571,0.537037037037,0.403225806452,0.5,0.522727272727,0.6,0.464285714286,0.48,0.349206349206,0.465517241379,0.564516129032,0.508474576271,0.542372881356,0.521739130435,0.566666666667,0.527777777778,0.560975609756,0.508771929825,0.5,0.421052631579,0.440677966102,0.578947368421,0.538461538462,0.722222222222,0.461538461538,0.428571428571,0.4,0.561403508772,0.541666666667,0.490566037736,0.564102564103,0.584905660377,0.510204081633,0.58,0.5,0.390243902439,0.545454545455,0.435483870968,0.415384615385,0.407407407407,0.542372881356,0.5,0.539682539683,0.458333333333,0.517857142857,0.44,0.511627906977,0.509803921569,0.6,0.43137254902,0.571428571429,0.538461538462,0.508771929825,0.629032258065,0.625,0.43137254902,0.380952380952,0.4375,0.538461538462,0.594594594595,0.452380952381,0.584905660377,0.466666666667,0.454545454545,0.605263157895,0.466666666667,0.508474576271,0.530612244898,0.525423728814,0.714285714286,0.63829787234,0.333333333333,0.45652173913,0.365853658537,0.48,0.632653061224,0.525423728814,0.5625,0.381818181818,0.611111111111,0.516666666667,0.462962962963,0.446428571429,0.54,0.568181818182,0.6875,0.521739130435,0.5,0.590909090909,0.53488372093,0.444444444444,0.418181818182,0.44262295082,0.551724137931,0.563636363636,0.441860465116,0.425,0.75,0.558139534884,0.534246575342,0.425925925926,0.545454545455,0.363636363636,0.433962264151,0.446428571429,0.577777777778,0.577777777778,0.595238095238,0.490909090909,0.473684210526,0.59375,0.578947368421,0.490566037736,0.51724137931,0.558139534884,0.509803921569,0.566666666667,0.636363636364,0.607843137255,0.509433962264,0.307692307692,0.441176470588,0.534246575342,0.577777777778,0.516666666667,0.409090909091,0.520833333333,0.574074074074,0.53125,0.450980392157,0.555555555556,0.5,0.473684210526,0.459459459459,0.407407407407,0.416666666667,0.509803921569,0.574074074074,0.516129032258,0.547619047619,0.388888888889,0.58,0.507462686567,0.48,0.575757575758,0.432835820896,0.65306122449,0.529411764706,0.470588235294,0.566037735849,0.51724137931,0.415094339623,0.469387755102,0.516666666667,0.475409836066,0.462962962963,0.459016393443,0.571428571429,0.487179487179,0.380952380952,0.642857142857,0.431818181818,0.533333333333,0.480769230769,0.608695652174,0.418181818182,0.56862745098,0.508771929825,0.385964912281,0.490566037736,0.538461538462,0.483333333333,0.666666666667,0.607142857143,0.384615384615,0.473684210526,0.517857142857,0.46,0.620689655172,0.430769230769,0.464788732394,0.528301886792,0.464285714286,0.469387755102,0.396226415094,0.537037037037,0.5,0.551724137931,0.609756097561,0.473684210526,0.522727272727,0.532258064516,0.481481481481,0.470588235294,0.425531914894,0.425925925926,0.530303030303,0.6,0.592592592593,0.5,0.410256410256,0.5625,0.471698113208,0.491228070175,0.492753623188,0.404255319149,0.289473684211,0.7,0.716666666667,0.571428571429,0.470588235294,0.585365853659,0.470588235294,0.379310344828,0.392857142857,0.537037037037,0.469387755102,0.415094339623,0.529411764706,0.460317460317,0.540983606557,0.530612244898,0.511627906977,0.408163265306,0.571428571429,0.468085106383,0.5,0.512195121951,0.414634146341,0.411764705882,0.0,1.0,0.561403508772,0.571428571429,0.516666666667,0.532258064516,0.51724137931,0.542372881356,0.491803278689,0.507042253521,0.465517241379,0.525423728814,0.5,0.571428571429,0.4375,0.464285714286,0.636363636364,0.490909090909,0.5625,0.428571428571,0.603174603175,0.462686567164,0.5,0.525423728814,0.591836734694,0.481481481481,0.365853658537,0.63829787234,0.379310344828,0.42,0.463414634146,0.593220338983,0.416666666667,0.520833333333,0.518518518519,0.322580645161,0.653846153846,0.566037735849,0.535714285714,0.441176470588,0.568181818182,0.489795918367,0.481481481481,0.6,0.466666666667,0.476923076923,0.483333333333,0.472222222222,0.521739130435,0.428571428571,0.510204081633,0.55,0.526315789474,0.471698113208,0.413043478261,0.435483870968,0.522727272727,0.490196078431,0.619047619048,0.541666666667,0.641509433962,0.46875,0.507692307692,0.525423728814,0.508474576271,0.413043478261,0.527272727273,0.480769230769,0.5,0.375,0.625,0.410256410256,0.425,0.558139534884,0.458333333333,0.647058823529,0.5,0.534482758621,0.428571428571,0.428571428571,0.45,0.625,0.490566037736,0.508474576271,0.574074074074,0.549019607843,0.457627118644,0.45,0.558139534884,0.475,0.473684210526,0.545454545455,0.436363636364,0.482142857143,0.579710144928,0.468085106383,0.469387755102,0.627450980392,0.486486486486,0.558823529412,0.522727272727,0.466666666667,0.450980392157,0.490566037736,0.506849315068,0.430769230769,0.529411764706,0.567164179104,0.4375,0.407407407407,0.596153846154,0.406779661017,0.520833333333,0.414285714286,0.522727272727,0.32,0.35593220339,0.365384615385,0.441176470588,0.576271186441,0.5,0.5625,0.5,0.459459459459,0.52380952381,0.47619047619,0.453125,0.583333333333,0.440677966102,0.527272727273,0.560975609756,0.56862745098,0.56,0.525423728814,0.428571428571,0.56338028169,0.539682539683,0.659090909091,0.490196078431,0.52,0.536585365854,0.4,0.446808510638,0.48275862069,0.509803921569,0.363636363636,0.338709677419,0.422222222222,0.563636363636,0.527272727273,0.44262295082,0.571428571429,0.56,0.464285714286,0.477272727273,0.5,0.439024390244,0.5,0.491525423729,0.5,0.479452054795,0.468085106383,0.512195121951,0.415094339623,0.604166666667,0.524590163934,0.451612903226,0.510638297872,0.469387755102,0.450980392157,0.527777777778,0.452830188679,0.537037037037,0.615384615385,0.519230769231,0.433333333333,0.538461538462,0.477272727273,0.62,0.526315789474,0.526315789474,0.447368421053,0.524590163934,0.608695652174,0.472727272727,0.472727272727,0.704545454545,0.512195121951,0.590909090909,0.446428571429,0.510204081633,0.465517241379,0.436363636364,0.431034482759,0.477611940299,0.46875,0.603448275862,0.647887323944,0.568965517241,0.5,0.5,0.577777777778,0.575,0.583333333333,0.516129032258,0.510638297872,0.553191489362,0.43137254902,0.590163934426,0.379310344828,0.619047619048,0.574074074074,0.574468085106,0.588235294118,0.574074074074,0.445945945946,0.44,0.464285714286,0.483333333333,0.535714285714,0.464285714286,0.367647058824,0.465517241379,0.482142857143,0.68085106383,0.642857142857,0.538461538462,0.444444444444,0.434782608696,0.459459459459,0.566037735849,0.666666666667,0.58064516129,0.583333333333,0.47619047619,0.490196078431,0.603773584906,0.549019607843,0.586956521739,0.6,0.479166666667,0.5,0.380952380952,0.553191489362,0.444444444444,0.525423728814,0.507042253521,0.5,0.540540540541,0.567567567568,0.484375,0.377049180328,0.365853658537,0.549019607843,0.659574468085,0.537313432836,0.436363636364,0.474576271186,0.489361702128,0.58,0.468085106383,0.452830188679,0.490196078431,0.464285714286,0.442307692308,0.434782608696,0.5,0.56862745098,0.56,0.479166666667,0.538461538462,0.5,0.684931506849,0.566666666667,0.591836734694,0.46875,0.8125,0.512195121951,0.5625,0.571428571429,0.65625,0.6,0.5,0.454545454545,0.551724137931,0.488888888889,0.487179487179,0.480769230769,0.515625,0.508771929825,0.463768115942,0.433962264151,0.466666666667,0.491525423729,0.448979591837,0.578947368421,0.485714285714,0.473684210526,0.479166666667,0.52,0.526315789474,0.472727272727,0.507462686567,0.45,0.510204081633,0.530612244898,0.516666666667,0.692307692308,0.354166666667,0.634146341463,0.5,0.686274509804,0.529411764706,0.634146341463,0.491803278689,0.557692307692,0.466666666667,0.458333333333,0.584905660377,0.446428571429,0.55737704918,0.45652173913,0.25,0.482142857143,0.466666666667,0.459016393443,0.409090909091,0.591836734694,0.492307692308,0.4,0.466666666667,0.512820512821,0.514285714286,0.387755102041,0.442307692308,0.435483870968,0.529411764706,0.511627906977,0.479166666667,0.454545454545,0.477272727273,0.48,0.52,0.584615384615,0.43137254902,0.526315789474,0.452380952381,0.47619047619,0.547619047619,0.525,0.5,0.513513513514,0.543859649123,0.446808510638,0.581818181818,0.566037735849,0.511627906977,0.606060606061,0.488372093023,0.47619047619,0.58,0.470588235294,0.489361702128,0.25,0.325,0.464285714286,0.490909090909,0.451612903226,0.533333333333,0.593220338983,0.578947368421,0.5,0.5,0.490566037736,0.444444444444,0.604166666667,0.58,0.571428571429,0.557142857143,0.468085106383,0.532258064516,0.396551724138,0.551020408163,0.581818181818,0.416666666667,0.517857142857,0.541666666667,0.547619047619,0.714285714286,0.692307692308,0.609756097561,0.520833333333,0.658536585366,0.640625,0.440677966102,0.534482758621,0.492307692308,0.439024390244,0.441860465116,0.516129032258,0.440677966102,0.434782608696,0.634615384615,0.5,0.542372881356,0.6,0.551020408163,0.452380952381,0.491525423729,0.492063492063,0.534482758621,0.52,0.47619047619,0.655172413793,0.581818181818,0.524590163934,0.5,0.484848484848,0.535714285714,0.517857142857,0.466666666667,0.441860465116,0.422222222222,0.428571428571,0.659574468085,0.666666666667,0.641791044776,0.723404255319,0.511111111111,0.5,0.470588235294,0.510638297872,0.490196078431,0.36170212766,0.363636363636,0.442307692308,0.48,0.382978723404,0.441860465116,0.483870967742,0.481481481481,0.5,0.531914893617,0.5,0.428571428571,0.571428571429,0.5,0.547169811321,0.5,0.571428571429,0.421052631579,0.5,0.586206896552,0.528301886792,0.492063492063,0.571428571429,0.606060606061,0.53488372093,0.510204081633,0.457627118644,0.526315789474,0.538461538462,0.454545454545,0.446153846154,0.428571428571,0.408163265306,0.575,0.540540540541,0.46511627907,0.489795918367,0.45652173913,0.38,0.592592592593,0.4375,0.613636363636,0.618181818182,0.354166666667,0.507936507937,0.351851851852,0.686274509804,0.64,0.518518518519,0.5,0.541666666667,0.5,0.403225806452,0.468085106383,0.658536585366,0.490566037736,0.604651162791,0.509433962264,0.52,0.475,0.521739130435,0.5,0.382978723404,0.449275362319,0.423728813559,0.555555555556,0.42,0.368421052632,0.6,0.568965517241,0.509803921569,0.469387755102,0.586956521739,0.510204081633,0.475409836066,0.566666666667,0.528301886792,0.6,0.435483870968,0.486486486486,0.690476190476,0.516666666667,0.53125,0.36,0.491525423729,0.357142857143,0.6,0.659090909091,0.380952380952,0.6,0.509433962264,0.489361702128,0.6,0.533333333333,0.45,0.477272727273,0.46511627907,0.428571428571,0.456140350877,0.416666666667,0.555555555556,0.428571428571,0.56,0.530612244898,0.530612244898,0.46511627907,0.440677966102,0.491803278689,0.552631578947,0.459459459459,0.510638297872,0.436363636364,0.560975609756,0.530612244898,0.515625,0.5,0.40625,0.587301587302,0.48,0.405405405405,0.490566037736,0.474576271186,0.617021276596,0.366666666667,0.552631578947,0.5,0.436363636364,0.518518518519,0.479166666667,0.372881355932,0.564102564103,0.565217391304,0.433962264151,0.411764705882,0.4,0.547169811321,0.450980392157,0.468085106383,0.466666666667,0.657142857143,0.377777777778,0.358974358974,0.290322580645,0.5,0.545454545455,0.423728813559,0.539682539683,0.592592592593,0.4,0.315789473684,0.690476190476,0.46511627907,0.466666666667,0.576271186441,0.463414634146,0.588235294118,0.488888888889,0.574074074074,0.571428571429,0.596153846154,0.649122807018,0.5,0.590163934426,0.584905660377,0.44262295082,0.46,0.589285714286,0.442307692308,0.516666666667,0.416666666667,0.416666666667,0.470588235294,0.52380952381,0.527777777778,0.5,0.605263157895,0.348837209302,0.56,0.414634146341,0.410256410256,0.591836734694,0.428571428571,0.480769230769,0.521739130435,0.487804878049,0.511111111111,0.461538461538,0.52380952381,0.583333333333,0.547619047619,0.433962264151,0.404255319149,0.446808510638,0.471698113208,0.390243902439,0.622222222222,0.6,0.5,0.516129032258,0.492063492063,0.532258064516,0.659574468085,0.462686567164,0.476923076923,0.514285714286,0.488372093023,0.446428571429,0.485714285714,0.558139534884,0.46511627907,0.46511627907,0.460317460317,0.490909090909,0.54,0.541666666667,0.34693877551,0.509090909091,0.588235294118,0.446428571429,0.537037037037,0.590909090909,0.568181818182,0.442307692308,0.566037735849,0.673913043478,0.588235294118,0.509803921569,0.489795918367,0.475409836066,0.563636363636,0.378378378378,0.43137254902,0.55,0.521739130435,0.520833333333,0.535714285714,0.365079365079,0.290322580645,0.490566037736,0.45,0.382352941176,0.426470588235,0.55,0.408163265306,0.466666666667,0.453125,0.435897435897,0.575,0.568181818182,0.415384615385,0.596774193548,0.545454545455,0.551724137931,0.462962962963,0.45,0.548387096774,0.395348837209,0.529411764706,0.452830188679,0.489795918367,0.467741935484,0.56,0.529411764706,0.463414634146,0.571428571429,0.54,0.6,0.439024390244,0.451612903226,0.46511627907,0.454545454545,0.586956521739,0.461538461538,0.53488372093,0.469696969697,0.521739130435,0.5,0.5,0.568181818182,0.466666666667,0.56862745098,0.416666666667,0.659090909091,0.425925925926,0.415094339623,0.55,0.528301886792,0.425531914894,0.631578947368,0.717948717949,0.489795918367,0.549019607843,0.65625,0.564516129032,0.56,0.462962962963,0.52380952381,0.615384615385,0.560975609756,0.595238095238,0.611111111111,0.58064516129,0.5,0.490196078431,0.549019607843,0.561403508772,0.46875,0.394736842105,0.395348837209,0.42,0.604166666667,0.377358490566,0.40350877193,0.614035087719,0.557692307692,0.59649122807,0.581818181818,0.44776119403,0.480769230769,0.563636363636,0.46875,0.535714285714,0.490566037736,0.630434782609,0.466666666667,0.448979591837,0.460317460317,0.561403508772,0.466666666667,0.526315789474,0.511111111111,0.54,0.511627906977,0.538461538462,0.482142857143,0.481481481481,0.463414634146,0.48275862069,0.480769230769,0.521739130435,0.488372093023,0.434782608696,0.576923076923,0.535714285714,0.490196078431,0.25,0.530303030303,0.434782608696,0.5,0.606060606061,0.379310344828,0.468085106383,0.590909090909,0.536231884058,0.53488372093,0.511627906977,0.492063492063,0.477611940299,0.492063492063,0.55737704918,0.547169811321,0.555555555556,0.584905660377,0.508196721311,0.52380952381,0.508196721311,0.537037037037,0.432835820896,0.508474576271,0.5,0.615384615385,0.410714285714,0.454545454545,0.610169491525,0.444444444444,0.478260869565,0.5,0.433962264151,0.488888888889,0.666666666667,0.552631578947,0.441176470588,0.545454545455,0.559322033898,0.510204081633,0.563636363636,0.55,0.545454545455,0.538461538462,0.623188405797,0.444444444444,0.532258064516,0.548387096774,0.571428571429,0.444444444444,0.379310344828,0.538461538462,0.609756097561,0.538461538462,0.617021276596,0.352941176471,0.390243902439,0.418604651163,0.551020408163,0.489361702128,0.448275862069,0.5,0.6,0.591836734694,0.627450980392,0.615384615385,0.614035087719,0.423728813559,0.65,0.473684210526,0.541666666667,0.4,0.578125,0.546875,0.58,0.51724137931,0.545454545455,0.462962962963,0.529411764706,0.416666666667,0.634615384615,0.436363636364,0.5,0.55,0.576923076923,0.466666666667,0.481481481481,0.444444444444,0.666666666667,0.448275862069,0.484375,0.53488372093,0.425925925926,0.46511627907,0.46511627907,0.568965517241,0.491803278689,0.574074074074,0.529411764706,0.421052631579,0.550724637681,0.454545454545,0.395833333333,0.610169491525,0.438596491228,0.490196078431,0.510638297872,0.507936507937,0.515151515152,0.588235294118,0.583333333333,0.490566037736,0.509803921569,0.6,0.574074074074,0.568181818182,0.520833333333,0.528301886792,0.548387096774,0.44262295082,0.481481481481,0.508771929825,0.6,0.606060606061,0.557692307692,0.625,0.625,0.612244897959,0.5,0.540983606557,0.538461538462,0.430769230769,0.425925925926,0.438596491228,0.533333333333,0.53488372093,0.509803921569,0.543859649123,0.541666666667,0.4,0.5,0.377358490566,0.5,0.347826086957,0.404255319149,0.414634146341,0.447368421053,0.5,0.423728813559,0.412698412698,0.411764705882,0.528301886792,0.403846153846,0.344262295082,0.462962962963,0.393939393939,0.489795918367,0.409836065574,0.477611940299,0.493150684932,0.458333333333,0.4,0.345454545455,0.526315789474,0.519230769231,0.408163265306,0.416666666667,0.528301886792,0.466666666667,0.426229508197,0.438596491228,0.415094339623,0.571428571429,0.525,0.590909090909,0.575757575758,0.558823529412,0.530612244898,0.527272727273,0.48275862069,0.510638297872,0.490566037736,0.540540540541,0.410256410256,0.452830188679,0.52,0.431034482759,0.520833333333,0.40625,0.544117647059,0.456140350877,0.507692307692,0.530612244898,0.433333333333,0.571428571429,0.625,0.507462686567,0.578947368421,0.450980392157,0.393442622951,0.55,0.51724137931,0.361111111111,0.510638297872,0.564102564103,0.44,0.38,0.361111111111,0.488372093023,0.69696969697,0.470588235294,0.46875,0.53125,0.470588235294,0.552631578947,0.510204081633,0.563636363636,0.46511627907,0.53488372093,0.545454545455,0.425925925926,0.538461538462,0.464285714286,0.569230769231,0.411764705882,0.456140350877,0.53488372093,0.538461538462,0.510638297872,0.508771929825,0.531914893617,0.473684210526,0.483870967742,0.474576271186,0.461538461538,0.518518518519,0.565217391304,0.491803278689,0.5,0.576923076923,0.5,0.441860465116,0.509433962264,0.482142857143,0.418181818182,0.444444444444,0.56,0.71186440678,0.333333333333,0.46,0.520833333333,0.440677966102,0.583333333333,0.62,0.461538461538,0.490909090909,0.551724137931,0.56862745098,0.529411764706,0.454545454545,0.533333333333,0.5,0.488888888889,0.403225806452,0.508771929825,0.54,0.54,0.393939393939,0.5,0.479166666667,0.511111111111,0.571428571429,0.55737704918,0.475,0.657142857143,0.557692307692,0.4375,0.508474576271,0.493150684932,0.48275862069,0.5625,0.461538461538,0.603773584906,0.5,0.520833333333,0.54347826087,0.5,0.409090909091,0.37037037037,0.529411764706,0.596153846154,0.465517241379,0.422222222222,0.54347826087,0.531914893617,0.521739130435,0.428571428571,0.558139534884,0.45652173913,0.448275862069,0.571428571429,0.523076923077,0.425925925926,0.509090909091,0.40350877193,0.528301886792,0.479166666667,0.647058823529,0.46,0.368421052632,0.5,0.513513513514,0.660377358491,0.519230769231,0.414285714286,0.531914893617,0.527272727273,0.5,0.5,0.411764705882,0.5,0.387755102041,0.426229508197,0.534482758621,0.585365853659,0.415094339623,0.474576271186,0.477272727273,0.518518518519,0.529411764706,0.508196721311,0.5,0.571428571429,0.5,0.517857142857,0.465517241379,0.416666666667,0.547169811321,0.441176470588,0.581395348837,0.45,0.425531914894,0.6,0.589743589744,0.471698113208,0.586206896552,0.611111111111,0.553191489362,0.583333333333,0.487179487179,0.488888888889,0.557692307692,0.576923076923,0.5,0.442307692308,0.433962264151,0.44,0.609375,0.485714285714,0.466666666667,0.375,0.604651162791,0.490566037736,0.434782608696,0.35,0.46875,0.538461538462,0.510638297872,0.484848484848,0.509090909091,0.507692307692,0.492753623188,0.540983606557,0.413793103448,0.415094339623,0.52,0.423076923077,0.645833333333,0.703703703704,0.444444444444,0.491525423729,0.546875,0.448979591837,0.43137254902,0.483333333333,0.416666666667,0.485714285714,0.527777777778,0.54,0.530612244898,0.355555555556,0.571428571429,0.452830188679,0.442307692308,0.507462686567,0.465517241379,0.46,0.514285714286,0.439024390244,0.673913043478,0.446808510638,0.551724137931,0.571428571429,0.459016393443,0.576923076923,0.5,0.525423728814,0.589285714286,0.58064516129,0.551020408163,0.477611940299,0.578947368421,0.52,0.558139534884,0.576923076923,0.535714285714,0.564102564103,0.521739130435,0.520833333333,0.551020408163,0.360655737705,0.527272727273,0.48,0.365079365079,0.611940298507,0.5,0.448979591837,0.487179487179,0.43137254902,0.5625,0.5625,0.5,0.509090909091,0.661538461538,0.555555555556,0.527777777778,0.540540540541,0.714285714286,0.431818181818,0.573770491803,0.515625,0.710526315789,0.675675675676,0.651162790698,0.622641509434,0.595238095238,0.569230769231,0.409090909091,0.543859649123,0.532258064516,0.581818181818,0.4,0.386666666667,0.528571428571,0.962962962963,0.585365853659,0.52380952381,0.5,0.454545454545,0.44,0.444444444444,0.487179487179,0.446808510638,0.47619047619,0.507692307692,0.642857142857,0.512820512821,0.5,0.5,0.475409836066,0.525423728814,0.629032258065,0.471698113208,0.564102564103,0.507936507937,0.430769230769,0.460317460317,0.560975609756,0.475,0.512820512821,0.5,0.369565217391,0.521739130435,0.641509433962,0.46,0.54347826087,0.533333333333,0.529411764706,0.454545454545,0.581395348837,0.436363636364,0.608695652174,0.48,0.515625,0.433962264151,0.52380952381,0.466666666667,0.433962264151,0.509803921569,0.441860465116,0.5,0.5,0.5,0.527272727273,0.558139534884,0.46,0.528301886792,0.530612244898,0.560975609756,0.45,0.461538461538,0.405405405405,0.491803278689,0.621621621622,0.425925925926,0.529411764706,0.460317460317,0.515625,0.717948717949,0.545454545455,0.509090909091,0.390625,0.44,0.491803278689,0.512820512821,0.428571428571,0.517857142857,0.415384615385,0.486486486486,0.375,0.5625,0.511111111111,0.528301886792,0.527272727273,0.518518518519,0.577777777778,0.487804878049,0.477272727273,0.542372881356,0.454545454545,0.446428571429,0.5,0.48275862069,0.526315789474,0.384615384615,0.388888888889,0.454545454545,0.392156862745,0.383333333333,0.433333333333,0.428571428571,0.462686567164,0.566666666667,0.574468085106,0.655172413793,0.574074074074,0.5,0.630434782609,0.489361702128,0.488372093023,0.466666666667,0.66,0.542372881356,0.426229508197,0.509433962264,0.535714285714,0.508196721311,0.471698113208,0.472727272727,0.555555555556,0.510638297872,0.395348837209,0.520833333333,0.425531914894,0.46,0.512820512821,0.333333333333,0.526315789474,0.566666666667,0.476923076923,0.485714285714,0.607142857143,0.59649122807,0.472222222222,0.607843137255,0.444444444444,0.526315789474,0.448275862069,0.444444444444,0.508474576271,0.38,0.508474576271,0.377049180328,0.45652173913,0.46875,0.534482758621,0.65,0.586206896552,0.448979591837,0.689655172414,0.538461538462,0.5,0.509090909091,0.563636363636,0.418181818182,0.472727272727,0.634146341463,0.659090909091,0.659090909091,0.52380952381,0.509803921569,0.577777777778,0.418181818182,0.587301587302,0.512820512821,0.551020408163,0.428571428571,0.622222222222,0.411764705882,0.5,0.520833333333,0.527777777778,0.382978723404,0.608108108108,0.457142857143,0.64,0.465517241379,0.415094339623,0.573770491803,0.5,0.453125,0.578947368421,0.46875,0.395833333333,0.492063492063,0.404255319149,0.5625,0.371428571429,0.59375,0.551020408163,0.450980392157,0.52380952381,0.390243902439,0.454545454545,0.542372881356,0.539682539683,0.385964912281,0.5,0.461538461538,0.616666666667,0.558139534884,0.542372881356,0.555555555556,0.595238095238,0.591836734694,0.595744680851,0.428571428571,0.488888888889,0.477272727273,0.530612244898,0.517857142857,0.45,0.471698113208,0.558139534884,0.596153846154,0.62,0.387096774194,0.490196078431,0.483870967742,0.375,0.439024390244,0.5625,0.58,0.333333333333,0.453125,0.428571428571,0.478260869565,0.487804878049,0.43661971831,0.547619047619,0.358974358974,0.361111111111,0.4,0.413043478261,0.5,0.466666666667,0.520833333333,0.461538461538,0.536585365854,0.456140350877,0.465517241379,0.534482758621,0.395833333333,0.531914893617,0.511111111111,0.53488372093,0.507936507937,0.5,0.42,0.525,0.516666666667,0.541666666667,0.583333333333,0.382978723404,0.5,0.592592592593,0.512820512821,0.46511627907,0.428571428571,0.64,0.783783783784,0.583333333333,0.789473684211,0.607142857143,0.51724137931,0.46511627907,0.371428571429,0.551724137931,0.379310344828,0.44776119403,0.604166666667,0.422222222222,0.464285714286,0.483870967742,0.444444444444,0.484375,0.466666666667,0.489795918367,0.607142857143,0.561403508772,0.5,0.340425531915,0.571428571429,0.553191489362,0.571428571429,0.645833333333,0.51724137931,0.48,0.540540540541,0.595744680851,0.473684210526,0.542372881356,0.53488372093,0.508474576271,0.520833333333,0.491228070175,0.466666666667,0.416666666667,0.536585365854,0.45652173913,0.40625,0.409090909091,0.388888888889,0.466666666667,0.487804878049,0.537037037037,0.553846153846,0.549019607843,0.7,0.5,0.551020408163,0.358974358974,0.647058823529,0.595238095238,0.487804878049,0.5,0.592592592593,0.448979591837,0.568181818182,0.533333333333,0.407407407407,0.6,0.702127659574,0.489795918367,0.511627906977,0.595744680851,0.5,0.5,0.490196078431,0.509803921569,0.464285714286,0.576271186441,0.532258064516,0.461538461538,0.528301886792,0.521739130435,0.583333333333,0.379310344828,0.491228070175,0.528301886792,0.535714285714,0.415384615385,0.491525423729,0.525,0.478260869565,0.418604651163,0.522727272727,0.596153846154,0.465517241379,0.442307692308,0.491803278689,0.470588235294,0.32,0.595238095238,0.7,0.675,0.508474576271,0.425925925926,0.571428571429,0.416666666667,0.43137254902,0.589285714286,0.414634146341,0.596153846154,0.589285714286,0.611111111111,0.6,0.470588235294,0.5,0.43137254902,0.479166666667,0.377358490566,0.578947368421,0.436363636364,0.530612244898,0.546875,0.465517241379,0.442307692308,0.368421052632,0.417910447761,0.446153846154,0.444444444444,0.404761904762,0.472222222222,0.45,0.434782608696,0.5,0.44,0.395833333333,0.619047619048,0.394736842105,0.607142857143,0.622222222222,0.428571428571,0.441176470588,0.5,0.518518518519,0.410714285714,0.583333333333,0.533333333333,0.574468085106,0.559322033898,0.516666666667,0.511111111111,0.433962264151,0.388888888889,0.409090909091,0.428571428571,0.660714285714,0.45,0.551724137931,0.428571428571,0.506493506494,0.333333333333,0.616666666667,0.25,0.615384615385,0.489361702128,0.388888888889,0.642857142857,0.527272727273,0.5,0.613636363636,0.515151515152,0.488372093023,0.47619047619,0.42,0.442307692308,0.463414634146,0.382352941176,0.509090909091,0.5,0.430769230769,0.5,0.426229508197,0.4,0.446428571429,0.551020408163,0.439024390244,0.545454545455,0.577777777778,0.430769230769,0.608695652174,0.521126760563,0.473684210526,0.395833333333,0.42,0.508771929825,0.55223880597,0.474576271186,0.452830188679,0.470588235294,0.491803278689,0.492307692308,0.681818181818,0.652173913043,0.5,0.888888888889,0.742857142857,0.581395348837,0.571428571429,0.555555555556,0.625,0.475409836066,0.52,0.418181818182,0.58064516129,0.483870967742,0.5,0.51724137931,0.5,0.541666666667,0.578125,0.444444444444,0.489361702128,0.48,0.513513513514,0.428571428571,0.456140350877,0.4375,0.583333333333,0.477272727273,0.586206896552,0.438596491228,0.622950819672,0.474576271186,0.433962264151,0.627450980392,0.450980392157,1.0,0.590163934426,0.428571428571,0.5,0.470588235294,0.509433962264,0.446428571429,0.333333333333,0.348837209302,0.5,0.659574468085,0.666666666667,0.48275862069,0.509803921569,0.522727272727,0.464285714286,0.5,0.473684210526,0.560975609756,0.428571428571,0.6,0.464285714286,0.489795918367,0.547169811321,0.452380952381,0.439024390244,0.384615384615,0.553191489362,0.42,0.519230769231,0.513513513514,0.54,0.471698113208,0.296296296296,0.560975609756,0.446808510638,0.432432432432,0.479166666667,0.508474576271,0.423728813559,0.43137254902,0.5,0.471698113208,0.475409836066,0.568181818182,0.44,0.47619047619,0.555555555556,0.51724137931,0.414634146341,0.480769230769,0.530612244898,0.521739130435,0.52,0.563636363636,0.622641509434,0.538461538462,0.571428571429,0.404761904762,0.415094339623,0.545454545455,0.411764705882,0.538461538462,0.692307692308,0.581395348837,0.488888888889,0.559322033898,0.510638297872,0.56,0.411764705882,0.539682539683,0.428571428571,0.581395348837,0.26,0.791666666667,0.707317073171,0.772727272727,0.708333333333,0.723404255319,0.653846153846,0.416666666667,0.423728813559,0.454545454545,0.463414634146,0.425,0.409090909091,0.507462686567,0.5625,0.454545454545,0.425531914894,0.507462686567,0.561643835616,0.52380952381,0.608695652174,0.524590163934,0.607843137255,0.45652173913,0.509090909091,0.511627906977,0.485294117647,0.526315789474,0.4375,0.5,0.413043478261,0.75,0.45652173913,0.451612903226,0.618181818182,0.542857142857,0.46875,0.461538461538,0.450980392157,0.540540540541,0.511627906977,0.547619047619,0.617647058824,0.821428571429,0.827586206897,0.578947368421,0.857142857143,0.76,0.573770491803,0.521739130435,0.634146341463,0.574074074074,0.911764705882,0.540540540541,0.775,0.681818181818,0.433962264151,0.682926829268,0.610169491525,0.489361702128,0.519230769231,0.644444444444,0.440677966102,0.482142857143,0.382978723404,0.418604651163,0.5,0.507042253521,0.490196078431,0.5,0.555555555556,0.478260869565,0.508771929825,0.454545454545,0.590909090909,0.511111111111,0.425531914894,0.428571428571,0.521739130435,0.64,0.464285714286,0.536585365854,0.480769230769,0.467741935484,0.475409836066,0.566037735849,0.541666666667,0.551020408163,0.454545454545,0.470588235294,0.444444444444,0.457627118644,0.458333333333,0.428571428571,0.53125,0.352941176471,0.457627118644,0.423076923077,0.483333333333,0.537037037037,0.508771929825,0.621621621622,0.537037037037,0.568181818182,0.48275862069,0.472727272727,0.48275862069,0.444444444444,0.578947368421,0.53125,0.6,0.38,0.333333333333,0.545454545455,0.574074074074,0.491525423729,0.469387755102,0.455882352941,0.490196078431,0.632653061224,0.564516129032,0.428571428571,0.383333333333,1.0,0.442307692308,0.442307692308,0.380952380952,0.5,0.535714285714,0.592592592593,0.527272727273,0.576923076923,0.709677419355,0.573529411765,0.488372093023,0.518518518519,0.555555555556,0.428571428571,0.448979591837,0.565217391304,0.380952380952,0.386363636364,0.55,0.595238095238,0.603773584906,0.516129032258,0.55,0.568181818182,0.393939393939,0.597222222222,0.410256410256,0.404255319149,0.537313432836,0.418604651163,0.452830188679,0.413043478261,0.52380952381,0.588235294118,0.441860465116,0.444444444444,0.484848484848,0.575,0.531914893617,0.448979591837,0.55,0.65306122449,0.568965517241,0.509433962264,0.622222222222,0.525423728814,0.368421052632,0.436363636364,0.485714285714,0.485714285714,1.0,0.965517241379,0.869565217391,0.863636363636,0.897435897436,0.936170212766,0.71186440678,0.56862745098,0.42,0.530612244898,0.527272727273,0.64,0.48,0.372549019608,0.56338028169,0.603448275862,0.56,0.5,0.577777777778,0.54347826087,0.571428571429,0.945454545455,0.567164179104,0.53488372093,0.45,0.606557377049,0.5,0.576923076923,0.595744680851,0.611111111111,0.4,0.450980392157,0.354166666667,0.5,0.631578947368,0.508474576271,0.428571428571,0.5,0.538461538462,0.355555555556,0.5,0.490566037736,0.583333333333,0.477272727273,0.525,0.411764705882,0.483870967742,0.461538461538,0.47619047619,0.560975609756,0.531914893617,0.48275862069,0.5,0.475,0.446808510638,0.595744680851,0.459016393443,0.44776119403,0.5,0.386363636364,0.470588235294,0.390243902439,0.395348837209,0.333333333333,0.603773584906,0.471698113208,0.525423728814,0.578125,0.5,0.444444444444,0.444444444444,0.333333333333,0.450980392157,0.466666666667,0.409090909091,0.422222222222,0.55737704918,0.565217391304,0.566666666667,0.526315789474,0.420289855072,0.65306122449,0.468085106383,0.403846153846,0.40625,0.551724137931,0.545454545455,0.36,0.392857142857,0.368421052632,0.578947368421,0.545454545455,0.40350877193,0.4,0.454545454545,0.488372093023,0.553191489362,0.484375,0.534482758621,0.47619047619,0.528301886792,0.561403508772,0.540983606557,0.479166666667,0.595238095238,0.586956521739,0.46511627907,0.510204081633,0.358490566038,0.549019607843,0.534482758621,0.484375,0.586206896552,0.557692307692,0.43661971831,0.4,0.571428571429,0.520833333333,0.533333333333,0.557692307692,0.457142857143,0.421052631579,0.404255319149,0.436363636364,0.410714285714,0.557692307692,0.583333333333,0.540983606557,0.491525423729,0.457627118644,0.461538461538,0.446428571429,0.56862745098,0.395833333333,0.682926829268,0.509090909091,0.447368421053,0.473684210526,0.428571428571,0.545454545455,0.470588235294,0.477272727273,0.44262295082,0.428571428571,0.575757575758,0.558139534884,0.530612244898,0.586206896552,0.464285714286,0.516129032258,0.589743589744,0.551020408163,0.434782608696,0.589743589744,0.555555555556,0.53488372093,0.509090909091,0.538461538462,0.593220338983,0.603773584906,0.590909090909,0.454545454545,0.395833333333,0.479166666667,0.472727272727,0.509803921569,0.48,0.492063492063,0.5,0.444444444444,0.578947368421,0.512195121951,0.490196078431,0.461538461538,0.472222222222,0.620689655172,0.46,0.51724137931,0.403225806452,0.457627118644,0.431818181818,0.5,0.469387755102,0.380952380952,0.372093023256,0.492063492063,0.508474576271,0.6,0.559322033898,0.581818181818,0.690909090909,0.450980392157,0.472727272727,0.409090909091,0.568181818182,0.509090909091,0.565217391304,0.468085106383,0.55223880597,0.5,0.518518518519,0.5,0.52,0.44,0.51724137931,0.515151515152,0.395348837209,0.568965517241,0.358974358974,0.384615384615,0.58064516129,0.44262295082,0.40350877193,0.368421052632,0.473684210526,0.425,0.65,0.516666666667,0.473684210526,0.547619047619,0.405405405405,0.55,0.547619047619,0.509433962264,0.513513513514,0.487179487179,0.640625,0.528301886792,0.54,0.365853658537,0.444444444444,0.455882352941,0.5,0.533333333333,0.379310344828,0.5,0.592592592593,0.492307692308,0.48,0.6,0.475,0.368421052632,0.565217391304,0.410256410256,0.388888888889,0.5,0.555555555556,0.5,0.5,0.508771929825,0.528301886792,0.545454545455,0.571428571429,0.4375,0.444444444444,0.627118644068,0.549019607843,0.5,0.484848484848,0.515151515152,0.545454545455,0.609375,0.509090909091,0.510204081633,0.478260869565,0.559322033898,0.52380952381,0.365853658537,0.52380952381,0.469696969697,0.533333333333,0.47619047619,0.480769230769,0.590163934426,0.535714285714,0.581818181818,0.454545454545,0.51724137931,0.448979591837,0.487804878049,0.5,0.509803921569,0.508474576271,0.422222222222,0.421052631579,0.555555555556,0.520833333333,0.578947368421,0.415094339623,0.458333333333,0.392857142857,0.4375,0.458333333333,0.571428571429,0.56,0.396226415094,0.5,0.483333333333,0.446428571429,0.490909090909,0.454545454545,0.471698113208,0.440677966102,0.464788732394,0.434782608696,0.425531914894,0.478873239437,0.485294117647,0.408163265306,0.488888888889,0.642857142857,0.425925925926,0.385964912281,0.518518518519,0.428571428571,0.422222222222,0.380952380952,0.51724137931,0.54347826087,0.575,0.461538461538,0.65,0.431818181818,0.396551724138,0.531914893617,0.555555555556,0.531914893617,0.571428571429,0.520833333333,0.52380952381,0.428571428571,0.5,0.48,0.43137254902,0.461538461538,0.489361702128,0.686274509804,0.428571428571,0.415384615385,0.542857142857,0.536585365854,0.511627906977,0.571428571429,0.292682926829,0.435897435897,0.551724137931,0.47619047619,0.477272727273,0.586956521739,0.611111111111,0.642857142857,0.409090909091,0.51724137931,0.539682539683,0.422222222222,0.490566037736,0.512195121951,0.571428571429,0.444444444444,0.416666666667,0.6,0.526315789474,0.612244897959,0.577777777778,0.452380952381,0.53125,0.5,0.595744680851,0.413793103448,0.457627118644,0.603448275862,0.6,0.489361702128,0.35,0.510638297872,0.488372093023,0.469387755102,0.533333333333,0.527272727273,0.454545454545,0.478260869565,0.432432432432,0.4375,0.522727272727,0.666666666667,0.509090909091,0.42,0.584905660377,0.622222222222,0.466666666667,0.568181818182,0.46,0.489795918367,0.42,0.6,0.591836734694,0.589285714286,0.666666666667,0.390243902439,0.521739130435,0.478260869565,0.368421052632,0.5,0.410256410256,0.511627906977,0.666666666667,0.607142857143,0.541666666667,0.5,0.477272727273,0.388888888889,0.452830188679,0.489795918367,0.4,0.767441860465,0.272727272727,0.755555555556,0.512820512821,0.428571428571,0.661290322581,0.386363636364,0.511111111111,0.609756097561,0.5,0.56862745098,0.652173913043,0.591836734694,0.377358490566,0.435897435897,0.585365853659,0.435897435897,0.403846153846,0.428571428571,0.54347826087,0.6,0.538461538462,0.487804878049,0.472727272727,0.404255319149,0.452380952381,0.47619047619,0.509803921569,0.567567567568,0.46511627907,0.433333333333,0.45652173913,0.5,0.566037735849,0.53488372093,0.529411764706,0.54,0.471698113208,0.5,0.5,0.450980392157,0.43137254902,0.418181818182,0.441860465116,0.462962962963,0.32,0.577777777778,0.631578947368,0.488888888889,0.565217391304,0.607142857143,0.517857142857,0.5,0.475,0.459016393443,0.516129032258,0.645161290323,0.842105263158,0.666666666667,0.45,0.607142857143,0.684210526316,0.461538461538,0.586206896552,0.5,0.5,0.6,0.818181818182,0.488372093023,0.511627906977,0.475,0.305555555556,0.305555555556,0.446428571429,0.529411764706,0.490196078431,0.421052631579,0.425531914894,0.548387096774,0.428571428571,0.617021276596,0.455882352941,0.520833333333,0.391304347826,0.555555555556,0.617647058824,0.4,0.533333333333,0.5625,0.611111111111,0.5625,0.489795918367,0.469387755102,0.414634146341,0.594594594595,0.529411764706,0.46875,0.38,0.5,0.428571428571,0.545454545455,0.622222222222,0.403846153846,0.46875,0.41935483871,0.463414634146,0.533333333333,0.52,0.583333333333,0.636363636364,0.452830188679,0.48275862069,0.452830188679,0.478260869565,0.547169811321,0.446808510638,0.564102564103,0.411764705882,0.515151515152,0.44,0.45,0.423728813559,0.43137254902,0.448979591837,0.489361702128,0.644444444444,0.603773584906,0.557692307692,0.511627906977,0.478260869565,0.513513513514,0.65,0.666666666667,0.530612244898,0.638888888889,0.619047619048,0.641025641026,0.512195121951,0.462962962963,0.489361702128,0.403846153846,0.4375,0.381818181818,0.515151515152,0.555555555556,0.552631578947,0.58,0.565217391304,0.547169811321,0.461538461538,0.612244897959,0.5,0.480769230769,0.379310344828,0.363636363636,0.522727272727,0.486111111111,0.508474576271,0.5,0.526315789474,0.6,0.45,0.6875,0.68085106383,0.407407407407,0.31914893617,0.444444444444,0.45,0.404761904762,0.605263157895,0.413793103448,0.457142857143,0.46875,0.46511627907,0.5,0.5,0.481481481481,0.557692307692,0.477272727273,0.458333333333,0.388888888889,0.5,0.490196078431,0.378378378378,0.425,0.512195121951,0.553191489362,0.541666666667,0.448979591837,0.617647058824,0.436363636364,0.52380952381,0.428571428571,0.426229508197,0.365384615385,0.514705882353,0.314285714286,0.5,0.44,0.490196078431,0.529411764706,0.592592592593,0.469387755102,0.490196078431,0.552631578947,0.545454545455,0.620689655172,0.414634146341,0.520833333333,0.317073170732,0.479166666667,0.428571428571,0.684210526316,0.578947368421,0.615384615385,0.492957746479,0.541666666667,0.394736842105,0.571428571429,0.428571428571,0.58064516129,0.515151515152,0.4375,0.538461538462,0.622222222222,0.6,0.536585365854,0.552631578947,0.44262295082,0.565217391304,0.547619047619,0.404761904762,0.454545454545,0.55737704918,0.673076923077,0.53488372093,0.462962962963,0.514705882353,0.512195121951,0.454545454545,0.59375,0.515625,0.446153846154,0.547619047619,0.484375,0.525,0.512820512821,0.512195121951,0.5,0.545454545455,0.560606060606,0.521739130435,0.522727272727,0.5,0.46511627907,0.458333333333,0.478260869565,0.5,0.5,0.371428571429,0.565217391304,0.64,0.510638297872,0.451612903226,0.375,0.357142857143,0.574074074074,0.483870967742,0.533333333333,0.387096774194,0.392857142857,0.456140350877,0.491525423729,0.520833333333,0.585365853659,0.615384615385,0.36,0.393939393939,0.508474576271,0.584905660377,0.467741935484,0.46875,0.485714285714,0.462962962963,0.447368421053,0.609756097561,0.470588235294,0.425,0.682926829268,0.675675675676,0.421052631579,0.44,0.422222222222,0.464285714286,0.518518518519,0.538461538462,0.512195121951,0.475409836066,0.541666666667,0.489361702128,0.659574468085,0.5,0.352941176471,0.42,0.529411764706,0.4,0.423076923077,0.285714285714,0.433962264151,0.439393939394,0.520833333333,0.46511627907,0.454545454545,0.354166666667,0.5,0.45,0.607142857143,0.5,0.347826086957,0.558139534884,0.5,0.547619047619,0.538461538462,0.582089552239,0.478260869565,0.471698113208,0.452380952381,0.5,0.541666666667,0.404255319149,0.6,0.418918918919,0.583333333333,0.576923076923,0.106382978723,0.537037037037,0.479166666667,0.529411764706,0.583333333333,0.4,0.560975609756,0.5,0.538461538462,0.659090909091,0.65,0.6875,0.534482758621,0.6,0.568181818182,0.543859649123,0.594594594595,0.4375,0.471698113208,0.434782608696,0.340909090909,0.380952380952,0.368421052632,0.4375,0.622641509434,0.595744680851,0.53488372093,0.571428571429,0.578947368421,0.589743589744,0.513513513514,0.590909090909,0.538461538462,0.395348837209,0.490196078431,0.490196078431,0.489795918367,0.409090909091,0.386363636364,0.472727272727,0.444444444444,0.549019607843,0.533333333333,0.641025641026,0.641025641026,0.657894736842,0.638888888889,0.621621621622,0.5,0.625,0.489361702128,0.4375,0.615384615385,0.612903225806,0.4,0.473684210526,0.592592592593,0.436363636364,0.590909090909,0.517857142857,0.5,0.5,0.42,0.563636363636,0.481481481481,0.555555555556,0.47619047619,0.491228070175,0.625,0.4,0.365384615385,0.452830188679,0.422222222222,0.461538461538,0.458333333333,0.509803921569,0.467741935484,0.375,0.489795918367,0.388888888889,0.377049180328,0.428571428571,0.461538461538,0.461538461538,0.592592592593,0.537037037037,0.520833333333,0.657894736842,0.685714285714,0.583333333333,0.688888888889,0.659574468085,0.434782608696,0.5,0.487804878049,0.434782608696,0.619047619048,0.577777777778,0.512195121951,0.545454545455,0.571428571429,0.480769230769,0.489795918367,0.555555555556,0.538461538462,0.510638297872,0.46,0.489795918367,0.583333333333,0.442307692308,0.571428571429,0.538461538462,0.5,0.561403508772,0.608695652174,0.40625,0.513888888889,0.521739130435,0.457142857143,0.571428571429,0.508474576271,0.5,0.515151515152,0.545454545455,0.418604651163,0.578947368421,0.642857142857,0.645161290323,0.583333333333,0.5,0.530612244898,0.5,0.5,0.454545454545,0.53488372093,0.553191489362,0.285714285714,0.317073170732,0.375,0.510204081633,0.422222222222,0.533333333333,0.518518518519,0.414634146341,0.594594594595,0.44262295082,0.46875,0.566037735849,0.534482758621,0.431034482759,0.483333333333,0.490909090909,0.416666666667,0.655172413793,0.511111111111,0.466666666667,0.458333333333,0.415094339623,0.509090909091,0.363636363636,0.422222222222,0.4,0.540540540541,0.520833333333,0.28125,0.444444444444,0.4,0.612903225806,0.42,0.464285714286,0.603773584906,0.535714285714,0.433962264151,0.510204081633,0.52,0.484848484848,0.492537313433,0.573770491803,0.483870967742,0.528571428571,0.531914893617,0.54,0.415384615385,0.457627118644,0.490566037736,0.586956521739,0.5,0.479166666667,0.442307692308,0.460526315789,0.595238095238,0.56862745098,0.508196721311,0.521739130435,0.461538461538,0.464285714286,0.510204081633,0.561403508772,0.557692307692,0.611111111111,0.326530612245,0.65306122449,0.457142857143,0.520833333333,0.566666666667,0.507042253521,0.488888888889,0.518518518519,0.375,0.454545454545,0.526315789474,0.459459459459,0.485714285714,0.46,0.6,0.456140350877,0.612903225806,0.483870967742,0.566037735849,0.424657534247,0.448979591837,0.438596491228,0.54347826087,0.522727272727,0.435897435897,0.586956521739,0.457142857143,0.611111111111,0.510204081633,0.481481481481,0.544117647059,0.481481481481,0.514285714286,0.462686567164,0.586956521739,0.55737704918,0.469387755102,0.590163934426,0.58,0.45,0.514285714286,0.52380952381,0.48275862069,0.581818181818,0.510638297872,0.478260869565,0.452830188679,0.480769230769,0.592592592593,0.5,0.530612244898,0.557692307692,0.52380952381,0.465517241379,0.613636363636,0.565217391304,0.530612244898,0.52380952381,0.66,0.5,0.571428571429,0.789473684211,0.441860465116,0.547169811321,0.454545454545,0.47619047619,0.418604651163,0.490566037736,0.583333333333,0.45652173913,0.375,0.468085106383,0.578947368421,0.533333333333,0.48275862069,0.46511627907,0.5,0.576271186441,0.457627118644,0.439393939394,0.526315789474,0.515625,0.48275862069,0.574468085106,0.526315789474,0.545454545455,0.466666666667,0.511111111111,0.56,0.571428571429,0.54347826087,0.666666666667,0.5,0.48,0.490566037736,0.5,0.552631578947,0.530612244898,0.452380952381,0.462962962963,0.47619047619,0.54,0.56862745098,0.5,0.490196078431,0.604166666667,0.488372093023,0.53125,0.537037037037,0.558139534884,0.354166666667,0.636363636364,0.541666666667,0.46511627907,0.481481481481,0.444444444444,0.404761904762,0.4,0.520833333333,0.472727272727,0.4375,0.528301886792,0.551724137931,0.509803921569,0.490566037736,0.56,0.568181818182,0.438596491228,0.396551724138,0.491228070175,0.557692307692,0.388888888889,0.473684210526,0.394736842105,0.5,0.507936507937,0.595744680851,0.581395348837,0.660377358491,0.6,0.509090909091,0.634615384615,0.589285714286,0.510204081633,0.454545454545,0.636363636364,0.6875,0.557692307692,0.577777777778,0.613636363636,0.553571428571,0.311111111111,0.533333333333,0.629032258065,0.6,0.522727272727,0.524590163934,0.46,0.538461538462,0.466666666667,0.416666666667,0.564102564103,0.5,0.555555555556,0.422222222222,0.415094339623,0.32,0.395833333333,0.415094339623,0.450980392157,0.545454545455,0.55,0.547169811321,0.454545454545,0.3125,0.391304347826,0.342105263158,0.358974358974,0.583333333333,0.552631578947,0.540540540541,0.444444444444,0.53125,0.452380952381,0.489361702128,0.489361702128,0.46511627907,0.555555555556,0.511627906977,0.390243902439,0.396226415094,0.326923076923,0.42,0.517857142857,0.428571428571,0.425531914894,0.657142857143,0.564102564103,0.47619047619,0.512195121951,0.484848484848,0.52380952381,0.4375,0.557692307692,0.612244897959,0.45652173913,0.408163265306,0.489361702128,0.450980392157,0.442307692308,0.5625,0.565217391304,0.55,0.5,0.513513513514,0.488372093023,0.411764705882,0.482142857143,0.5,0.468085106383,0.377358490566,0.48275862069,0.508474576271,0.588235294118,0.51724137931,0.519230769231,0.470588235294,0.583333333333,0.538461538462,0.609756097561,0.540983606557,0.6,0.359375,0.438596491228,0.409090909091,0.457627118644,0.520833333333,0.8,0.880952380952,0.763636363636,0.825396825397,0.535714285714,0.490566037736,0.533333333333,0.511111111111,0.464285714286,0.537037037037,0.441860465116,0.5625,0.30303030303,0.584905660377,0.47619047619,0.560975609756,0.484375,0.5,0.4,0.545454545455,0.46,0.626865671642,0.461538461538,0.52380952381,0.5,0.351851851852,0.372093023256,0.475,0.581818181818,0.428571428571,0.405405405405,0.441860465116,0.546875,0.490196078431,0.576271186441,0.352941176471,0.658536585366,0.528301886792,0.605263157895,0.452830188679,0.454545454545,0.375,0.489361702128,0.58,0.530612244898,0.551724137931,0.5,0.589285714286,0.5,0.28,0.446808510638,0.404255319149,0.488888888889,0.405405405405,0.388888888889,0.375,0.617021276596,0.571428571429,0.53125,0.48,0.615384615385,0.46,0.604166666667,0.457627118644,0.468085106383,0.553191489362,0.551020408163,0.531914893617,0.397058823529,0.463414634146,0.409090909091,0.416666666667,0.377777777778,0.42,0.48,0.574468085106,0.586956521739,0.528301886792,0.538461538462,0.454545454545,0.490909090909,0.509090909091,0.617647058824,0.62,0.527272727273,0.470588235294,0.518518518519,0.486486486486,0.555555555556,0.5,0.488888888889,0.530612244898,0.478260869565,0.6,0.481481481481,0.535714285714,0.386363636364,0.392156862745,0.537037037037,0.509803921569,0.591836734694,0.647058823529,0.612244897959,0.384615384615,0.611111111111,0.441860465116,0.4375,0.488888888889,0.5,0.432432432432,0.5,0.388888888889,0.425,0.5,0.446153846154,0.54,0.566037735849,0.727272727273,0.472222222222,0.629032258065,0.5,0.477272727273,0.736842105263,0.622222222222,0.564102564103,0.488372093023,0.596774193548,0.416666666667,0.529411764706,0.584905660377,0.5,0.492307692308,0.541666666667,0.423076923077,0.404255319149,0.452380952381,0.454545454545,0.428571428571,0.566666666667,0.529411764706,0.519230769231,0.555555555556,0.557692307692,0.56,0.509433962264,0.461538461538,0.469387755102,0.461538461538,0.466666666667,0.479166666667,0.322033898305,0.418181818182,0.423076923077,0.604166666667,0.56,0.520833333333,0.509433962264,0.583333333333,0.550724637681,0.549019607843,0.535714285714,0.590909090909,0.629032258065,0.703125,0.64406779661,0.555555555556,0.53488372093,0.471698113208,0.485714285714,0.45652173913,0.46,0.391304347826,0.457142857143,0.459459459459,0.404255319149,0.358490566038,0.333333333333,0.416666666667,0.34,0.5,0.6,0.5,0.508771929825,0.5,0.510204081633,0.578947368421,0.5,0.540540540541,0.563636363636,0.517857142857,0.387755102041,0.547619047619,0.285714285714,0.415094339623,0.462962962963,0.421052631579,0.448979591837,0.431818181818,0.423076923077,0.52,0.463414634146,0.4375,0.380952380952,0.473684210526,0.485294117647,0.404761904762,0.553191489362,0.625,0.489361702128,0.433962264151,0.617021276596,0.611111111111,0.613636363636,0.475,0.452380952381,0.566666666667,0.483870967742,0.55,0.438596491228,0.46511627907,0.478260869565,0.369565217391,0.571428571429,0.464285714286,0.5,0.403846153846,0.551020408163,0.468085106383,0.480769230769,0.685714285714,0.474576271186,0.530612244898,0.411764705882,0.466666666667,0.524590163934,0.6,0.433962264151,0.518518518519,0.5,0.522727272727,0.528301886792,0.576271186441,0.545454545455,0.489361702128,0.444444444444,0.448275862069,0.549019607843,0.468085106383,0.5,0.461538461538,0.444444444444,0.604651162791,0.403846153846,0.411764705882,0.605263157895,0.462686567164,0.55,0.428571428571,0.518518518519,0.532258064516,0.436363636364,0.461538461538,0.644444444444,0.530612244898,0.489361702128,0.379310344828,0.592592592593,0.587301587302,0.627450980392,0.439024390244,0.542857142857,0.477272727273,0.393442622951,0.457142857143,0.464285714286,0.472727272727,0.471698113208,0.510204081633,0.440677966102,0.393939393939,0.458333333333,0.604166666667,0.64406779661,0.90625,0.585365853659,0.55737704918,0.5,0.431818181818,0.365384615385,0.404255319149,0.360655737705,0.6,0.625,0.65,0.448979591837,0.463414634146,0.557692307692,0.432432432432,0.590909090909,0.510204081633,0.534482758621,0.5,0.538461538462,0.5625,0.52380952381,0.653846153846,0.491803278689,0.45,0.5,0.46,0.590163934426,0.436363636364,0.818181818182,1.0,0.5,0.510638297872,0.440677966102,0.527027027027,0.415384615385,0.379310344828,0.529411764706,0.62962962963,0.589285714286,0.642857142857,0.42,0.510204081633,0.509090909091,0.408163265306,0.540540540541,0.68085106383,0.34693877551,0.586206896552,0.423728813559,0.407407407407,0.404255319149,0.431034482759,0.5,0.593220338983,0.557692307692,0.509090909091,0.490566037736,0.5,0.464285714286,0.551724137931,0.538461538462,0.431818181818,0.416666666667,0.56,0.612244897959,0.44,0.52,0.543859649123,0.508474576271,0.616666666667,0.534482758621,0.576923076923,0.409836065574,0.586956521739,0.519230769231,0.52,0.5,0.595744680851,0.490909090909,0.423728813559,0.491228070175,0.539682539683,0.521739130435,0.583333333333,0.53488372093,0.655737704918,0.641509433962,0.46511627907,0.413043478261,0.457142857143,0.547619047619,0.53488372093,0.563636363636,0.553571428571,0.461538461538,0.529411764706,0.581818181818,0.461538461538,0.555555555556,0.507692307692,0.528301886792,0.64406779661,0.38,0.52,0.428571428571,0.558139534884,0.508474576271,0.470588235294,0.62962962963,0.491525423729,0.394736842105,0.531914893617,0.58,0.314814814815,0.5,0.421052631579,0.5,0.545454545455,0.637931034483,0.643835616438,0.526315789474,0.418604651163,0.454545454545,0.466666666667,0.54,0.508771929825,0.632653061224,0.558139534884,0.7,0.551724137931,0.452380952381,0.564102564103,0.54,0.491525423729,0.645833333333,0.533333333333,0.520833333333,0.416666666667,0.452830188679,0.547169811321,0.456140350877,0.393442622951,0.515625,0.473684210526,0.396226415094,0.595238095238,0.571428571429,0.529411764706,0.489795918367,0.596774193548,0.538461538462,0.507936507937,0.458333333333,0.468085106383,0.412698412698,0.459016393443,0.553191489362,0.519230769231,0.51724137931,0.52,0.538461538462,0.553846153846,0.618181818182,0.509090909091,0.56,0.557692307692,0.5625,0.462962962963,0.333333333333,0.452380952381,0.441176470588,0.557692307692,0.514285714286,0.536585365854,0.407407407407,0.538461538462,0.412698412698,0.488888888889,0.652173913043,0.488888888889,0.56862745098,0.51724137931,0.509433962264,0.530612244898,0.450980392157,0.391304347826,0.457142857143,0.551724137931,0.606060606061,0.512820512821,0.487179487179,0.5,0.452830188679,0.465517241379,0.404761904762,0.519230769231,0.45,0.604651162791,0.519230769231,0.547169811321,0.510638297872,0.483870967742,0.54,0.526315789474,0.536585365854,0.628571428571,0.586956521739,0.6,0.5625,0.459016393443,0.489361702128,0.488888888889,0.526315789474,0.561403508772,0.431818181818,0.510204081633,0.459459459459,0.586956521739,0.568181818182,0.533333333333,0.46511627907,0.6,0.53488372093,0.545454545455,0.5,0.475,0.537037037037,0.509803921569,0.55,0.296296296296,0.428571428571,0.434782608696,0.529411764706,0.590163934426,0.3,0.508474576271,0.452830188679,0.566037735849,0.5,0.531914893617,0.43137254902,0.490566037736,0.622641509434,0.555555555556,0.461538461538,0.507936507937,0.517857142857,0.395348837209,0.576923076923,0.463414634146,0.4,0.425531914894,0.604651162791,0.596153846154,0.513513513514,0.489361702128,0.489361702128,0.5,0.40350877193,0.535714285714,0.45,0.472727272727,0.471698113208,0.425531914894,0.48275862069,0.582089552239,0.607142857143,0.588235294118,0.583333333333,0.531914893617,0.413793103448,0.488372093023,0.46,0.581395348837,0.666666666667,0.538461538462,0.462962962963,0.44,0.444444444444,0.428571428571,0.454545454545,0.5,0.584905660377,0.613636363636,0.434782608696,0.36170212766,0.541666666667,0.56862745098,0.555555555556,0.6,0.5625,0.418604651163,0.365384615385,0.5,0.589743589744,0.5,0.565217391304,0.527777777778,0.4,0.473684210526,0.526315789474,0.533333333333,0.5,0.491803278689,0.515625,0.651162790698,0.52380952381,0.515625,0.388888888889,0.608695652174,0.521739130435,0.362068965517,0.5,0.68085106383,0.547169811321,0.532258064516,0.516129032258,0.547619047619,0.576923076923,0.538461538462,0.471428571429,0.455882352941,0.710526315789,0.527272727273,0.464285714286,0.520833333333,0.612244897959,0.591549295775,0.563636363636,0.428571428571,0.413043478261,0.434782608696,0.522727272727,0.531914893617,0.372549019608,0.457142857143,0.533333333333,0.565217391304,0.5,0.510638297872,0.51724137931,0.571428571429,0.490909090909,0.491525423729,0.509090909091,0.576923076923,0.488372093023,0.46,0.584905660377,0.595744680851,0.509803921569,0.454545454545,0.52,0.568181818182,0.477272727273,0.421052631579,0.381818181818,0.65,0.34693877551,0.648648648649,0.44,0.451612903226,0.578947368421,0.436363636364,0.340425531915,0.5,0.555555555556,0.583333333333,0.461538461538,0.43137254902,0.489361702128,0.481481481481,0.418181818182,0.44,0.581818181818,0.5,0.447368421053,0.461538461538,0.488888888889,0.545454545455,0.454545454545,0.471698113208,0.535714285714,0.43137254902,0.4,0.416666666667,0.615384615385,0.444444444444,0.526315789474,0.472222222222,0.604166666667,0.583333333333,0.553571428571,0.536585365854,0.422222222222,0.468085106383,0.604651162791,0.53488372093,0.470588235294,0.418181818182,0.431818181818,0.372549019608,0.452830188679,0.509433962264,0.534482758621,0.415384615385,0.490196078431,0.486486486486,0.520833333333,0.462686567164,0.521739130435,0.433333333333,0.5,0.418604651163,0.488888888889,0.595744680851,0.529411764706,0.442307692308,0.468085106383,0.55737704918,0.492537313433,0.4375,0.513513513514,0.52380952381,0.516129032258,0.375,0.532258064516,0.388888888889,0.416666666667,0.491228070175,0.4,0.431818181818,0.472727272727,0.428571428571,0.448979591837,0.543859649123,0.487804878049,0.46875,0.43137254902,0.408163265306,0.541666666667,0.452380952381,0.428571428571,0.604651162791,0.410256410256,0.438596491228,0.540983606557,0.512820512821,0.472727272727,0.465517241379,0.55,0.522727272727,0.403846153846,0.549019607843,0.372093023256,0.508474576271,0.540983606557,0.551020408163,0.410714285714,0.65,0.444444444444,0.454545454545,0.545454545455,0.321428571429,0.45,0.491228070175,0.576923076923,0.511627906977,0.475409836066,0.527272727273,0.5,0.648148148148,0.45,0.425,0.610169491525,0.444444444444,0.4375,0.609756097561,0.431818181818,0.549019607843,0.6,0.490909090909,0.636363636364,0.56,0.52380952381,0.45,0.5,0.444444444444,0.487804878049,0.540540540541,0.533333333333,0.467741935484,0.589285714286,0.43137254902,0.431034482759,0.607142857143,0.628571428571,0.383561643836,0.425531914894,0.490196078431,0.423728813559,0.63829787234,0.396226415094,0.519230769231,0.466666666667,0.380952380952,0.5,0.384615384615,0.557692307692,0.564516129032,0.522727272727,0.551020408163,0.521739130435,0.588235294118,0.5,0.530612244898,0.52,0.622950819672,0.473684210526,0.555555555556,0.607142857143,0.586956521739,0.627450980392,0.445945945946,0.489361702128,0.477272727273,0.58064516129,0.541666666667,0.491228070175,0.527272727273,0.471698113208,0.511111111111,0.5,0.415094339623,0.555555555556,0.555555555556,0.507936507937,0.428571428571,0.489795918367,0.5,0.522727272727,0.413793103448,0.558139534884,0.54,0.581395348837,0.545454545455,0.55,0.481481481481,0.433333333333,0.433333333333,0.486486486486,0.478260869565,0.461538461538,0.459459459459,0.454545454545,0.532258064516,0.46,0.428571428571,0.627906976744,0.545454545455,0.458333333333,0.5,0.5,0.519230769231,0.545454545455,0.444444444444,0.467741935484,0.565217391304,0.480769230769,0.440677966102,0.586956521739,0.521739130435,0.444444444444,0.5,0.5,0.576271186441,0.396825396825,0.589743589744,0.542372881356,0.454545454545,0.564102564103,0.566037735849,0.578947368421,0.521739130435,0.422222222222,0.560606060606,0.529411764706,0.532258064516,0.454545454545,0.407407407407,0.541666666667,0.545454545455,0.41935483871,0.41935483871,0.513513513514,0.4,0.536585365854,0.538461538462,0.52380952381,0.489361702128,0.6,0.468085106383,0.520833333333,0.676470588235,0.619047619048,0.731707317073,0.333333333333,0.527777777778,0.545454545455,0.666666666667,0.474576271186,0.491525423729,0.52380952381,0.407407407407,0.438596491228,0.5,0.44,0.490196078431,0.44,0.464285714286,0.583333333333,0.489795918367,0.458333333333,0.53488372093,0.5,0.40350877193,0.489361702128,0.388888888889,0.567567567568,0.571428571429,0.510638297872,0.513513513514,0.509090909091,0.509803921569,0.5,0.5,0.509803921569,0.574074074074,0.568965517241,0.387096774194,0.55737704918,0.532258064516,0.522727272727,0.584905660377,0.63829787234,0.5,0.470588235294,0.517857142857,0.5,0.512820512821,0.526315789474,0.625,0.5,0.472222222222,0.477272727273,0.714285714286,0.491525423729,0.511627906977,0.605263157895,0.463414634146,0.45652173913,0.446808510638,0.434782608696,0.487179487179,0.526315789474,0.552631578947,0.595238095238,0.491228070175,0.520833333333,0.454545454545,0.5,0.3,0.375,0.441860465116,0.454545454545,0.529411764706,0.555555555556,0.551724137931,0.561403508772,0.642857142857,0.526315789474,0.469387755102,0.46511627907,0.528301886792,0.468085106383,0.488888888889,0.458333333333,0.382978723404,0.488888888889,0.545454545455,0.484848484848,0.487804878049,0.488372093023,0.465517241379,0.380952380952,0.41935483871,0.526315789474,0.653846153846,0.365384615385,0.478260869565,0.48275862069,0.433962264151,0.530612244898,0.440677966102,0.4,0.574468085106,0.342105263158,0.574468085106,0.391304347826,0.474576271186,0.413043478261,0.395833333333,0.4375,0.466666666667,0.571428571429,0.611940298507,0.452380952381,0.605263157895,0.283018867925,0.531914893617,0.510204081633,0.4375,0.446808510638,0.541666666667,0.648648648649,0.387096774194,0.45,0.619047619048,0.473684210526,0.454545454545,0.481481481481,0.612903225806,0.448979591837,0.625,0.645833333333,0.6,0.631578947368,0.526315789474,0.5,0.695652173913,0.611111111111,0.44,0.553571428571,0.565217391304,0.617647058824,0.617647058824,0.549019607843,0.566666666667,0.51724137931,0.507936507937,0.436363636364,0.5,0.666666666667,0.509803921569,0.446428571429,0.480769230769,0.584905660377,0.661538461538,0.615384615385,0.657142857143,0.595238095238,0.659090909091,0.652173913043,0.569230769231,0.5,0.555555555556,0.510204081633,0.428571428571,0.509803921569,0.53488372093,0.480769230769,0.560975609756,0.425,0.439024390244,0.510204081633,0.608695652174,0.551020408163,0.54,0.508474576271,0.483870967742,0.5,0.5,0.563636363636,0.520833333333,0.48,0.5,0.439024390244,0.513513513514,0.630434782609,0.525,0.675675675676,0.489361702128,0.438596491228,0.422222222222,0.564102564103,0.586956521739,0.372549019608,0.395348837209,0.566666666667,0.563636363636,0.466666666667,0.434782608696,0.4,0.396226415094,0.515625,0.527272727273,0.492063492063,0.478260869565,0.407407407407,0.375,0.512820512821,0.487804878049,0.517857142857,0.545454545455,0.535714285714,0.46875,0.575757575758,0.46,0.529411764706,0.58,0.526315789474,0.591836734694,0.552631578947,0.440677966102,0.578947368421,0.591836734694,0.507936507937,0.48275862069,0.446428571429,0.357142857143,0.363636363636,0.551020408163,0.386363636364,0.350877192982,0.5,0.47619047619,0.5,0.5,0.457142857143,0.444444444444,0.535714285714,0.532258064516,0.338983050847,0.69387755102,0.6,0.555555555556,0.571428571429,0.604166666667,0.416666666667,0.486486486486,0.634146341463,0.642857142857,0.48275862069,0.48,0.46875,0.440677966102,0.375,0.56,0.62962962963,0.563636363636,0.409090909091,0.456140350877,0.481481481481,0.325,0.368421052632,0.524590163934,0.462962962963,0.979591836735,0.760869565217,0.553571428571,0.666666666667,0.512820512821,0.578947368421,0.538461538462,0.617021276596,0.58,0.395833333333,0.657142857143,0.55,0.322580645161,0.510638297872,0.560975609756,0.450980392157,0.607843137255,0.408163265306,0.537037037037,0.530612244898,0.470588235294,0.474576271186,0.622222222222,0.571428571429,0.589743589744,0.454545454545,0.428571428571,0.560975609756,0.5,0.549019607843,0.492537313433,0.527272727273,0.509803921569,0.509803921569,0.368421052632,0.590163934426,0.533333333333,0.511627906977,0.540540540541,0.512195121951,0.452380952381,0.547619047619,0.347826086957,0.530612244898,0.586956521739,0.595744680851,0.531914893617,0.491525423729,0.592592592593,0.46875,0.492063492063,0.430769230769,0.568965517241,0.529411764706,0.653846153846,0.5625,0.340909090909,0.45652173913,0.489795918367,0.522727272727,0.459016393443,0.444444444444,0.543859649123,0.512195121951,0.456140350877,0.481481481481,0.487804878049,0.38,0.530612244898,0.527272727273,0.522727272727,0.46511627907,0.533333333333,0.666666666667,0.377777777778,0.428571428571,0.377777777778,0.450980392157,0.583333333333,0.404255319149,0.518518518519,0.551020408163,0.472222222222,0.532258064516,0.391304347826,0.52,0.448275862069,0.528301886792,0.454545454545,0.604651162791,0.604651162791,0.566037735849,0.581818181818,0.555555555556,0.555555555556,0.563636363636,0.444444444444,0.354166666667,0.518518518519,0.5625,0.565217391304,0.454545454545,0.454545454545,0.565217391304,0.542857142857,0.415384615385,0.659574468085,0.42,0.551724137931,0.492063492063,0.5,0.458333333333,0.65306122449,0.56862745098,0.511111111111,0.454545454545,0.538461538462,0.446808510638,0.607843137255,0.478260869565,0.622641509434,0.508474576271,0.56862745098,0.591836734694,0.558139534884,0.510204081633,0.411764705882,0.392156862745,0.568181818182,0.382978723404,0.489361702128,0.441176470588,0.608695652174,0.461538461538,0.538461538462,0.54347826087,0.622950819672,0.569230769231,0.490196078431,0.551724137931,0.537313432836,0.475409836066,0.557692307692,0.5,0.392156862745,0.490909090909,0.446428571429,0.471698113208,0.489361702128,0.560975609756,0.377049180328,0.425531914894,0.467741935484,0.484375,0.433333333333,0.45652173913,0.470588235294,0.530612244898,0.490909090909,0.5,0.566666666667,0.536585365854,0.425531914894,0.487804878049,0.46,0.543859649123,0.619047619048,0.5,0.446808510638,0.5625,0.394736842105,0.410256410256,0.5,0.434782608696,0.491228070175,0.608695652174,0.555555555556,0.363636363636,0.4,0.528301886792,0.416666666667,0.447368421053,0.46511627907,0.435897435897,0.333333333333,0.586206896552,0.530612244898,0.54347826087,0.52380952381,0.585365853659,0.575,0.514285714286,0.588235294118,0.526315789474,0.450980392157,0.481481481481,0.509090909091,0.441860465116,0.478260869565,0.458333333333,0.409836065574,0.462962962963,0.333333333333,0.622222222222,0.636363636364,0.583333333333,0.46,0.53488372093,0.75,0.673076923077,0.675,0.630434782609,0.483870967742,0.536585365854,0.617021276596,0.473684210526,0.566666666667,0.518518518519,0.434782608696,0.557692307692,0.462962962963,0.474576271186,0.545454545455,0.404761904762,0.642857142857,0.482142857143,0.525,0.3,0.542857142857,0.48,0.529411764706,0.428571428571,0.48,0.491803278689,0.538461538462,0.509433962264,0.511111111111,0.666666666667,0.581395348837,0.555555555556,0.538461538462,0.549019607843,0.45,0.544117647059,0.5,0.583333333333,0.590909090909,0.530612244898,0.526315789474,0.573529411765,0.5,0.490909090909,0.5,0.5,0.543859649123,0.46511627907,0.433333333333,0.511111111111,0.551020408163,0.381818181818,0.484375,0.593220338983,0.589285714286,0.471698113208,0.454545454545,0.5,0.318181818182,0.574468085106,0.40350877193,0.552631578947,0.422222222222,0.509803921569,0.571428571429,0.537037037037,0.384615384615,0.458333333333,0.584905660377,0.608695652174,0.461538461538,0.481481481481,0.469387755102,0.481481481481,0.509090909091,0.518518518519,0.489361702128,0.441860465116,0.520833333333,0.470588235294,0.68085106383,0.511111111111,0.4,0.483333333333,0.48,0.452830188679,0.578125,0.446808510638,0.53488372093,0.574074074074,0.465517241379,0.463414634146,0.479166666667,0.529411764706,0.55,0.509803921569,0.510638297872,0.59649122807,0.574074074074,0.470588235294,0.508474576271,0.454545454545,0.45652173913,0.468085106383,0.441176470588,0.584905660377,0.47619047619,0.477611940299,0.409090909091,0.555555555556,0.483333333333,0.537313432836,0.47619047619,0.5,0.454545454545,0.4,0.367346938776,0.413793103448,0.405405405405,0.509090909091,0.509090909091,0.452830188679,0.571428571429,0.5,0.483333333333,0.614035087719,0.6,0.533333333333,0.36,0.45652173913,0.472222222222,0.458333333333,0.483333333333,0.473684210526,0.5,0.42,0.595238095238,0.479452054795,0.454545454545,0.603773584906,0.611111111111,0.467741935484,0.35,0.545454545455,0.518518518519,0.489795918367,0.553191489362,0.411764705882,0.489795918367,0.464285714286,0.518518518519,0.522727272727,0.5625,0.526315789474,0.703703703704,0.7,0.555555555556,0.541666666667,0.446808510638,0.470588235294,0.457142857143,0.487804878049,0.433962264151,0.425531914894,0.485714285714,0.511627906977,0.48,0.473684210526,0.463414634146,0.421052631579,0.53125,0.468085106383,0.564102564103,0.563636363636,0.549019607843,0.585365853659,0.549019607843,0.384615384615,0.428571428571,0.487179487179,0.58,0.551020408163,0.630434782609,0.510638297872,0.548387096774,0.4375,0.4375,0.52380952381,0.393442622951,0.465517241379,0.491525423729,0.581395348837,0.5,0.65,0.471698113208,0.489795918367,0.530612244898,0.585365853659,0.488888888889,0.541666666667,0.483870967742,0.456140350877,0.58064516129,0.451612903226,0.43137254902,0.576923076923,0.446808510638,0.53125,0.522727272727,0.641025641026,0.5,0.363636363636,0.58,0.511111111111,0.574468085106,0.555555555556,0.518518518519,0.470588235294,0.43137254902,0.553191489362,0.685714285714,0.522727272727,0.472727272727,0.5,0.509090909091,0.4,0.511111111111,0.489795918367,0.5,0.558139534884,0.517857142857,0.517857142857,0.574468085106,0.297297297297,0.512820512821,0.603448275862,0.485714285714,0.645161290323,0.605263157895,0.53125,0.612244897959,0.571428571429,0.5,0.491803278689,0.558139534884,0.425925925926,0.444444444444,0.516129032258,0.555555555556,0.566037735849,0.521739130435,0.510204081633,0.596153846154,0.586206896552,0.487179487179,0.535714285714,0.625,0.512820512821,0.5,0.472727272727,0.534482758621,0.468085106383,0.488372093023,0.483870967742,0.555555555556,0.430769230769,0.434782608696,0.461538461538,0.566037735849,0.511627906977,0.466666666667,0.571428571429,0.46,0.612903225806,0.555555555556,0.56862745098,0.354166666667,0.565217391304,0.466666666667,0.522727272727,0.611111111111,0.638888888889,0.619047619048,0.5625,0.487179487179,0.620689655172,0.487179487179,0.450980392157,0.407407407407,0.584905660377,0.53488372093,0.409090909091,0.448979591837,0.477272727273,0.5,0.571428571429,0.448275862069,0.5,0.468085106383,0.47619047619,0.558139534884,0.487804878049,0.559322033898,0.531914893617,0.418604651163,0.5,0.352941176471,0.5,0.583333333333,0.510638297872,0.6,0.54347826087,0.634146341463,0.625,0.526315789474,0.5,0.348837209302,0.529411764706,0.480769230769,0.352941176471,0.457142857143,0.488888888889,0.490566037736,0.576923076923,0.518518518519,0.518518518519,0.454545454545,0.535714285714,0.575,0.425531914894,0.529411764706,0.450980392157,0.770833333333,0.48,0.444444444444,0.48,0.511111111111,0.558139534884,0.658536585366,0.54,0.526315789474,0.489795918367,0.647058823529,0.619047619048,0.666666666667,0.431818181818,0.6,0.615384615385,0.589743589744,0.720930232558,0.559322033898,0.6,0.446808510638,0.474576271186,0.446808510638,0.387755102041,0.553191489362,0.4375,0.404761904762,0.527777777778,0.666666666667,0.434782608696,0.4375,0.425531914894,0.53125,0.512820512821,0.511627906977,0.416666666667,0.5,0.444444444444,0.480769230769,0.630434782609,0.421052631579,0.526315789474,0.595238095238,0.522727272727,0.533333333333,0.448275862069,0.411764705882,0.450704225352,0.436363636364,0.5,0.615384615385,0.461538461538,0.471698113208,0.533333333333,0.469387755102,0.416666666667,0.56,0.491525423729,0.509433962264,0.411764705882,0.450980392157,0.576923076923,0.545454545455,0.679245283019,0.46,0.409090909091,0.627118644068,0.457142857143,0.44,0.452380952381,0.536585365854,0.512195121951,0.375,0.509803921569,0.45,0.564102564103,0.537037037037,0.558823529412,0.473684210526,0.56862745098,0.644444444444,0.536585365854,0.578947368421,0.541666666667,0.7,0.545454545455,0.490909090909,0.547169811321,0.56,0.611111111111,0.423076923077,0.406779661017,0.490566037736,0.565217391304,0.490196078431,0.536585365854,0.439024390244,0.454545454545,0.521739130435,0.564102564103,0.52380952381,0.482142857143,0.5,0.520833333333,0.545454545455,0.436363636364,0.689655172414,0.584905660377,0.441860465116,0.581818181818,0.388888888889,0.5,0.566037735849,0.55,0.473684210526,0.536585365854,0.446808510638,0.489361702128,0.488372093023,0.531914893617,0.487179487179,0.479166666667,0.46875,0.533333333333,0.589285714286,0.478260869565,0.481481481481,0.571428571429,0.584905660377,0.545454545455,0.5,0.393939393939,0.4,0.454545454545,0.40625,0.511111111111,0.553191489362,0.6,0.45,0.589743589744,0.486486486486,0.418181818182,0.454545454545,0.515151515152,0.470588235294,0.473684210526,0.5,0.630434782609,0.511111111111,0.536585365854,0.481481481481,0.512820512821,0.610169491525,0.512195121951,0.454545454545,0.571428571429,0.577777777778,0.510204081633,0.511627906977,0.672727272727,0.411764705882,0.46,0.5625,0.533333333333,0.676470588235,0.382352941176,0.41935483871,0.528301886792,0.630434782609,0.512195121951,0.4,0.510638297872,0.585365853659,0.388888888889,0.5,0.357142857143,0.55,0.346153846154,0.444444444444,0.347826086957,0.5,0.422222222222,0.452380952381,0.521739130435,0.422222222222,0.457142857143,0.481481481481,0.590909090909,0.4375,0.459459459459,0.507692307692,0.5625,0.346153846154,0.484375,0.448979591837,0.47619047619,0.5,0.607843137255,0.470588235294,0.489795918367,0.463414634146,0.431818181818,0.531914893617,0.386363636364,0.412698412698,0.396226415094,0.474576271186,0.553191489362,0.510204081633,0.469387755102,0.378378378378,0.46875,0.575,0.560975609756,0.431818181818,0.583333333333,0.54,0.47619047619,0.605263157895,0.510638297872,0.568181818182,0.452380952381,0.547619047619,0.444444444444,0.428571428571,0.5625,0.464285714286,0.416666666667,0.418181818182,0.607142857143,0.627906976744,0.46511627907,0.508196721311,0.491525423729,0.590909090909,0.54,0.384615384615,0.588235294118,0.720930232558,0.527777777778,0.333333333333,0.348837209302,0.461538461538,0.517857142857,0.510204081633,0.461538461538,0.448979591837,0.423076923077,0.461538461538,0.402985074627,0.46511627907,0.352941176471,0.425925925926,0.490566037736,0.586956521739,0.536585365854,0.40625,0.590909090909,0.395348837209,0.581395348837,0.507246376812,0.571428571429,0.5,0.4,0.525,0.564102564103,0.384615384615,0.551724137931,0.395348837209,0.581818181818,0.481481481481,0.574468085106,0.538461538462,0.52,0.471698113208,0.385964912281,0.489361702128,0.6,0.48,0.545454545455,0.617647058824,0.714285714286,0.469387755102,0.448979591837,0.434782608696,0.384615384615,0.395833333333,0.525423728814,0.416666666667,0.413793103448,0.410714285714,0.44,0.5625,0.545454545455,0.5,0.566037735849,0.595238095238,0.585365853659,0.555555555556,0.4375,0.519230769231,0.533333333333,0.510638297872,0.558823529412,0.509433962264,0.574074074074,0.5,0.574074074074,0.462962962963,0.526315789474,0.547619047619,0.56,0.542857142857,0.588235294118,0.478260869565,0.509433962264,0.510204081633,0.627906976744,0.846153846154,0.727272727273,0.490196078431,0.490566037736,0.44,0.435897435897,0.537037037037,0.450980392157,0.516666666667,0.478260869565,0.575,0.5,0.588235294118,0.380952380952,0.489361702128,0.56862745098,0.529411764706,0.472222222222,0.511111111111,0.380952380952,0.507462686567,0.4,0.6,0.4375,0.45652173913,0.446808510638,0.586956521739,0.52380952381,0.551020408163,0.552631578947,0.52380952381,0.51724137931,0.538461538462,0.478260869565,0.452830188679,0.407407407407,0.530612244898,0.608695652174,0.551020408163,0.548387096774,0.388888888889,0.36170212766,0.5,0.478260869565,0.423076923077,0.553571428571,0.406779661017,0.452380952381,0.452830188679,0.631578947368,0.636363636364,0.48275862069,0.644444444444,0.413793103448,0.59649122807,0.487179487179,0.574468085106,0.574468085106,0.534482758621,0.509433962264,0.428571428571,0.62,0.484848484848,0.41935483871,0.673469387755,0.416666666667,0.422222222222,0.438596491228,0.655172413793,0.529411764706,0.666666666667,0.565217391304,0.462962962963,0.462962962963,0.490196078431,0.46875,0.585365853659,0.472222222222,0.446428571429,0.488888888889,0.56,0.521739130435,0.481481481481,0.5,0.340909090909,0.48,0.490566037736,0.48,0.583333333333,0.5,0.420289855072,0.5,0.586956521739,0.6,0.490196078431,0.518518518519,0.446808510638,0.486486486486,0.5,0.489361702128,0.391304347826,0.509803921569,0.52,0.625,0.6,0.531914893617,0.523076923077,0.5,0.558139534884,0.480769230769,0.666666666667,0.677419354839,0.533333333333,0.471698113208,0.63829787234,0.459459459459,0.590163934426,0.659090909091,0.365853658537,0.63829787234,0.666666666667,0.707317073171,0.645161290323,0.392857142857,0.470588235294,0.527777777778,0.451612903226,0.529411764706,0.51724137931,0.703703703704,0.357142857143,0.462962962963,0.466666666667,0.48275862069,0.469387755102,0.536585365854,0.615384615385,0.522727272727,0.56862745098,0.418181818182,0.466666666667,0.46,0.466666666667,0.510204081633,0.5,0.5,0.537037037037,0.391304347826,0.56,0.5,0.275,0.288888888889,0.36170212766,0.351851851852,0.675,0.342105263158,0.510204081633,0.538461538462,0.545454545455,0.466666666667,0.413793103448,0.533333333333,0.681818181818,0.456140350877,0.340909090909,0.484375,0.537313432836,0.436363636364,0.538461538462,0.565217391304,0.551020408163,0.510204081633,0.488372093023,0.431034482759,0.5,0.425531914894,0.444444444444,0.686274509804,0.515151515152,0.440677966102,0.492063492063,0.491228070175,0.532258064516,0.413043478261,0.6,0.5,0.448979591837,0.561403508772,0.575,0.487804878049,0.548387096774,0.546875,0.491525423729,0.425531914894,0.436363636364,0.436363636364,0.5625,0.53488372093,0.51724137931,0.58,0.545454545455,0.542857142857,0.470588235294,0.54347826087,0.416666666667,0.5,0.574468085106,0.403846153846,0.571428571429,0.487804878049,0.405405405405,0.416666666667,0.5,0.409090909091,0.414634146341,0.555555555556,0.622222222222,0.5,0.474576271186,0.438596491228,0.466666666667,0.620689655172,0.651162790698,0.432432432432,0.545454545455,0.541666666667,0.54,0.322580645161,0.431034482759,0.540540540541,0.468085106383,0.549019607843,0.64,0.527272727273,0.690476190476,0.418604651163,0.479166666667,0.705882352941,0.37037037037,0.383333333333,0.43137254902,0.413043478261,0.522727272727,0.439024390244,0.6,0.415094339623,0.651162790698,0.534246575342,0.490909090909,0.448275862069,0.648648648649,0.638888888889,0.542372881356,0.549019607843,0.444444444444,0.555555555556,0.533333333333,0.636363636364,0.418181818182,0.403846153846,0.509090909091,0.409836065574,0.573529411765,0.452830188679,0.512195121951,0.526315789474,0.379310344828,0.477272727273,0.468085106383,0.519230769231,0.490566037736,0.45652173913,0.447368421053,0.524590163934,0.535714285714,0.471698113208,0.462962962963,0.346153846154,0.673076923077,0.380952380952,0.372549019608,0.352941176471,0.560975609756,0.390243902439,0.461538461538,0.592592592593,0.565217391304,0.272727272727,0.489795918367,0.450980392157,0.446808510638,0.510638297872,0.595238095238,0.468085106383,0.560975609756,0.355555555556,0.521739130435,0.583333333333,0.568965517241,0.561403508772,0.442307692308,0.5,0.473684210526,0.526315789474,0.578947368421,0.585365853659,0.560606060606,0.45652173913,0.526315789474,0.5,0.555555555556,0.488372093023,0.529411764706,0.525,0.489795918367,0.526315789474,0.466666666667,0.545454545455,0.511627906977,0.478260869565,0.490196078431,0.510638297872,0.609756097561,0.472727272727,0.535714285714,0.392156862745,0.508771929825,0.459016393443,0.5,0.404761904762,0.409090909091,0.43137254902,0.583333333333,0.392156862745,0.509433962264,0.363636363636,0.607843137255,0.555555555556,0.6,0.592592592593,0.459016393443,0.521739130435,0.510204081633,0.5,0.576923076923,0.5,0.585365853659,0.421052631579,0.489361702128,0.490566037736,0.352941176471,0.466666666667,0.36,0.509433962264,0.546875,0.588235294118,0.5,0.488372093023,0.444444444444,0.555555555556,0.607843137255,0.571428571429,0.617021276596,0.555555555556,0.42,0.54,0.534482758621,0.547169811321,0.390243902439,0.470588235294,0.36,0.666666666667,0.576923076923,0.37037037037,0.527272727273,0.553191489362,0.387096774194,0.558823529412,0.422222222222,0.489361702128,0.478260869565,0.490909090909,0.479166666667,0.488372093023,0.621621621622,0.466666666667,0.5,0.519230769231,0.4,0.375,0.491228070175,0.488372093023,0.478260869565,0.409090909091,0.551020408163,0.490566037736,0.478260869565,0.575,0.425531914894,0.404761904762,0.435897435897,0.482142857143,0.470588235294,0.571428571429,0.480769230769,0.375,0.444444444444,0.5,0.422222222222,0.6,0.454545454545,0.511111111111,0.388888888889,0.469696969697,0.365853658537,0.439024390244,0.519230769231,0.5,0.25,0.585365853659,0.47619047619,0.414634146341,0.510204081633,0.571428571429,0.547169811321,0.433333333333,0.446808510638,0.5,0.521739130435,0.408163265306,0.6875,0.511111111111,0.586956521739,0.444444444444,0.507936507937,0.428571428571,0.540983606557,0.507692307692,0.515151515152,0.390243902439,0.368421052632,0.48,0.510204081633,0.434782608696,0.508771929825,0.66,0.685185185185,0.421875,0.515151515152,0.538461538462,0.578947368421,0.547169811321,0.410256410256,0.421052631579,0.448979591837,0.435483870968,0.45,0.584905660377,0.508196721311,0.574468085106,0.457627118644,0.571428571429,0.477272727273,0.477272727273,0.458333333333,0.551724137931,0.521739130435,0.520833333333,0.553191489362,0.441860465116,0.634146341463,0.37037037037,0.560975609756,0.526315789474,0.472222222222,0.46,0.672413793103,0.538461538462,0.54,0.5,0.714285714286,0.520833333333,0.46,0.478260869565,0.521739130435,0.512820512821,0.5,0.475,0.54347826087,0.547619047619,0.436363636364,0.433962264151,0.441860465116,0.47619047619,0.358974358974,0.51724137931,0.490566037736,0.444444444444,0.490909090909,0.5,0.549019607843,0.416666666667,0.470588235294,0.472727272727,0.593220338983,0.428571428571,0.363636363636,0.348837209302,0.415094339623,0.486486486486,0.421052631579,0.475409836066,0.5,0.452830188679,0.432432432432,0.666666666667,0.433962264151,0.590909090909,0.527272727273,0.433962264151,0.333333333333,0.681818181818,0.288888888889,0.636363636364,0.438596491228,0.491525423729,0.461538461538,0.461538461538,0.65306122449,0.391304347826,0.47619047619,0.52,0.442307692308,0.444444444444,0.521739130435,0.520833333333,0.565217391304,0.43137254902,0.545454545455,0.4,0.589743589744,0.491803278689,0.509803921569,0.559322033898,0.46,0.43137254902,0.543859649123,0.56862745098,0.482142857143,0.560975609756,0.368421052632,0.527777777778,0.625,0.454545454545,0.566037735849,0.448275862069,0.482142857143,0.470588235294,0.480769230769,0.521739130435,0.617647058824,0.396226415094,0.54,0.538461538462,0.555555555556,0.473684210526,0.692307692308,0.6,0.636363636364,0.44,0.541666666667,0.5,0.453125,0.529411764706,0.395348837209,0.528301886792,0.466666666667,0.472727272727,0.490566037736,0.603773584906,0.708333333333,0.425,0.65,0.555555555556,0.531914893617,0.569230769231,0.491525423729,0.490909090909,0.563636363636,0.5,0.594594594595,0.6,0.409090909091,0.519230769231,0.509803921569,0.486111111111,0.5,0.56862745098,0.547169811321,0.489795918367,0.576923076923,0.722222222222,0.555555555556,0.512820512821,0.4,0.571428571429,0.566037735849,0.534246575342,0.4375,0.5,0.478873239437,0.354166666667,0.516129032258,0.538461538462,0.515625,0.461538461538,0.371428571429,0.390243902439,0.617021276596,0.410256410256,0.487804878049,0.547619047619,0.536585365854,0.557692307692,0.54,0.52,0.462962962963,0.411764705882,0.454545454545,0.447368421053,0.565217391304,0.604166666667,0.564102564103,0.47619047619,0.435897435897,0.404761904762,0.478260869565,0.520833333333,0.470588235294,0.529411764706,0.5,0.452830188679,0.418604651163,0.537037037037,0.555555555556,0.509090909091,0.471698113208,0.473684210526,0.434782608696,0.526315789474,0.5625,0.263157894737,0.333333333333,0.347826086957,0.563636363636,0.403846153846,0.5,0.483870967742,0.4375,0.488372093023,0.410714285714,0.354166666667,0.549019607843,0.451612903226,0.367346938776,0.518518518519,0.47619047619,0.53488372093,0.436363636364,0.438596491228,0.469387755102,0.288888888889,0.418604651163,0.477272727273,0.489795918367,0.309090909091,0.6,0.440677966102,0.652173913043,0.612244897959,0.515151515152,0.613636363636,0.577777777778,0.492063492063,0.52,0.545454545455,0.561403508772,0.588235294118,0.517857142857,0.491228070175,0.553191489362,0.551020408163,0.477272727273,0.613636363636,0.474576271186,0.491228070175,0.603773584906,0.559322033898,0.478260869565,0.446428571429,0.551020408163,0.423076923077,0.414634146341,0.54,0.5,0.45652173913,0.358974358974,0.549019607843,0.578947368421,0.472727272727,0.586956521739,0.5,0.519230769231,0.479166666667,0.52380952381,0.507462686567,0.6,0.471698113208,0.528301886792,0.413043478261,0.538461538462,0.439024390244,0.480769230769,0.431818181818,0.480769230769,0.525,0.333333333333,0.522727272727,0.509433962264,0.609375,0.545454545455,0.474576271186,0.566666666667,0.421052631579,0.428571428571,0.409836065574,0.43137254902,0.530612244898,0.5,0.46511627907,0.464285714286,0.422222222222,0.545454545455,0.555555555556,0.46511627907,0.453125,0.474576271186,0.418604651163,0.478260869565,0.462962962963,0.553191489362,0.5,0.409090909091,0.426470588235,0.5,0.428571428571,0.462962962963,0.488372093023,0.560975609756,0.413043478261,0.571428571429,0.589743589744,0.46511627907,0.377777777778,0.444444444444,0.491228070175,0.517857142857,0.428571428571,0.440677966102,0.477272727273,0.509433962264,0.463414634146,0.563636363636,0.568181818182,0.475,0.479166666667,0.5,0.555555555556,0.538461538462,0.444444444444,0.574468085106,0.469387755102,0.526315789474,0.555555555556,0.488372093023,0.518518518519,0.5,0.574074074074,0.458333333333,0.436363636364,0.448275862069,0.426470588235,0.590163934426,0.557692307692,0.519230769231,0.536585365854,0.38,0.4,0.595744680851,0.604166666667,0.446808510638,0.277777777778,0.527272727273,0.603773584906,0.439024390244,0.428571428571,0.475409836066,0.434782608696,0.328125,0.378378378378,0.509433962264,0.530612244898,0.458333333333,0.480769230769,0.475409836066,0.47619047619,0.481481481481,0.428571428571,0.636363636364,0.563636363636,0.561403508772,0.528301886792,0.428571428571,0.326086956522,0.56,0.5,0.514285714286,0.5,0.461538461538,0.483870967742,0.423728813559,0.558139534884,0.512195121951,0.6,0.409090909091,0.508771929825,0.519230769231,0.45,0.453125,0.468085106383,0.585365853659,0.6,0.526315789474,0.448275862069,0.410714285714,0.454545454545,0.509803921569,0.581818181818,0.5625,0.452380952381,0.55,0.48,0.38,0.5625,0.440677966102,0.464285714286,0.418181818182,0.423076923077,0.547619047619,0.487179487179,0.461538461538,0.52380952381,0.612903225806,0.5,0.526315789474,0.513513513514,0.450980392157,0.5,0.454545454545,0.488372093023,0.5,0.448979591837,0.34693877551,0.657894736842,0.684210526316,0.536585365854,0.533333333333,0.37037037037,0.452830188679,0.475409836066,0.483870967742,0.492307692308,0.4375,0.4,0.461538461538,0.627906976744,0.472727272727,0.439024390244,0.547619047619,0.637931034483,0.547169811321,0.392857142857,0.5,0.40625,0.384615384615,0.37037037037,0.439024390244,0.425,0.575757575758,0.5625,0.487179487179,0.576923076923,0.379310344828,0.558823529412,0.566666666667,0.586956521739,0.511111111111,0.533333333333,0.465517241379,0.465517241379,0.538461538462,0.617021276596,0.588235294118,0.421052631579,0.447368421053,0.5,0.54,0.5,0.513513513514,0.444444444444,0.42,0.517857142857,0.490909090909,0.461538461538,0.5,0.422222222222,0.567567567568,0.5,0.4,0.365853658537,0.511627906977,0.491525423729,0.396551724138,0.302325581395,0.574468085106,0.524590163934,0.537037037037,0.549019607843,0.56,0.564516129032,0.508196721311,0.467741935484,0.481481481481,0.478260869565,0.418181818182,0.388888888889,0.452830188679,0.45,0.619047619048,0.46,0.491803278689,0.395348837209,0.539682539683,0.590909090909,0.486111111111,0.545454545455,0.479166666667,0.507692307692,0.508771929825,0.483333333333,0.352941176471,0.679245283019,0.545454545455,0.526315789474,0.384615384615,0.610169491525,0.439024390244,0.472222222222,0.428571428571,0.571428571429,0.685714285714,0.6,0.416666666667,0.511111111111,0.478260869565,0.431818181818,0.470588235294,0.555555555556,0.553571428571,0.618181818182,0.488372093023,0.461538461538,0.638888888889,0.510638297872,0.458333333333,0.622222222222,0.622222222222,0.363636363636,0.566666666667,0.59375,0.525,0.533333333333,0.53488372093,0.581395348837,0.577777777778,0.47619047619,0.536585365854,0.547619047619,0.463414634146,0.444444444444,0.56,0.585365853659,0.511111111111,0.472727272727,0.545454545455,0.561403508772,0.584905660377,0.487179487179,0.54,0.576271186441,0.5,0.482142857143,0.47619047619,0.403846153846,0.415384615385,0.457627118644,0.595744680851,0.488372093023,0.619047619048,0.657894736842,0.321428571429,0.392857142857,0.571428571429,0.491525423729,0.5,0.594594594595,0.5625,0.603773584906,0.466666666667,0.47619047619,0.539473684211,0.603448275862,0.357142857143,0.355555555556,0.447368421053,0.466666666667,0.447368421053,0.540540540541,0.436363636364,0.458333333333,0.423076923077,0.537037037037,0.459016393443,0.522727272727,0.446808510638,0.530612244898,0.5,0.48275862069,0.393939393939,0.431034482759,0.632653061224,0.528301886792,0.454545454545,0.448979591837,0.528301886792,0.442307692308,0.372093023256,0.651162790698,0.472727272727,0.553571428571,0.5,0.535714285714,0.444444444444,0.565217391304,0.447368421053,0.462962962963,0.53488372093,0.382978723404,0.411764705882,0.609756097561,0.459459459459,0.612244897959,0.475,0.46511627907,0.444444444444,0.549019607843,0.6,0.448275862069,0.409090909091,0.489795918367,0.586956521739,0.649122807018,0.44,0.382978723404,0.638888888889,0.528301886792,0.5,0.387755102041,0.387755102041,0.530303030303,0.304347826087,0.569230769231,0.521739130435,0.659574468085,0.647058823529,0.549019607843,0.603773584906,0.533333333333,0.487804878049,0.5,0.45652173913,0.468085106383,0.4,0.475,0.5,0.392156862745,0.565217391304,0.53488372093,0.512195121951,0.611111111111,0.46,0.363636363636,0.568181818182,0.660714285714,0.568181818182,0.510204081633,0.44,0.518518518519,0.446808510638,0.418181818182,0.5,0.471698113208,0.339622641509,0.408163265306,0.425531914894,0.622950819672,0.56,0.560975609756,0.479166666667,0.446808510638,0.416666666667,0.48275862069,0.595744680851,0.551724137931,0.560975609756,0.479166666667,0.525423728814,0.597222222222,0.491525423729,0.461538461538,0.511111111111,0.533333333333,0.66,0.5,0.410256410256,0.410256410256,0.490566037736,0.566666666667,0.485294117647,0.471698113208,0.424242424242,0.491228070175,0.511111111111,0.526315789474,0.574468085106,0.408163265306,0.47619047619,0.625,0.48,0.435897435897,0.428571428571,0.47619047619,0.5625,0.4,0.526315789474,0.71875,0.395348837209,0.438596491228,0.425925925926,0.428571428571,0.538461538462,0.453125,0.546875,0.448275862069,0.539682539683,0.58064516129,0.365384615385,0.5,0.471698113208,0.488888888889,0.540983606557,0.384615384615,0.434782608696,0.352941176471,0.434782608696,0.416666666667,0.530612244898,0.307692307692,0.516129032258,0.471698113208,0.5,0.592592592593,0.51724137931,0.458333333333,0.406779661017,0.537037037037,0.533333333333,0.44,0.520833333333,0.530612244898,0.5,0.489361702128,0.524590163934,0.520833333333,0.433962264151,0.567567567568,0.535714285714,0.422222222222,0.439024390244,0.423728813559,0.440677966102,0.621621621622,0.52380952381,0.5,0.513513513514,0.545454545455,0.625,0.816091954023,0.848837209302,0.865979381443,0.472727272727,0.647058823529,0.75,0.846153846154,0.659574468085,0.866666666667,0.636363636364,0.363636363636,0.348837209302,0.368421052632,0.5,0.551020408163,0.735294117647,0.6,0.45,0.551020408163,0.610169491525,0.547169811321,0.407407407407,0.381818181818,0.466666666667,0.527272727273,0.381818181818,0.40350877193,0.43137254902,0.461538461538,0.605263157895,0.434782608696,0.406779661017,0.511627906977,0.571428571429,0.564102564103,0.605263157895,0.6,0.45652173913,0.409090909091,0.380952380952,0.487804878049,0.53488372093,0.363636363636,0.529411764706,0.481481481481,0.552631578947,0.447368421053,0.509803921569,0.567567567568,0.6,0.586206896552,0.290322580645,0.510204081633,0.477272727273,0.304347826087,0.354166666667,0.416666666667,0.567164179104,0.566666666667,0.377777777778,0.377777777778,0.54,0.48,0.545454545455,0.434782608696,0.386363636364,0.431034482759,0.444444444444,0.509433962264,0.55737704918,0.5625,0.574074074074,0.632653061224,0.475,0.487804878049,0.5,0.636363636364,0.513513513514,0.48,0.529411764706,0.574074074074,0.595744680851,0.442307692308,0.581395348837,0.5,0.414634146341,0.537037037037,0.43137254902,0.571428571429,0.411764705882,0.405405405405,0.550724637681,0.521739130435,0.488372093023,0.482142857143,0.530612244898,0.408163265306,0.482142857143,0.583333333333,0.527272727273,0.490566037736,0.563636363636,0.490566037736,0.428571428571,0.54347826087,0.5625,0.55,0.461538461538,0.545454545455,0.545454545455,0.5,0.422222222222,0.509803921569,0.5,0.545454545455,0.6875,0.509433962264,0.536585365854,0.533333333333,0.552631578947,0.490909090909,0.368421052632,0.5,0.47619047619,0.545454545455,0.533333333333,0.480769230769,0.645833333333,0.447368421053,0.451612903226,0.553191489362,0.547619047619,0.588235294118,0.565217391304,0.510204081633,0.692307692308,0.421052631579,0.475,0.366666666667,0.568181818182,0.584905660377,0.491525423729,0.375,0.416666666667,0.433962264151,0.571428571429,0.535714285714,0.444444444444,0.458333333333,0.410714285714,0.565217391304,0.454545454545,0.588235294118,0.555555555556,0.609756097561,0.613636363636,0.384615384615,0.408163265306,0.46511627907,0.535714285714,0.533333333333,0.358974358974,0.542372881356,0.452380952381,0.678571428571,0.422222222222,0.568965517241,0.48,0.534482758621,0.653846153846,0.509090909091,0.526315789474,0.4375,0.7,0.545454545455,0.5,0.540540540541,0.52380952381,0.483870967742,0.477272727273,0.456140350877,0.468085106383,0.454545454545,0.63829787234,0.444444444444,0.396551724138,0.593220338983,0.48,0.533333333333,0.522727272727,0.511627906977,0.534482758621,0.469387755102,0.578125,0.516129032258,0.482142857143,0.52,0.571428571429,0.409090909091,0.571428571429,0.532258064516,0.510204081633,0.478260869565,0.488372093023,0.444444444444,0.4,0.62,0.508196721311,0.559322033898,0.511627906977,0.46875,0.531914893617,0.425925925926,0.474576271186,0.395833333333,0.5,0.5,0.444444444444,0.396551724138,0.512820512821,0.645161290323,0.589285714286,0.56,0.52,0.452380952381,0.425925925926,0.464285714286,0.404761904762,0.486486486486,0.573770491803,0.610169491525,0.603448275862,0.478260869565,0.673913043478,0.488888888889,0.703703703704,0.52,0.490196078431,0.575,0.577777777778,0.4,0.509433962264,0.56862745098,0.513513513514,0.5,0.56862745098,0.418604651163,0.382978723404,0.524590163934,0.555555555556,0.387755102041,0.488888888889,0.489795918367,0.470588235294,0.5,0.525,0.892857142857,0.484848484848,0.573770491803,0.574468085106,0.541666666667,0.547169811321,0.511627906977,0.488372093023,0.625,0.540540540541,0.411764705882,0.428571428571,0.612244897959,0.477272727273,0.58,0.472222222222,0.540540540541,0.590909090909,0.487804878049,0.527777777778,0.622222222222,0.584905660377,0.573333333333,0.539682539683,0.571428571429,0.568181818182,0.441860465116,0.466666666667,0.470588235294,0.541666666667,0.508474576271,0.614035087719,0.55,0.510204081633,0.617021276596,0.5,0.46511627907,0.415094339623,0.533333333333,0.509803921569,0.545454545455,0.538461538462,0.46,0.543859649123,0.489795918367,0.372549019608,0.468085106383,0.538461538462,0.547619047619,0.433333333333,0.681818181818,0.607843137255,0.642857142857,0.615384615385,0.433962264151,0.490196078431,0.469387755102,0.42,0.704545454545,0.541666666667,0.408163265306,0.45,0.460317460317,0.619047619048,0.5,0.604651162791,0.483870967742,0.524590163934,0.416666666667,0.413043478261,0.43137254902,0.512195121951,0.517857142857,0.428571428571,0.462686567164,0.489361702128,0.490566037736,0.509090909091,0.470588235294,0.58064516129,0.54347826087,0.63829787234,0.416666666667,0.510204081633,0.542372881356,0.462962962963,0.404255319149,0.377358490566,0.53125,0.465517241379,0.589285714286,0.490566037736,0.432432432432,0.383333333333,0.606060606061,0.47619047619,0.408163265306,0.3,0.3,0.375,0.583333333333,0.52380952381,0.545454545455,0.564102564103,0.483870967742,0.516129032258,0.444444444444,0.536585365854,0.575,0.5,0.571428571429,0.396226415094,0.444444444444,0.511111111111,0.5,0.441860465116,0.518518518519,0.520833333333,0.538461538462,0.6,0.595238095238,0.531914893617,0.37037037037,0.589743589744,0.5625,0.528301886792,0.450980392157,0.558139534884,0.448979591837,0.518518518519,0.619047619048,0.590909090909,0.48,0.486486486486,0.5,0.558139534884,0.4,0.406779661017,0.46,0.53488372093,0.52,0.53488372093,0.55,0.542372881356,0.464285714286,0.488372093023,0.553191489362,0.666666666667,0.549019607843,0.482142857143,0.628571428571,0.585365853659,0.518518518519,0.473684210526,0.291666666667,0.576923076923,0.56,0.454545454545,0.362068965517,0.512195121951,0.489361702128,0.51724137931,0.452830188679,0.5,0.52380952381,0.408163265306,0.372549019608,0.34693877551,0.352941176471,0.492063492063,0.483870967742,0.480769230769,0.614035087719,0.622641509434,0.555555555556,0.391304347826,0.413043478261,0.428571428571,0.533333333333,0.447368421053,0.425531914894,0.488372093023,0.5,0.525423728814,0.452830188679,0.510638297872,0.489795918367,0.482142857143,0.5,0.458333333333,0.48,0.553571428571,0.468085106383,0.513513513514,0.5,0.603448275862,0.642857142857,0.545454545455,0.450980392157,0.536585365854,0.410714285714,0.531914893617,0.5,0.5,0.577777777778,0.5,0.439024390244,0.567567567568,0.436363636364,0.5,0.618181818182,0.469387755102,0.613636363636,0.355555555556,0.461538461538,0.444444444444,0.583333333333,0.378787878788,0.630434782609,0.486842105263,0.619047619048,0.428571428571,0.54347826087,0.463414634146,0.418604651163,0.413043478261,0.645833333333,0.490196078431,0.631578947368,0.534482758621,0.490196078431,0.384615384615,0.444444444444,0.444444444444,0.421052631579,0.43137254902,0.46,0.421052631579,0.639344262295,0.485714285714,0.475,0.491525423729,0.58064516129,0.428571428571,0.462962962963,0.568965517241,0.636363636364,0.365384615385,0.388888888889,0.474576271186,0.396226415094,0.666666666667,0.627118644068,0.56,0.541666666667,0.541666666667,0.472222222222,0.461538461538,0.461538461538,0.62,0.654545454545,0.563636363636,0.543859649123,0.490196078431,0.520833333333,0.446428571429,0.431034482759,0.537037037037,0.583333333333,0.545454545455,0.483333333333,0.548387096774,0.489795918367,0.519230769231,0.52,0.529411764706,0.653846153846,0.506849315068,0.444444444444,0.421875,0.48,0.477272727273,0.452380952381,0.454545454545,0.566037735849,0.486486486486,0.585365853659,0.489361702128,0.459459459459,0.512195121951,0.538461538462,0.517857142857,0.586206896552,0.576923076923,0.524590163934,0.52,0.54347826087,0.560606060606,0.393442622951,0.596153846154,0.553191489362,0.46,0.5,0.53125,0.454545454545,0.490566037736,0.472727272727,0.416666666667,0.54,0.56,0.487804878049,0.47619047619,0.31914893617,0.609756097561,0.478260869565,0.529411764706,0.565217391304,0.551020408163,0.563636363636,0.558139534884,0.488888888889,0.413793103448,0.410714285714,0.365384615385,0.435483870968,0.43137254902,0.576923076923,0.444444444444,0.472222222222,0.488888888889,0.58,0.508771929825,0.6,0.410714285714,0.614035087719,0.481481481481,0.515151515152,0.519230769231,0.653846153846,0.458333333333,0.396551724138,0.513513513514,0.5,0.566037735849,0.5,0.604166666667,0.619047619048,0.522727272727,0.5,0.5,0.510638297872,0.459459459459,0.474576271186,0.542372881356,0.488888888889,0.355555555556,0.426229508197,0.666666666667,0.351851851852,0.490196078431,0.55,0.666666666667,0.530612244898,0.5,0.468085106383,0.4,0.545454545455,0.384615384615,0.391304347826,0.577777777778,0.535714285714,0.418604651163,0.813953488372,0.560975609756,0.545454545455,0.454545454545,0.527272727273,0.410256410256,0.489361702128,0.586206896552,0.583333333333,0.604166666667,0.634615384615,0.553191489362,0.538461538462,0.428571428571,0.38,0.568181818182,0.574468085106,0.62,0.574074074074,0.545454545455,0.488372093023,0.472727272727,0.433962264151,0.471698113208,0.53488372093,0.452380952381,0.46875,0.5,0.471698113208,0.527272727273,0.489795918367,0.596153846154,0.5,0.391304347826,0.586956521739,0.451612903226,0.5,0.404761904762,0.53488372093,0.490196078431,0.567567567568,0.575757575758,0.5,0.507936507937,0.469387755102,0.391304347826,0.586206896552,0.423076923077,0.452830188679,0.441860465116,0.62962962963,0.431818181818,0.431818181818,0.48,0.444444444444,0.509803921569,0.482142857143,0.56862745098,0.431034482759,0.46,0.648648648649,0.475,0.5,0.415094339623,0.557692307692,0.428571428571,0.593220338983,0.566037735849,0.527777777778,0.454545454545,0.469387755102,0.615384615385,0.528301886792,0.545454545455,0.404255319149,0.395833333333,0.547169811321,0.487179487179,0.403846153846,0.5,0.618181818182,0.591836734694,0.465517241379,0.563636363636,0.487179487179,0.617021276596,0.5,0.555555555556,0.529411764706,0.552631578947,0.690476190476,0.491228070175,0.423076923077,0.333333333333,0.410714285714,0.512195121951,0.641509433962,0.611111111111,0.44,0.5,0.42,0.491525423729,0.533333333333,0.548387096774,0.428571428571,0.448979591837,0.3,0.528301886792,0.513513513514,0.592592592593,0.434782608696,0.54,0.629032258065,0.589285714286,0.48,0.553191489362,0.513513513514,0.525,0.541666666667,0.529411764706,0.659574468085,0.623188405797,0.625,0.62,0.387096774194,0.515151515152,0.538461538462,0.535714285714,0.588235294118,0.588235294118,0.372093023256,0.547619047619,0.565217391304,0.470588235294,0.611111111111,0.442307692308,0.561403508772,0.511627906977,0.51724137931,0.520833333333,0.463414634146,0.586206896552,0.43137254902,0.549019607843,0.575,0.666666666667,0.794117647059,0.595238095238,0.490566037736,0.608695652174,0.457142857143,0.439024390244,0.404255319149,0.543859649123,0.535714285714,0.533333333333,0.511111111111,0.512820512821,0.531914893617,0.404761904762,0.553571428571,0.48275862069,0.473684210526,0.52380952381,0.45652173913,0.586206896552,0.627450980392,0.549019607843,0.606060606061,0.53488372093,0.566037735849,0.6,0.545454545455,0.590163934426,0.461538461538,0.632653061224,0.511111111111,0.392857142857,0.432432432432,0.432432432432,0.4,0.444444444444,0.3,0.4375,0.531914893617,0.565217391304,0.578947368421,0.553191489362,0.529411764706,0.517857142857,0.517857142857,0.475,0.488372093023,0.487804878049,0.517857142857,0.5,0.491228070175,0.516129032258,0.525423728814,0.589743589744,0.5,0.488888888889,0.407407407407,0.619047619048,0.526315789474,0.472727272727,0.51724137931,0.461538461538,0.595744680851,0.574074074074,0.555555555556,0.481481481481,0.545454545455,0.48,0.627450980392,0.547619047619,0.486486486486,0.519230769231,0.38,0.488888888889,0.6,0.583333333333,0.509090909091,0.471698113208,0.605263157895,0.511627906977,0.486486486486,0.509090909091,0.563636363636,0.46511627907,0.475,0.548387096774,0.425925925926,0.517857142857,0.573770491803,0.452830188679,0.508771929825,0.526315789474,0.555555555556,0.552631578947,0.585365853659,0.277777777778,0.514285714286,0.45,0.450980392157,0.512820512821,0.545454545455,0.54,0.62,0.478260869565,0.44,0.44,0.333333333333,0.529411764706,0.461538461538,0.425925925926,0.541666666667,0.489361702128,0.509090909091,0.62962962963,0.51724137931,0.581395348837,0.530612244898,0.379310344828,0.440677966102,0.536585365854,0.6,0.40625,0.508474576271,0.444444444444,0.549019607843,0.46511627907,0.538461538462,0.508771929825,0.575,0.5,0.466666666667,0.522727272727,0.487804878049,0.647058823529,0.433333333333,0.64406779661,0.454545454545,0.545454545455,0.666666666667,0.547619047619,0.5,0.615384615385,0.414634146341,0.277777777778,0.479166666667,0.472727272727,0.520833333333,0.5,0.450980392157,0.574074074074,0.508196721311,0.564102564103,0.28125,0.30303030303,0.526315789474,0.513513513514,0.513513513514,0.393939393939,0.357142857143,0.413043478261,0.425531914894,0.413043478261,0.5,0.5,0.454545454545,0.454545454545,0.452830188679,0.477272727273,0.604166666667,0.551020408163,0.510204081633,0.487804878049,0.460317460317,0.541666666667,0.586206896552,0.375,0.333333333333,0.551020408163,0.510204081633,0.490566037736,0.583333333333,0.448275862069,0.47619047619,0.435897435897,0.605263157895,0.333333333333,0.477272727273,0.595238095238,0.547619047619,0.533333333333,0.571428571429,0.636363636364,0.428571428571,0.571428571429,0.5,0.589743589744,0.545454545455,0.547169811321,0.555555555556,0.357142857143,0.413043478261,0.547619047619,0.461538461538,0.31914893617,0.295454545455,0.36,0.534482758621,0.5,0.511627906977,0.564102564103,0.560975609756,0.5,0.647058823529,0.52,0.490196078431,0.571428571429,0.481481481481,0.5625,0.578947368421,0.528301886792,0.557692307692,0.469387755102,0.4,0.43137254902,0.561403508772,0.538461538462,0.526315789474,0.491228070175,0.52,0.564516129032,0.530612244898,0.485714285714,0.54,0.5625,0.636363636364,0.511627906977,0.444444444444,0.619047619048,0.416666666667,0.509803921569,0.463414634146,0.35,0.454545454545,0.59375,0.487179487179,0.5,0.645833333333,0.526315789474,0.414634146341,0.509433962264,0.481481481481,0.545454545455,0.46,0.510638297872,0.491228070175,0.512820512821,0.558139534884,0.448979591837,0.628571428571,0.438596491228,0.413043478261,0.4,0.409090909091,0.372093023256,0.441176470588,0.452380952381,0.518518518519,0.6,0.479166666667,0.519230769231,0.5,0.365853658537,0.516129032258,0.5,0.428571428571,0.595744680851,0.5,0.45,0.490909090909,0.6,0.568181818182,0.509803921569,0.4,0.392857142857,0.526315789474,0.673076923077,0.591836734694,0.491525423729,0.5,0.43137254902,0.440677966102,0.388888888889,0.421052631579,0.509433962264,0.551020408163,0.481481481481,0.58,0.472727272727,0.520833333333,0.56862745098,0.55,0.5625,0.480769230769,0.425925925926,0.5,0.431818181818,0.46875,0.522727272727,0.45,0.377777777778,0.351351351351,0.458333333333,0.48,0.44,0.552631578947,0.516129032258,0.452380952381,0.442307692308,0.636363636364,0.424242424242,0.608695652174,0.516129032258,0.571428571429,0.465517241379,0.511627906977,0.415094339623,0.423728813559,0.528301886792,0.5,0.5,0.526315789474,0.529411764706,0.5625,0.521739130435,0.568965517241,0.517857142857,0.574468085106,0.539682539683,0.456140350877,0.518518518519,0.527272727273,0.5,0.543859649123,0.48,0.425,0.48275862069,0.52,0.509803921569,0.411764705882,0.425,0.571428571429,0.489795918367,0.466666666667,0.564102564103,0.617021276596,0.423076923077,0.537037037037,0.634615384615,0.5,0.42,0.366666666667,0.483870967742,0.428571428571,0.46,0.457627118644,0.416666666667,0.612244897959,0.428571428571,0.533333333333,0.410256410256,0.444444444444,0.517857142857,0.474576271186,0.423076923077,0.396551724138,0.388059701493,0.451612903226,0.514285714286,0.541666666667,0.595238095238,0.542857142857,0.480769230769,0.508771929825,0.519230769231,0.479166666667,0.682926829268,0.558139534884,0.5,0.536585365854,0.488372093023,0.409090909091,0.386363636364,0.34,0.591836734694,0.593220338983,0.576271186441,0.528301886792,0.586956521739,0.606060606061,0.606060606061,0.51724137931,0.52380952381,0.571428571429,0.5,0.485714285714,0.461538461538,0.473684210526,0.435483870968,0.560975609756,0.619047619048,0.5625,0.5625,0.545454545455,0.553571428571,0.520833333333,0.521739130435,0.355555555556,0.604166666667,0.511111111111,0.53488372093,0.488372093023,0.5,0.406779661017,0.392857142857,0.418604651163,0.418604651163,0.431818181818,0.395348837209,0.549019607843,0.519230769231,0.5,0.520833333333,0.518518518519,0.525,0.461538461538,0.513513513514,0.414634146341,0.414634146341,0.4,0.444444444444,0.5,0.454545454545,0.446808510638,0.4375,0.547619047619,0.391304347826,0.428571428571,0.5,0.451612903226,0.575757575758,0.384615384615,0.5,0.44,0.565217391304,0.519230769231,0.537037037037,0.413043478261,0.469387755102,0.436363636364,0.411764705882,0.355555555556,0.53488372093,0.6,0.5,0.478260869565,0.489795918367,0.525423728814,0.538461538462,0.521739130435,0.463414634146,0.368421052632,0.609756097561,0.55,0.6,0.525423728814,0.489795918367,0.553571428571,0.457142857143,0.31914893617,0.304347826087,0.538461538462,0.53125,0.439024390244,0.386363636364,0.422222222222,0.4,0.533333333333,0.652173913043,0.583333333333,0.612903225806,0.454545454545,0.377777777778,0.454545454545,0.488888888889,0.341463414634,0.591836734694,0.488372093023,0.510638297872,0.4375,0.346153846154,0.421052631579,0.537037037037,0.543859649123,0.423728813559,0.421052631579,0.576923076923,0.479166666667,0.46511627907,0.434782608696,0.542372881356,0.483333333333,0.609756097561,0.509433962264,0.619047619048,0.541666666667,0.589743589744,0.617021276596,0.529411764706,0.46511627907,0.411764705882,0.5,0.414634146341,0.5625,0.522727272727,0.578125,0.490909090909,0.521739130435,0.520833333333,0.527272727273,0.547169811321,0.413043478261,0.4,0.532258064516,0.511627906977,0.604651162791,0.402777777778,0.440677966102,0.344262295082,0.622222222222,0.510204081633,0.5,0.367346938776,0.438596491228,0.44,0.448275862069,0.647058823529,0.474576271186,0.365853658537,0.488372093023,0.425,0.558139534884,0.467741935484,0.564102564103,0.473684210526,0.583333333333,0.441176470588,0.507692307692,0.479166666667,0.322580645161,0.657142857143,0.709677419355,0.571428571429,0.5,0.444444444444,0.521739130435,0.814814814815,0.526315789474,0.615384615385,0.441860465116,0.459459459459,0.616666666667,0.52,0.56,0.529411764706,0.56,0.269230769231,0.444444444444,0.454545454545,0.508771929825,0.464285714286,0.515151515152,0.553191489362,0.519230769231,0.395833333333,0.491228070175,0.48275862069,0.625,0.490196078431,0.6,0.464285714286,0.56,0.530612244898,0.541666666667,0.508196721311,0.584905660377,0.454545454545,0.541666666667,0.511627906977,0.5,0.5,0.48,0.509090909091,0.509433962264,0.55,0.489795918367,0.351351351351,0.42,0.388888888889,0.477272727273,0.388888888889,0.423728813559,0.454545454545,0.4,0.425531914894,0.666666666667,0.5,0.450980392157,0.410714285714,0.47619047619,0.585365853659,0.428571428571,0.638888888889,0.568181818182,0.564102564103,0.43137254902,0.571428571429,0.533333333333,0.452380952381,0.545454545455,0.450980392157,0.487179487179,0.47619047619,0.565217391304,0.555555555556,0.72972972973,0.538461538462,0.452380952381,0.611111111111,0.425,0.395348837209,0.54,0.595744680851,0.46,0.488372093023,0.520833333333,0.5,0.592592592593,0.5,0.416666666667,0.5,0.673469387755,0.477272727273,0.48,0.537037037037,0.4,0.609756097561,0.568181818182,0.525423728814,0.5,0.45652173913,0.518518518519,0.610169491525,0.323529411765,0.510638297872,0.555555555556,0.566666666667,0.530612244898,0.450980392157,0.591836734694,0.464285714286,0.511111111111,0.483333333333,0.510638297872,0.4375,0.5,0.5,0.538461538462,0.4375,0.594594594595,0.44,0.589743589744,0.588235294118,0.533333333333,0.512195121951,0.452830188679,0.508196721311,0.487179487179,0.377777777778,0.421052631579,0.471698113208,0.604651162791,0.515151515152,0.537037037037,0.464788732394,0.384615384615,0.468085106383,0.418604651163,0.5,0.571428571429,0.6,0.53488372093,0.53488372093,0.595744680851,0.568181818182,0.474576271186,0.408163265306,0.444444444444,0.418181818182,0.53488372093,0.565217391304,0.288888888889,0.566037735849,0.5,0.605263157895,0.470588235294,0.450980392157,0.592592592593,0.42,0.490566037736,0.5,0.586956521739,0.638888888889,0.636363636364,0.541666666667,0.4375,0.532258064516,0.475,0.46,0.44,0.571428571429,0.571428571429,0.521739130435,0.486486486486,0.469387755102,0.512195121951,0.6,0.3125,0.448979591837,0.617647058824,0.527272727273,0.444444444444,0.31914893617,0.5,0.513513513514,0.615384615385,0.536585365854,0.425,0.45,0.454545454545,0.441860465116,0.5,0.489361702128,0.452830188679,0.516129032258,0.55,0.543859649123,0.461538461538,0.425925925926,0.448275862069,0.446808510638,0.538461538462,0.557692307692,0.483333333333,0.466666666667,0.418604651163,0.415094339623,0.45,0.375,0.25,0.333333333333,0.378378378378,0.522727272727,0.478873239437,0.353846153846,0.446428571429,0.5,0.510204081633,0.421052631579,0.382978723404,0.55,0.466666666667,0.348837209302,0.509433962264,0.519230769231,0.487179487179,0.588235294118,0.472727272727,0.44262295082,0.521739130435,0.31914893617,0.53488372093,0.538461538462,0.5,0.423076923077,0.428571428571,0.424242424242,0.452830188679,0.531914893617,0.537037037037,0.511627906977,0.575,0.425531914894,0.444444444444,0.458333333333,0.415094339623,0.450980392157,0.45,0.5,0.385964912281,0.564516129032,0.622641509434,0.4,0.452380952381,0.596153846154,0.511627906977,0.507692307692,0.371428571429,0.410256410256,0.52,0.591836734694,0.52,0.43137254902,0.5,0.513513513514,0.446428571429,0.594594594595,0.71875,0.416666666667,0.529411764706,0.4375,0.522727272727,0.46875,0.46,0.4,0.555555555556,0.48275862069,0.474576271186,0.461538461538,0.52,0.457627118644,0.489361702128,0.595744680851,0.485714285714,0.361111111111,0.473684210526,0.45652173913,0.5,0.555555555556,0.418604651163,0.536585365854,0.586206896552,0.529411764706,0.434782608696,0.434782608696,0.604651162791,0.479166666667,0.571428571429,0.342857142857,0.512195121951,0.377358490566,0.490566037736,0.553191489362,0.45,0.444444444444,0.4,0.52,0.531914893617,0.58064516129,0.5,0.578947368421,0.660377358491,0.418181818182,0.428571428571,0.489795918367,0.510204081633,0.461538461538,0.45652173913,0.457142857143,0.625,0.634146341463,0.375,0.566666666667,0.468085106383,0.508771929825,0.511111111111,0.444444444444,0.5,0.559322033898,0.528301886792,0.392156862745,0.547169811321,0.465517241379,0.466666666667,0.385964912281,0.508196721311,0.5,0.5,0.510638297872,0.405405405405,0.511111111111,0.549019607843,0.471698113208,0.5,0.555555555556,0.464285714286,0.436363636364,0.458333333333,0.605263157895,0.581395348837,0.5,0.457627118644,0.618181818182,0.406779661017,0.592592592593,0.436363636364,0.594594594595,0.483333333333,0.666666666667,0.596774193548,0.385964912281,0.516666666667,0.52380952381,0.425,0.413043478261,0.45652173913,0.54347826087,0.322580645161,0.471698113208,0.48275862069,0.553191489362,0.490196078431,0.531914893617,0.606060606061,0.394736842105,0.466666666667,0.416666666667,0.530612244898,0.35593220339,0.583333333333,0.489795918367,0.53488372093,0.518518518519,0.42,0.431818181818,0.490196078431,0.444444444444,0.533333333333,0.363636363636,0.448979591837,0.608695652174,0.622222222222,0.510204081633,0.551020408163,0.526315789474,0.54,0.547169811321,0.585365853659,0.454545454545,0.45652173913,0.560975609756,0.546875,0.413043478261,0.555555555556,0.530612244898,0.54,0.4,0.390243902439,0.42,0.333333333333,0.333333333333,0.489361702128,0.450980392157,0.396226415094,0.418604651163,0.5,0.386363636364,0.625,0.607142857143,0.586956521739,0.557692307692,0.6,0.4375,0.491525423729,0.6,0.527272727273,0.509090909091,0.632653061224,0.409090909091,0.58064516129,0.40625,0.45,0.34328358209,0.477272727273,0.577777777778,0.644444444444,0.461538461538,0.559322033898,0.633333333333,0.435483870968,0.380952380952,0.483333333333,0.548387096774,0.525423728814,0.46875,0.478260869565,0.576923076923,0.613636363636,0.5,0.487804878049,0.571428571429,0.631578947368,0.425531914894,0.528301886792,0.538461538462,0.479166666667,0.466666666667,0.615384615385,0.540983606557,0.422222222222,0.528301886792,0.5,0.438596491228,0.512195121951,0.64,0.438596491228,0.629032258065,0.5,0.459459459459,0.481481481481,0.468085106383,0.473684210526,0.536585365854,0.469387755102,0.387755102041,0.56,0.489795918367,0.441860465116,0.537037037037,0.529411764706,0.53125,0.396226415094,0.605263157895,0.462962962963,0.34,0.615384615385,0.5,0.512195121951,0.525,0.418181818182,0.611111111111,0.418181818182,0.340425531915,0.476923076923,0.490909090909,0.622222222222,0.525,0.515625,0.413793103448,0.612244897959,0.395833333333,0.407407407407,0.645833333333,0.627118644068,0.454545454545,0.421052631579,0.481481481481,0.520833333333,0.5,0.481481481481,0.436363636364,0.489795918367,0.4,0.46,0.632653061224,0.529411764706,0.54347826087,0.448979591837,0.545454545455,0.48,0.423076923077,0.513513513514,0.395348837209,0.576923076923,0.64,0.415094339623,0.431034482759,0.369230769231,0.491525423729,0.461538461538,0.438596491228,0.547169811321,0.617021276596,0.533333333333,0.487179487179,0.6,0.52,0.538461538462,0.546875,0.637931034483,0.6,0.585365853659,0.454545454545,0.369565217391,0.433333333333,0.430769230769,0.542372881356,0.529411764706,0.51724137931,0.5,0.477272727273,0.480769230769,0.468085106383,0.416666666667,0.428571428571,0.53125,0.512820512821,0.489361702128,0.529411764706,0.533333333333,0.574468085106,0.471698113208,0.510638297872,0.5,0.519230769231,0.591836734694,0.692307692308,0.491525423729,0.450980392157,0.511111111111,0.536585365854,0.454545454545,0.529411764706,0.567567567568,0.526315789474,0.5,0.547169811321,0.488372093023,0.627450980392,0.422222222222,0.425531914894,0.441860465116,0.594594594595,0.411764705882,0.48,0.608695652174,0.574468085106,0.52380952381,0.512195121951,0.518518518519,0.547619047619,0.5,0.489795918367,0.489795918367,0.525,0.575,0.487804878049,0.444444444444,0.508771929825,0.547169811321,0.5,0.454545454545,0.581395348837,0.644444444444,0.387755102041,0.48,0.421052631579,0.448275862069,0.450980392157,0.68085106383,0.566037735849,0.371428571429,0.375,0.309523809524,0.363636363636,0.40350877193,0.348837209302,0.365853658537,0.413043478261,0.481481481481,0.6,0.470588235294,0.481481481481,0.433962264151,0.266666666667,0.325,0.490909090909,0.5625,0.608695652174,0.380952380952,0.479166666667,0.482142857143,0.43137254902,0.583333333333,0.625,0.52,0.575,0.529411764706,0.454545454545,0.508474576271,0.509433962264,0.527272727273,0.423076923077,0.688888888889,0.568181818182,0.428571428571,0.3,0.58,0.592592592593,0.415094339623,0.446808510638,0.5,0.450980392157,0.410714285714,0.478260869565,0.547169811321,0.392857142857,0.408163265306,0.372549019608,0.454545454545,0.618181818182,0.509803921569,0.37037037037,0.442307692308,0.684210526316,0.416666666667,0.40350877193,0.421052631579,0.42,0.463414634146,0.428571428571,0.55,0.489361702128,0.576923076923,0.428571428571,0.537037037037,0.484848484848,0.591836734694,0.54347826087,0.658536585366,0.461538461538,0.413043478261,0.5,0.428571428571,0.45652173913,0.644444444444,0.411764705882,0.613636363636,0.616666666667,0.474576271186,0.447368421053,0.585365853659,0.46511627907,0.468085106383,0.450980392157,0.549019607843,0.553846153846,0.46875,0.4,0.612903225806,0.536585365854,0.555555555556,0.608695652174,0.551020408163,0.414634146341,0.681818181818,0.311111111111,0.36170212766,0.4,0.354166666667,0.38,0.511627906977,0.380952380952,0.627906976744,0.5,0.589743589744,0.510638297872,0.59649122807,0.452830188679,0.488888888889,0.458333333333,0.51724137931,0.555555555556,0.586956521739,0.431818181818,0.509433962264,0.510204081633,0.515151515152,0.542857142857,0.508196721311,0.407407407407,0.403846153846,0.571428571429,0.45652173913,0.508771929825,0.46511627907,0.45652173913,0.487804878049,0.387096774194,0.416666666667,0.489795918367,0.489361702128,0.511627906977,0.837837837838,0.611111111111,0.446153846154,0.589743589744,0.65,0.594594594595,0.444444444444,0.382978723404,0.404761904762,0.377777777778,0.415094339623,0.4,0.452830188679,0.439024390244,0.583333333333,0.511111111111,0.425925925926,0.518518518519,0.5,0.56862745098,0.391304347826,0.490196078431,0.36170212766,0.481481481481,0.433962264151,0.470588235294,0.469387755102,0.478260869565,0.478260869565,0.510204081633,0.465517241379,0.54,0.630434782609,0.391304347826,0.583333333333,0.478260869565,0.5,0.388888888889,0.45652173913,0.545454545455,0.479166666667,0.340909090909,0.405405405405,0.625,0.454545454545,0.380952380952,0.537037037037,0.385964912281,0.475,0.630434782609,0.588235294118,0.491525423729,0.490196078431,0.540540540541,0.4,0.333333333333,0.477272727273,0.66,0.448275862069,0.488888888889,0.530612244898,0.585365853659,0.444444444444,0.488372093023,0.4,0.404255319149,0.607843137255,0.5,0.452830188679,0.386363636364,0.58,0.5,0.418604651163,0.560975609756,0.510204081633,0.448979591837,0.391304347826,0.5,0.5,0.604651162791,0.48275862069,0.489795918367,0.44,0.527272727273,0.326086956522,0.411764705882,0.490196078431,0.545454545455,0.434782608696,0.574074074074,0.566037735849,0.519230769231,0.521739130435,0.375,0.521739130435,0.567164179104,0.483333333333,0.535714285714,0.520833333333,0.461538461538,0.455882352941,0.51724137931,0.527272727273,0.444444444444,0.5,0.533333333333,0.38,0.423076923077,0.46875,0.450980392157,0.515625,0.444444444444,0.412698412698,0.5,0.489361702128,0.395833333333,0.52,0.583333333333,0.525,0.479166666667,0.538461538462,0.434782608696,0.490909090909,0.52380952381,0.545454545455,0.433962264151,0.363636363636,0.595238095238,0.365853658537,0.487804878049,0.583333333333,0.552631578947,0.619047619048,0.553191489362,0.527777777778,0.475,0.508771929825,0.436363636364,0.595238095238,0.714285714286,0.617021276596,0.433962264151,0.411764705882,0.583333333333,0.508771929825,0.55737704918,0.509090909091,0.404761904762,0.421052631579,0.258064516129,0.470588235294,0.512820512821,0.552631578947,0.566666666667,0.360655737705,0.534482758621,0.454545454545,0.52380952381,0.530612244898,0.55,0.517857142857,0.444444444444,0.480769230769,0.508771929825,0.508196721311,0.489361702128,0.47619047619,0.469387755102,0.581395348837,0.6,0.371428571429,0.475,0.5,0.506849315068,0.5,0.392156862745,0.54,0.5,0.551020408163,0.549019607843,0.472222222222,0.610169491525,0.464285714286,0.5,0.560975609756,0.466666666667,0.434782608696,0.559322033898,0.38,0.527777777778,0.396551724138,0.377358490566,0.48275862069,0.297872340426,0.392857142857,0.466666666667,0.422222222222,0.660377358491,0.521739130435,0.5,0.512820512821,0.488372093023,0.566037735849,0.571428571429,0.459459459459,0.483333333333,0.479166666667,0.372093023256,0.52,0.5,0.515625,0.52,0.55,0.524590163934,0.492063492063,0.363636363636,0.509090909091,0.611111111111,0.594594594595,0.4,0.547619047619,0.533333333333,0.435897435897,0.489361702128,0.555555555556,0.470588235294,0.538461538462,0.5,0.35,0.444444444444,0.560975609756,0.43137254902,0.508771929825,0.549019607843,0.575,0.448979591837,0.538461538462,0.489795918367,0.574468085106,0.479166666667,0.522727272727,0.5,0.5,0.483333333333,0.6,0.452830188679,0.421052631579,0.525,0.468085106383,0.605263157895,0.5,0.547169811321,0.395833333333,0.474576271186,0.5,0.54,0.54,0.425925925926,0.486486486486,0.519230769231,0.5,0.511111111111,0.342105263158,0.444444444444,0.530612244898,0.520833333333,0.475,0.395348837209,0.47619047619,0.522727272727,0.425,0.479166666667,0.450980392157,0.470588235294,0.421875,0.530612244898,0.617021276596,0.512195121951,0.595744680851,0.55,0.542372881356,0.468085106383,0.526315789474,0.542372881356,0.5625,0.509433962264,0.622222222222,0.533333333333,0.461538461538,0.5,0.517857142857,0.515625,0.425,0.563636363636,0.458333333333,0.375,0.512195121951,0.518518518519,0.6875,0.64,0.473684210526,0.294117647059,0.48,0.532258064516,0.379310344828,0.465517241379,0.365853658537,0.519230769231,0.47619047619,0.444444444444,0.564102564103,0.55,0.519230769231,0.588235294118,0.53488372093,0.560975609756,0.52,0.478260869565,0.45,0.558139534884,0.408163265306,0.46511627907,0.46875,0.551020408163,0.611111111111,0.54347826087,0.6,0.56,0.317073170732,0.578125,0.392156862745,0.510204081633,0.462962962963,0.488372093023,0.433333333333,0.485714285714,0.610169491525,0.52380952381,0.608695652174,0.482142857143,0.5,0.454545454545,0.555555555556,0.425,0.54347826087,0.388888888889,0.40350877193,0.46,0.478260869565,0.541666666667,0.545454545455,0.56,0.54347826087,0.425531914894,0.611111111111,0.542857142857,0.534482758621,0.526315789474,0.547169811321,0.441176470588,0.531914893617,0.673469387755,0.5,0.433333333333,0.491228070175,0.371428571429,0.574468085106,0.452830188679,0.72972972973,0.6,0.65,0.35,0.625,0.481481481481,0.45,0.539682539683,0.58,0.333333333333,0.489795918367,0.594594594595,0.527777777778,0.605263157895,0.473684210526,0.541666666667,0.551020408163,0.54347826087,0.471698113208,0.590909090909,0.526315789474,0.56,0.438596491228,0.518518518519,0.466666666667,0.530612244898,0.465517241379,0.577777777778,0.557692307692,0.522727272727,0.395348837209,0.465517241379,0.484375,0.509433962264,0.603174603175,0.389830508475,0.571428571429,0.548387096774,0.555555555556,0.461538461538,0.490566037736,0.666666666667,0.519230769231,0.462962962963,0.425531914894,0.512820512821,0.615384615385,0.55737704918,0.563636363636,0.471698113208,0.607843137255,0.480769230769,0.431818181818,0.333333333333,0.430769230769,0.571428571429,0.466666666667,0.423076923077,0.491228070175,0.410256410256,0.520833333333,0.489795918367,0.46511627907,0.533333333333,0.483333333333,0.45,0.511627906977,0.477272727273,0.404761904762,0.394736842105,0.615384615385,0.589743589744,0.452380952381,0.527777777778,0.4375,0.475,0.347826086957,0.37037037037,0.512195121951,0.517857142857,0.5,0.5,0.446808510638,0.535714285714,0.535714285714,0.571428571429,0.5,0.396226415094,0.5,0.541666666667,0.472727272727,0.529411764706,0.404761904762,0.454545454545,0.651162790698,0.511627906977,0.5,0.5,0.517857142857,0.413793103448,0.65,0.37037037037,0.56,0.488888888889,0.613636363636,0.538461538462,0.542857142857,0.677419354839,0.487179487179,0.571428571429,0.613636363636,0.46,0.475,0.452830188679,0.634146341463,0.433333333333,0.583333333333,0.480769230769,0.613636363636,0.482142857143,0.409090909091,0.638888888889,0.428571428571,0.6,0.547619047619,0.5,0.409090909091,0.702702702703,0.538461538462,0.279069767442,0.346153846154,0.480769230769,0.53125,0.425531914894,0.404255319149,0.522727272727,0.46875,0.547619047619,0.448275862069,0.484848484848,0.416666666667,0.576923076923,0.585365853659,0.466666666667,0.5,0.636363636364,0.618181818182,0.549019607843,0.469387755102,0.581395348837,0.411764705882,0.636363636364,0.6,0.597222222222,0.574074074074,0.391304347826,0.425,0.625,0.574468085106,0.583333333333,0.53125,0.44262295082,0.471698113208,0.454545454545,0.478260869565,0.466666666667,0.386363636364,0.526315789474,0.540540540541,0.462962962963,0.589285714286,0.483333333333,0.475409836066,0.375,0.383561643836,0.5625,0.43137254902,0.403846153846,0.395833333333,0.692307692308,0.354838709677,0.611111111111,0.466666666667,0.391304347826,0.551724137931,0.333333333333,0.533333333333,0.5625,0.524590163934,0.535714285714,0.509433962264,0.45652173913,0.4,0.38,0.488372093023,0.58064516129,0.45,0.548387096774,0.463414634146,0.47619047619,0.519230769231,0.511627906977,0.470588235294,0.434782608696,0.434782608696,0.525,0.581081081081,0.46,0.478260869565,0.46511627907,0.454545454545,0.458333333333,0.513513513514,0.574074074074,0.491525423729,0.489361702128,0.5,0.466666666667,0.482142857143,0.631578947368,0.5,0.5,0.647058823529,0.510204081633,0.513513513514,0.493506493506,0.575,0.482142857143,0.546875,0.677966101695,0.659574468085,0.475,0.571428571429,0.62962962963,0.576923076923,0.457627118644,0.5,0.490566037736,0.571428571429,0.479166666667,0.478260869565,0.478260869565,0.382978723404,0.403846153846,0.478260869565,0.509090909091,0.5,0.46,0.5,0.382352941176,0.447368421053,0.555555555556,0.666666666667,0.520833333333,0.452830188679,0.317073170732,0.458333333333,0.59375,0.64,0.6,0.5,0.45652173913,0.55,0.490566037736,0.613636363636,0.574074074074,0.63829787234,0.568181818182,0.509803921569,0.479166666667,0.5,0.508771929825,0.56,0.537037037037,0.5,0.549019607843,0.619047619048,0.456140350877,0.423728813559,0.619047619048,0.351351351351,0.511111111111,0.592592592593,0.489361702128,0.608695652174,0.439024390244,0.526315789474,0.526315789474,0.458333333333,0.526315789474,0.470588235294,0.595238095238,0.46875,0.536585365854,0.54,0.577777777778,0.604166666667,0.446428571429,0.473684210526,0.461538461538,0.4375,0.418604651163,0.466666666667,0.4,0.382352941176,0.48275862069,0.552631578947,0.648648648649,0.58064516129,0.519230769231,0.5,0.461538461538,0.475,0.333333333333,0.528301886792,0.489795918367,0.473684210526,0.567567567568,0.5,0.557692307692,0.422222222222,0.519230769231,0.45,0.48275862069,0.510638297872,0.541666666667,0.5625,0.377049180328,0.533333333333,0.489795918367,0.333333333333,0.48,0.4,0.451612903226,0.547619047619,0.607142857143,0.666666666667,0.676470588235,0.807692307692,0.7,0.848484848485,0.862068965517,0.8,0.666666666667,0.575,0.512195121951,0.575,0.717948717949,0.619047619048,0.450980392157,0.44,0.533333333333,0.511627906977,0.552631578947,0.45652173913,0.574074074074,0.5,0.470588235294,0.507936507937,0.410256410256,0.415094339623,0.53488372093,0.404761904762,0.533333333333,0.489361702128,0.5,0.472222222222,0.604651162791,0.673469387755,0.411764705882,0.473684210526,0.488372093023,0.645833333333,0.528301886792,0.479166666667,0.490909090909,0.488372093023,0.521739130435,0.487179487179,0.382352941176,0.512820512821,0.339622641509,0.660714285714,0.475409836066,0.448275862069,0.46,0.565217391304,0.472727272727,0.295081967213,0.321428571429,0.450980392157,0.405405405405,0.517857142857,0.54347826087,0.46,0.545454545455,0.636363636364,0.5,0.52380952381,0.488372093023,0.595238095238,0.55,0.652173913043,0.652173913043,0.54,0.583333333333,0.459016393443,0.428571428571,0.511627906977,0.533333333333,0.432432432432,0.428571428571,0.448275862069,0.541666666667,0.5,0.380952380952,0.63829787234,0.564102564103,0.479166666667,0.446808510638,0.522727272727,0.45,0.595238095238,0.6,0.533333333333,0.581818181818,0.5,0.40350877193,0.433962264151,0.604651162791,0.545454545455,0.458333333333,0.526315789474,0.533333333333,0.531914893617,0.515625,0.446808510638,0.468085106383,0.377777777778,0.510204081633,0.433333333333,0.51724137931,0.581395348837,0.444444444444,0.421052631579,0.469387755102,0.58064516129,0.473684210526,0.354166666667,0.525,0.431818181818,0.511627906977,0.5,0.310344827586,0.32,0.705882352941,0.549019607843,0.585365853659,0.657142857143,0.53125,0.5,0.558823529412,0.435897435897,0.551020408163,0.324324324324,0.41935483871,0.563636363636,0.5,0.428571428571,0.473684210526,0.58064516129,0.604166666667,0.46511627907,0.533333333333,0.418604651163,0.577777777778,0.595238095238,0.423076923077,0.571428571429,0.461538461538,0.426229508197,0.543859649123,0.614035087719,0.586206896552,0.603773584906,0.361111111111,0.547619047619,0.452380952381,0.549019607843,0.557692307692,0.344827586207,0.5,0.489795918367,0.442307692308,0.5625,0.5,0.490196078431,0.510638297872,0.473684210526,0.581395348837,0.474576271186,0.508474576271,0.469387755102,0.511627906977,0.553571428571,0.507692307692,0.388888888889,0.410256410256,0.448275862069,0.418604651163,0.454545454545,0.709090909091,0.548387096774,0.485714285714,0.479166666667,0.415094339623,0.5,0.617021276596,0.552631578947,0.372093023256,0.457142857143,0.525,0.565217391304,0.489361702128,0.446808510638,0.448979591837,0.489361702128,0.519230769231,0.509090909091,0.488372093023,0.525,0.491228070175,0.5,0.458333333333,0.627906976744,0.549019607843,0.625,0.42,0.490909090909,0.5,0.547169811321,0.470588235294,0.666666666667,0.5,0.548387096774,0.461538461538,0.56862745098,0.583333333333,0.45,0.615384615385,0.551020408163,0.59649122807,0.617021276596,0.488372093023,0.454545454545,0.452830188679,0.5625,0.428571428571,0.446808510638,0.510638297872,0.637931034483,0.614035087719,0.578947368421,0.518518518519,0.325,0.448979591837,0.490566037736,0.58064516129,0.479166666667,0.410256410256,0.435897435897,0.608695652174,0.537037037037,0.4,0.511111111111,0.509090909091,0.623188405797,0.372881355932,0.508771929825,0.530612244898,0.613636363636,0.442307692308,0.565217391304,0.414634146341,0.388888888889,0.63829787234,0.444444444444,0.56,0.6,0.571428571429,0.4375,0.617021276596,0.463414634146,0.568965517241,0.52380952381,0.533333333333,0.6,0.595238095238,0.53488372093,0.425531914894,0.627906976744,0.592592592593,0.568181818182,0.489795918367,0.488888888889,0.541666666667,0.674418604651,0.395833333333,0.4,0.538461538462,0.448979591837,0.5,0.593220338983,0.537037037037,0.607843137255,0.45,0.428571428571,0.510204081633,0.460317460317,0.435483870968,0.58064516129,0.5,0.491525423729,0.5,0.488888888889,0.453125,0.463414634146,0.470588235294,0.529411764706,0.461538461538,0.468085106383,0.464285714286,0.372549019608,0.464285714286,0.467741935484,0.535714285714,0.433962264151,0.581395348837,0.555555555556,0.555555555556,0.586956521739,0.551724137931,0.533333333333,0.672413793103,0.520833333333,0.565217391304,0.574468085106,0.388888888889,0.441860465116,0.463414634146,0.414634146341,0.615384615385,0.553571428571,0.477272727273,0.490566037736,0.446153846154,0.636363636364,0.560975609756,0.416666666667,0.526315789474,0.514285714286,0.488888888889,0.477272727273,0.425,0.478260869565,0.490196078431,0.591836734694,0.517857142857,0.666666666667,0.5,0.513513513514,0.471698113208,0.368421052632,0.311111111111,0.565217391304,0.43137254902,0.444444444444,0.428571428571,0.52,0.55,0.581395348837,0.454545454545,0.422222222222,0.510638297872,0.480769230769,0.44,0.525423728814,0.5,0.527777777778,0.5,0.472727272727,0.596153846154,0.485714285714,0.479166666667,0.567567567568,0.564102564103,0.491228070175,0.487804878049,0.4,0.55,0.52,0.363636363636,0.454545454545,0.472222222222,0.423076923077,0.413793103448,0.44776119403,0.575,0.407407407407,0.438596491228,0.540540540541,0.4,0.538461538462,0.537037037037,0.58,0.571428571429,0.5,0.44776119403,0.377777777778,0.448275862069,0.36170212766,0.456140350877,0.362068965517,0.416666666667,0.508196721311,0.435897435897,0.615384615385,0.454545454545,0.583333333333,0.5,0.439024390244,0.388888888889,0.521739130435,0.528301886792,0.459016393443,0.426229508197,0.354166666667,0.628571428571,0.47619047619,0.702127659574,0.431034482759,0.54,0.479166666667,0.44,0.522727272727,0.424242424242,0.622222222222,0.534482758621,0.56,0.603773584906,0.444444444444,0.433333333333,0.396551724138,0.314285714286,0.461538461538,0.634146341463,0.615384615385,0.46511627907,0.444444444444,0.490909090909,0.5,0.36,0.555555555556,0.358490566038,0.659574468085,0.421052631579,0.477272727273,0.384615384615,0.478873239437,0.423076923077,0.454545454545,0.27027027027,0.415094339623,0.410714285714,0.448979591837,0.5,0.509803921569,0.478260869565,0.54347826087,0.62962962963,0.553191489362,0.553846153846,0.529411764706,0.454545454545,0.510638297872,0.529411764706,0.490909090909,0.55,0.569230769231,0.517857142857,0.5,0.604166666667,0.463414634146,0.466666666667,0.5,0.372549019608,0.487804878049,0.695652173913,0.489361702128,0.615384615385,0.527272727273,0.456140350877,0.534482758621,0.561403508772,0.549019607843,0.595238095238,0.509433962264,0.510204081633,0.53488372093,0.450980392157,0.492307692308,0.508771929825,0.456140350877,0.613636363636,0.551020408163,0.46511627907,0.589743589744,0.634146341463,0.542857142857,0.377777777778,0.5,0.444444444444,0.413793103448,0.51724137931,0.490196078431,0.416666666667,0.43137254902,0.487804878049,0.487804878049,0.477272727273,0.452380952381,0.413043478261,0.42,0.56862745098,0.568965517241,0.458333333333,0.521739130435,0.491228070175,0.583333333333,0.459459459459,0.55,0.757575757576,0.415094339623,0.569230769231,0.565217391304,0.59649122807,0.509803921569,0.403846153846,0.553846153846,0.577777777778,0.508771929825,0.511111111111,0.5,0.615384615385,0.454545454545,0.409090909091,0.605263157895,0.648148148148,0.462962962963,0.418604651163,0.509803921569,0.34375,0.44262295082,0.5,0.576923076923,0.487179487179,0.442307692308,0.5,0.55737704918,0.492063492063,0.528301886792,0.451612903226,0.365384615385,0.477272727273,0.225806451613,0.44,0.422222222222,0.566037735849,0.526315789474,0.578947368421,0.525,0.533333333333,0.511627906977,0.459459459459,0.5,0.435483870968,0.485714285714,0.425,0.4375,0.404255319149,0.454545454545,0.618181818182,0.543859649123,0.526315789474,0.6,0.52380952381,0.461538461538,0.490196078431,0.62,0.509433962264,0.365853658537,0.53488372093,0.446428571429,0.571428571429,0.479166666667,0.542857142857,0.4,0.439024390244,0.533333333333,0.521739130435,0.542857142857,0.462962962963,0.446428571429,0.510638297872,0.511627906977,0.561403508772,0.541666666667,0.487804878049,0.450980392157,0.442307692308,0.588235294118,0.511627906977,0.509090909091,0.560975609756,0.603773584906,0.466666666667,0.432432432432,0.405405405405,0.516129032258,0.516129032258,0.54347826087,0.48275862069,0.55737704918,0.465517241379,0.451612903226,0.470588235294,0.485714285714,0.571428571429,0.48,0.325,0.538461538462,0.436363636364,0.53488372093,0.391304347826,0.489361702128,0.471698113208,0.418181818182,0.5,0.609756097561,0.615384615385,0.5,0.404761904762,0.492307692308,0.588235294118,0.575757575758,0.590163934426,0.347826086957,0.490566037736,0.458333333333,0.52380952381,0.432432432432,0.473684210526,0.390243902439,0.48,0.490196078431,0.469387755102,0.4375,0.53488372093,0.512820512821,0.615384615385,0.56862745098,0.581395348837,0.545454545455,0.52380952381,0.4,0.528301886792,0.509803921569,0.368421052632,0.5,0.533333333333,0.529411764706,0.553571428571,0.545454545455,0.536585365854,0.527777777778,0.586956521739,0.612903225806,0.583333333333,0.477272727273,0.282051282051,0.282051282051,0.365853658537,0.433333333333,0.340909090909,0.382978723404,0.395833333333,0.574468085106,0.64,0.518518518519,0.489795918367,0.478260869565,0.452380952381,0.46511627907,0.567567567568,0.469387755102,0.464285714286,0.56,0.491803278689,0.442307692308,0.537037037037,0.464285714286,0.58,0.543859649123,0.564516129032,0.52,0.452830188679,0.431034482759,0.558139534884,0.584615384615,0.423728813559,0.568965517241,0.65306122449,0.568181818182,0.611111111111,0.352941176471,0.456140350877,0.56,0.576923076923,0.53488372093,0.54347826087,0.619047619048,0.571428571429,0.521739130435,0.473684210526,0.434782608696,0.55,0.410256410256,0.35,0.516129032258,0.539682539683,0.573770491803,0.53125,0.46,0.545454545455,0.3125,0.431034482759,0.469696969697,0.515151515152,0.392857142857,0.510204081633,0.546875,0.546875,0.553846153846,0.442307692308,0.559322033898,0.5,0.384615384615,0.521739130435,0.45652173913,0.508771929825,0.46,0.4375,0.4,0.479166666667,0.48,0.615384615385,0.553191489362,0.4375,0.571428571429,0.489361702128,0.458333333333,0.578947368421,0.458333333333,0.458333333333,0.482142857143,0.514285714286,0.673913043478,0.636363636364,0.606060606061,0.633333333333,0.382978723404,0.555555555556,0.509803921569,0.395348837209,0.428571428571,0.657894736842,0.571428571429,0.471698113208,0.6,0.519230769231,0.517857142857,0.48,0.461538461538,0.5,0.466666666667,0.425,0.533333333333,0.52,0.581395348837,0.411764705882,0.361111111111,0.6,0.634615384615,0.633333333333,0.538461538462,0.5,0.447368421053,0.461538461538,0.612244897959,0.547619047619,0.431818181818,0.571428571429,0.5,0.615384615385,0.473684210526,0.533333333333,0.439024390244,0.5,0.466666666667,0.4,0.447368421053,0.607843137255,0.408163265306,0.423076923077,0.468085106383,0.657894736842,0.487179487179,0.473684210526,0.382352941176,0.511111111111,0.4,0.451612903226,0.45,0.387755102041,0.567567567568,0.619047619048,0.463414634146,0.428571428571,0.59375,0.451612903226,0.621621621622,0.888888888889,0.95652173913,0.785714285714,0.457142857143,0.470588235294,0.710526315789,0.489361702128,0.62,0.475,0.537037037037,0.366666666667,0.478260869565,0.470588235294,0.4,0.487804878049,0.58,0.485714285714,0.479166666667,0.413793103448,0.543859649123,0.411764705882,0.575757575758,0.651515151515,0.583333333333,0.509803921569,0.480769230769,0.553191489362,0.5,0.454545454545,0.46875,0.666666666667,0.615384615385,0.611111111111,0.465517241379,0.4,0.528301886792,0.5,0.490566037736,0.46511627907,0.578947368421,0.588235294118,0.576923076923,0.564102564103,0.533333333333,0.548387096774,0.458333333333,0.414634146341,0.423076923077,0.690476190476,0.529411764706,0.484848484848,0.472222222222,0.555555555556,0.652173913043,0.52,0.608695652174,0.512195121951,0.555555555556,0.538461538462,0.521739130435,0.418604651163,0.436363636364,0.555555555556,0.433962264151,0.553191489362,0.513513513514,0.47619047619,0.5,0.531914893617,0.53488372093,0.5,0.473684210526,0.520833333333,0.529411764706,0.472727272727,0.54,0.452830188679,0.444444444444,0.446808510638,0.377358490566,0.413043478261,0.590909090909,0.522727272727,0.545454545455,0.440677966102,0.538461538462,0.475,0.459459459459,0.545454545455,0.54347826087,0.575757575758,0.545454545455,0.509090909091,0.462962962963,0.470588235294,0.446808510638,0.375,0.590909090909,0.395348837209,0.5,0.428571428571,0.471698113208,0.529411764706,0.52,0.53488372093,0.509090909091,0.5,0.490196078431,0.666666666667,0.490196078431,0.462962962963,0.612244897959,0.47619047619,0.45652173913,0.479166666667,0.428571428571,0.53488372093,0.489795918367,0.5,0.568965517241,0.5,0.486486486486,0.5,0.583333333333,0.384615384615,0.491228070175,0.461538461538,0.541666666667,0.473684210526,0.742857142857,0.555555555556,0.528301886792,0.45652173913,0.69696969697,0.471698113208,0.52380952381,0.37037037037,0.578947368421,0.424242424242,0.619047619048,0.468085106383,0.6,0.606060606061,0.511627906977,0.375,0.379310344828,0.448979591837,0.470588235294,0.6,0.526315789474,0.509803921569,0.477272727273,0.4375,0.545454545455,0.645161290323,0.510204081633,0.480769230769,0.428571428571,0.418181818182,0.433333333333,0.46511627907,0.56,0.5,0.54,0.646153846154,0.490196078431,0.527272727273,0.328125,0.53125,0.564102564103,0.425,0.395348837209,0.551020408163,0.459459459459,0.521739130435,0.396551724138,0.625,0.488372093023,0.47619047619,0.457142857143,0.536585365854,0.645161290323,0.46,0.423076923077,0.489795918367,0.508474576271,0.516666666667,0.534482758621,0.55,0.589743589744,0.365079365079,0.5,0.518518518519,0.557692307692,0.340909090909,0.431818181818,0.583333333333,0.470588235294,0.477611940299,0.485714285714,0.431818181818,0.54347826087,0.56,0.446808510638,0.45652173913,0.421052631579,0.533333333333,0.5,0.382978723404,0.557692307692,0.478260869565,0.468085106383,0.487804878049,0.5,0.604651162791,0.65306122449,0.480769230769,0.515151515152,0.421052631579,0.566037735849,0.596774193548,0.614035087719,0.5625,0.625,0.594594594595,0.45,0.606557377049,0.52,0.490196078431,0.52,0.483870967742,0.634146341463,0.590909090909,0.428571428571,0.5,0.55,0.520833333333,0.545454545455,0.551020408163,0.486486486486,0.410256410256,0.6,0.456140350877,0.512195121951,0.434782608696,0.441860465116,0.520833333333,0.555555555556,0.428571428571,0.41935483871,0.408163265306,0.423076923077,0.508771929825,0.58,0.571428571429,0.641025641026,0.666666666667,0.448275862069,0.428571428571,0.5,0.5,0.520833333333,0.576923076923,0.421052631579,0.509803921569,0.433333333333,0.535714285714,0.557692307692,0.448979591837,0.48,0.418181818182,0.444444444444,0.52380952381,0.369565217391,0.634615384615,0.462962962963,0.416666666667,0.510638297872,0.65,0.577777777778,0.577777777778,0.458333333333,0.5,0.488372093023,0.457142857143,0.521739130435,0.490196078431,0.492307692308,0.54347826087,0.583333333333,0.414634146341,0.555555555556,0.54347826087,0.520833333333,0.384615384615,0.326530612245,0.333333333333,0.472727272727,0.577777777778,0.592592592593,0.571428571429,0.574468085106,0.518518518519,0.483333333333,0.404761904762,0.542372881356,0.56,0.444444444444,0.463414634146,0.46511627907,0.510204081633,0.537037037037,0.5,0.730769230769,0.577777777778,0.38,0.509090909091,0.45652173913,0.490909090909,0.509433962264,0.448979591837,0.311111111111,0.538461538462,0.428571428571,0.365079365079,0.377777777778,0.53488372093,0.489361702128,0.590909090909,0.519230769231,0.56,0.476923076923,0.454545454545,0.583333333333,0.393442622951,0.510638297872,0.46511627907,0.567567567568,0.5625,0.54,0.5,0.511111111111,0.450980392157,0.428571428571,0.444444444444,0.69387755102,0.418604651163,0.488888888889,0.488372093023,0.472727272727,0.5,0.492957746479,0.529411764706,0.509090909091,0.489795918367,0.479166666667,0.609756097561,0.461538461538,0.585365853659,0.407407407407,0.508474576271,0.484848484848,0.573770491803,0.545454545455,0.510638297872,0.613636363636,0.489361702128,0.634146341463,0.615384615385,0.571428571429,0.382978723404,0.541666666667,0.592592592593,0.5,0.462962962963,0.470588235294,0.642857142857,0.560975609756,0.395348837209,0.452380952381,0.581395348837,0.44,0.545454545455,0.5625,0.574468085106,0.571428571429,0.685185185185,0.555555555556,0.571428571429,0.509803921569,0.586956521739,0.521739130435,0.564102564103,0.563636363636,0.325,0.538461538462,0.446153846154,0.545454545455,0.324324324324,0.351351351351,0.5,0.517857142857,0.422222222222,0.508771929825,0.425531914894,0.581395348837,0.375,0.307692307692,0.488372093023,0.479166666667,0.548387096774,0.490196078431,0.409090909091,0.559322033898,0.714285714286,0.441860465116,0.480769230769,0.576923076923,0.54,0.487804878049,0.484848484848,0.522727272727,0.490566037736,0.410256410256,0.378378378378,0.392857142857,0.54347826087,0.442307692308,0.409090909091,0.509433962264,0.612244897959,0.645833333333,0.5625,0.588235294118,0.526315789474,0.604651162791,0.566666666667,0.647058823529,0.576923076923,0.524590163934,0.425531914894,0.489795918367,0.531914893617,0.375,0.470588235294,0.583333333333,0.51724137931,0.576923076923,0.263157894737,0.581395348837,0.545454545455,0.52380952381,0.5625,0.434782608696,0.6,0.54347826087,0.56,0.550724637681,0.545454545455,0.351851851852,0.4,0.511627906977,0.435897435897,0.473684210526,0.558139534884,0.447368421053,0.53488372093,0.369565217391,0.4,0.660714285714,0.520833333333,0.44262295082,0.448275862069,0.518518518519,0.596153846154,0.526315789474,0.480769230769,0.4375,0.512195121951,0.653846153846,0.538461538462,0.45652173913,0.586956521739,0.471698113208,0.519230769231,0.475,0.479166666667,0.566037735849,0.581395348837,0.604166666667,0.413793103448,0.54,0.51724137931,0.512195121951,0.519230769231,0.432835820896,0.384615384615,0.478260869565,0.508474576271,0.5,0.5,0.526315789474,0.5,0.493333333333,0.43137254902,0.43137254902,0.574468085106,0.536585365854,0.418181818182,0.473684210526,0.5,0.454545454545,0.508474576271,0.45652173913,0.58,0.5,0.5,0.395348837209,0.434782608696,0.423076923077,0.537037037037,0.432432432432,0.5,0.458333333333,0.441176470588,0.428571428571,0.470588235294,0.578947368421,0.482142857143,0.604166666667,0.571428571429,0.583333333333,0.391304347826,0.444444444444,0.4,0.361111111111,0.5,0.59375,0.571428571429,0.51724137931,0.553571428571,0.563636363636,0.518518518519,0.431818181818,0.4375,0.543859649123,0.577777777778,0.515151515152,0.458333333333,0.571428571429,0.509090909091,0.477272727273,0.5,0.490566037736,0.386363636364,0.490909090909,0.468085106383,0.5,0.487179487179,0.548387096774,0.561403508772,0.47619047619,0.551020408163,0.5,0.510638297872,0.418604651163,0.416666666667,0.471698113208,0.509433962264,0.594202898551,0.465517241379,0.475409836066,0.441860465116,0.6,0.615384615385,0.509433962264,0.462962962963,0.567567567568,0.388888888889,0.538461538462,0.48,0.490196078431,0.461538461538,0.420289855072,0.444444444444,0.448979591837,0.404255319149,0.583333333333,0.577777777778,0.607142857143,0.508771929825,0.595238095238,0.563636363636,0.589285714286,0.555555555556,0.513513513514,0.434782608696,0.571428571429,0.571428571429,0.450980392157,0.448979591837,0.457627118644,0.439393939394,0.45,0.37037037037,0.531914893617,0.454545454545,0.553571428571,0.649122807018,0.574468085106,0.461538461538,0.5,0.508196721311,0.4,0.44262295082,0.657894736842,0.484848484848,0.566666666667,0.5,0.463414634146,0.516129032258,0.451612903226,0.621621621622,0.645161290323,0.46875,0.586206896552,0.48,0.414634146341,0.45,0.552631578947,0.533333333333,0.586956521739,0.487804878049,0.563636363636,0.5625,0.543859649123,0.545454545455,0.606060606061,0.551020408163,0.5,0.461538461538,0.561403508772,0.558139534884,0.52,0.439024390244,0.454545454545,0.466666666667,0.489361702128,0.526315789474,0.5,0.528301886792,0.489795918367,0.477272727273,0.347826086957,0.551020408163,0.609756097561,0.675,0.528301886792,0.457142857143,0.456140350877,0.431818181818,0.586956521739,0.531914893617,0.409090909091,0.547619047619,0.510638297872,0.590909090909,0.450980392157,0.5,0.41935483871,0.581395348837,0.47619047619,0.5,0.448275862069,0.418181818182,0.585365853659,0.564102564103,0.529411764706,0.540983606557,0.555555555556,0.477272727273,0.44,0.608695652174,0.711538461538,0.612903225806,0.480769230769,0.528301886792,0.589285714286,0.6,0.551020408163,0.52380952381,0.442307692308,0.480769230769,0.480769230769,0.519230769231,0.403225806452,0.365853658537,0.576923076923,0.468085106383,0.488372093023,0.391304347826,0.591836734694,0.5,0.415094339623,0.589285714286,0.613636363636,0.5,0.553571428571,0.5,0.547619047619,0.608695652174,0.6,0.528571428571,0.403225806452,0.351851851852,0.491803278689,0.438596491228,0.578947368421,0.510204081633,0.5,0.444444444444,0.571428571429,0.5,0.368421052632,0.509433962264,0.46,0.509090909091,0.490909090909,0.395348837209,0.435897435897,0.55,0.5,0.482142857143,0.722222222222,0.75,0.675675675676,0.735294117647,0.852941176471,0.560975609756,0.634146341463,0.651162790698,0.53488372093,0.666666666667,0.657894736842,0.659090909091,0.7,0.695652173913,0.452830188679,0.547169811321,0.511111111111,0.511627906977,0.525423728814,0.5,0.529411764706,0.442307692308,0.44,0.522727272727,0.568965517241,0.577777777778,0.666666666667,0.638888888889,0.5,0.645161290323,0.612244897959,0.47619047619,0.490909090909,0.545454545455,0.511627906977,0.543859649123,0.578947368421,0.52,0.466666666667,0.340909090909,0.439024390244,0.605263157895,0.606060606061,0.488372093023,0.509803921569,0.425531914894,0.64,0.48275862069,0.46,0.266666666667,0.520833333333,0.615384615385,0.5,0.404761904762,0.414634146341,0.552631578947,0.5,0.511111111111,0.381818181818,0.538461538462,0.5,0.641509433962,0.533333333333,0.537037037037,0.361111111111,0.456140350877,0.511111111111,0.366666666667,0.433962264151,0.403846153846,0.36170212766,0.5,0.438596491228,0.487804878049,0.56862745098,0.471698113208,0.571428571429,0.581818181818,0.55737704918,0.62,0.243902439024,0.555555555556,0.434782608696,0.47619047619,0.593220338983,0.416666666667,0.295454545455,0.533333333333,0.418181818182,0.444444444444,0.630434782609,0.615384615385,0.566037735849,0.478260869565,0.433962264151,0.538461538462,0.462962962963,0.5,0.512820512821,0.526315789474,0.512195121951,0.625,0.591836734694,0.396226415094,0.5,0.592592592593,0.480769230769,0.416666666667,0.475,0.418604651163,0.533333333333,0.558139534884,0.54,0.446808510638,0.549019607843,0.605263157895,0.466666666667,0.526315789474,0.452380952381,0.407407407407,0.404255319149,0.4375,0.458333333333,0.477272727273,0.408163265306,0.628571428571,0.583333333333,0.409090909091,0.46,0.431034482759,0.52,0.471698113208,0.442307692308,0.457627118644,0.557692307692,0.452830188679,0.461538461538,0.52,0.444444444444,0.551724137931,0.603773584906,0.565217391304,0.619047619048,0.5625,0.413793103448,0.5,0.490566037736,0.467741935484,0.375,0.485714285714,0.48,0.617647058824,0.559322033898,0.538461538462,0.484848484848,0.367346938776,0.513513513514,0.555555555556,0.377777777778,0.36,0.566037735849,0.491228070175,0.446428571429,0.510638297872,0.47619047619,0.511111111111,0.52,0.519230769231,0.658536585366,0.5,0.54,0.461538461538,0.372093023256,0.388888888889,0.382978723404,0.454545454545,0.380952380952,0.457627118644,0.509803921569,0.577777777778,0.589285714286,0.574468085106,0.526315789474,0.529411764706,0.568181818182,0.452380952381,0.470588235294,0.395833333333,0.529411764706,0.622222222222,0.471698113208,0.472727272727,0.520833333333,0.561403508772,0.631578947368,0.673469387755,0.828571428571,0.9,0.783783783784,0.885714285714,0.791666666667,0.702702702703,0.657894736842,0.612244897959,0.5,0.510638297872,0.444444444444,0.422535211268,0.388888888889,0.391304347826,0.471698113208,0.461538461538,0.454545454545,0.530612244898,0.52,0.507936507937,0.51724137931,0.6,0.460317460317,0.448275862069,0.448979591837,0.645833333333,0.508474576271,0.488888888889,0.464285714286,0.377358490566,0.473684210526,0.555555555556,0.586956521739,0.513888888889,0.528571428571,0.560975609756,0.787878787879,1.0,0.594594594595,0.512195121951,0.638888888889,0.647058823529,0.422222222222,0.509433962264,0.574468085106,0.574074074074,0.433962264151,0.578125,0.608695652174,0.518518518519,0.40625,0.564516129032,0.56,0.521739130435,0.6,0.48,0.527777777778,0.454545454545,0.428571428571,0.416666666667,0.434782608696,0.557692307692,0.5,0.480769230769,0.423076923077,0.470588235294,0.516129032258,0.6,0.526315789474,0.510204081633,0.428571428571,0.531914893617,0.666666666667,0.583333333333,0.539682539683,0.531914893617,0.538461538462,0.621621621622,0.537037037037,0.553571428571,0.51724137931,0.558139534884,0.463414634146,0.483870967742,0.454545454545,0.42,0.426470588235,0.431818181818,0.458333333333,0.483870967742,0.447368421053,0.55,0.390243902439,0.448979591837,0.537037037037,0.517857142857,0.518518518519,0.479166666667,0.551020408163,0.530612244898,0.690909090909,0.629032258065,0.520833333333,0.421052631579,0.469387755102,0.568965517241,0.59649122807,0.5,0.416666666667,0.5,0.5,0.551020408163,0.394736842105,0.558139534884,0.403846153846,0.396551724138,0.325,0.418604651163,0.508474576271,0.450980392157,0.508771929825,0.52380952381,0.470588235294,0.38,0.492307692308,0.47619047619,0.469696969697,0.516129032258,0.6,0.510204081633,0.568965517241,0.540540540541,0.439024390244,0.521739130435,0.411764705882,0.5,0.48275862069,0.512195121951,0.446428571429,0.421052631579,0.5,0.423076923077,0.5,0.450980392157,0.546666666667,0.566666666667,0.55,0.490909090909,0.442307692308,0.342857142857,0.573770491803,0.460317460317,0.551724137931,0.533333333333,0.607142857143,0.558139534884,0.684210526316,0.5,0.5,0.69387755102,0.378787878788,0.471698113208,0.433962264151,0.542372881356,0.551020408163,0.473684210526,0.491228070175,0.558139534884,0.466666666667,0.5,0.409090909091,0.44262295082,0.431818181818,0.586956521739,0.46,0.571428571429,0.517857142857,0.526315789474,0.333333333333,0.347826086957,0.685714285714,0.46,0.578947368421,0.402985074627,0.522727272727,0.488888888889,0.5,0.5,0.515625,0.516666666667,0.481481481481,0.458333333333,0.473684210526,0.5,0.43661971831,0.438596491228,0.475409836066,0.533333333333,0.634615384615,0.541666666667,0.395833333333,0.630434782609,0.537037037037,0.5,0.5,0.378787878788,0.609375,0.555555555556,0.507246376812,0.545454545455,0.528571428571,0.454545454545,0.606557377049,0.625,0.484848484848,0.5,0.477611940299,0.34693877551,0.428571428571,0.472727272727,0.518518518519,0.574468085106,0.42,0.404255319149,0.47619047619,0.5,0.6,0.555555555556,0.491803278689,0.521739130435,0.481481481481,0.388888888889,0.621621621622,0.409090909091,0.452380952381,0.520833333333,0.616666666667,0.468085106383,0.611940298507,0.58,0.603773584906,0.589285714286,0.47619047619,0.5,0.48,0.387755102041,0.541666666667,0.434782608696,0.488888888889,0.553571428571,0.5,0.56862745098,0.51724137931,0.37037037037,0.436363636364,0.525423728814,0.473684210526,0.387096774194,0.516666666667,0.543859649123,0.863636363636,0.8125,0.862068965517,0.793103448276,0.611111111111,0.5,0.488888888889,0.491228070175,0.5,0.527777777778,0.571428571429,0.510204081633,0.345454545455,0.42,0.407407407407,0.415094339623,0.470588235294,0.411764705882,0.469387755102,0.472727272727,0.44776119403,0.367647058824,0.507462686567,0.465517241379,0.59375,0.530303030303,0.514705882353,0.577777777778,0.730769230769,0.583333333333,0.555555555556,0.45652173913,0.577777777778,0.611111111111,0.571428571429,0.651162790698,0.651162790698,0.439024390244,0.514285714286,0.576923076923,0.439024390244,0.542372881356,0.538461538462,0.5,0.553191489362,0.469387755102,0.55,0.596774193548,0.403225806452,0.54347826087,0.396226415094,0.425531914894,0.557692307692,0.5,0.525,0.473684210526,0.394736842105,0.425,0.454545454545,0.571428571429,0.517857142857,0.488888888889,0.307692307692,0.615384615385,0.552631578947,0.46,0.483870967742,0.578947368421,0.463414634146,0.530612244898,0.478260869565,0.488888888889,0.555555555556,0.532258064516,0.387755102041,0.551020408163,0.557692307692,0.418181818182,0.5,0.525423728814,0.41935483871,0.4,0.591549295775,0.509803921569,0.363636363636,0.583333333333,0.52,0.553191489362,0.525423728814,0.462686567164,0.484375,0.56,0.464285714286,0.380952380952,0.404255319149,0.446808510638,0.488888888889,0.645161290323,0.482142857143,0.41935483871,0.511627906977,0.475,0.610169491525,0.490196078431,0.474576271186,0.3125,0.575,0.439024390244,0.448979591837,0.34,0.46,0.375,0.372549019608,0.481481481481,0.47619047619,0.428571428571,0.508474576271,0.558139534884,0.44,0.484848484848,0.491228070175,0.511111111111,0.432432432432,0.5,0.487804878049,0.480769230769,0.555555555556,0.578125,0.46511627907,0.410714285714,0.512195121951,0.547169811321,0.517857142857,0.659574468085,0.425925925926,0.527272727273,0.509090909091,0.326086956522,0.478260869565,0.433333333333,0.411764705882,0.589743589744,0.584905660377,0.492957746479,0.615384615385,0.555555555556,0.512195121951,0.531914893617,0.469696969697,0.535714285714,0.471698113208,0.446428571429,0.587301587302,0.538461538462,0.508196721311,0.536585365854,0.472222222222,0.491525423729,0.508771929825,0.51724137931,0.46875,0.489361702128,0.510204081633,0.457142857143,0.46875,0.589743589744,0.351351351351,0.435897435897,0.457627118644,0.457627118644,0.464285714286,0.421875,0.53488372093,0.545454545455,0.469387755102,0.37037037037,0.567567567568,0.428571428571,0.555555555556,0.52380952381,0.508474576271,0.6,0.538461538462,0.46511627907,0.558823529412,0.631578947368,0.4375,0.214285714286,0.507692307692,0.473684210526,0.489795918367,0.470588235294,0.45652173913,0.434782608696,0.522727272727,0.378378378378,0.558139534884,0.625,0.558139534884,0.516129032258,0.488888888889,0.553191489362,0.603773584906,0.451612903226,0.478260869565,0.493150684932,0.476923076923,0.507692307692,0.517857142857,0.375,0.51724137931,0.340425531915,0.54347826087,0.52380952381,0.395348837209,0.372093023256,0.477272727273,0.522727272727,0.571428571429,0.608695652174,0.529411764706,0.484848484848,0.65,0.442307692308,0.584905660377,0.571428571429,0.555555555556,0.55223880597,0.508196721311,0.521739130435,0.478260869565,0.547169811321,0.432835820896,0.448979591837,0.490566037736,0.531914893617,0.463414634146,0.5,0.384615384615,0.618181818182,0.436363636364,0.448275862069,0.511111111111,0.622641509434,0.648148148148,0.54347826087,0.603448275862,0.525,0.475409836066,0.53488372093,0.533333333333,0.511111111111,0.510638297872,0.520833333333,0.5,0.5,0.604166666667,0.464285714286,0.509433962264,0.52,0.471698113208,0.547169811321,0.603773584906,0.54347826087,0.526315789474,0.514285714286,0.590909090909,0.533333333333,0.5,0.466666666667,0.388888888889,0.5,0.478260869565,0.526315789474,0.5,0.568181818182,0.586956521739,0.625,0.6,0.581395348837,0.564102564103,0.567567567568,0.444444444444,0.5,0.611111111111,0.4,0.548387096774,0.520833333333,0.5,0.591836734694,0.395348837209,0.489795918367,0.531914893617,0.534482758621,0.468085106383,0.552631578947,0.578947368421,0.508474576271,0.509090909091,0.538461538462,0.454545454545,0.571428571429,0.54347826087,0.538461538462,0.486486486486,0.78125,0.591836734694,0.541666666667,0.393442622951,0.341463414634,0.524590163934,0.413043478261,0.553191489362,0.576923076923,0.491525423729,0.423076923077,0.5,0.491803278689,0.558139534884,0.470588235294,0.52,0.549019607843,0.583333333333,0.4,0.5,0.531914893617,0.519230769231,0.444444444444,0.377777777778,0.5,0.325,0.421052631579,0.377358490566,0.523076923077,0.581818181818,0.551724137931,0.596153846154,0.5,0.450980392157,0.510638297872,0.521739130435,0.441860465116,0.382978723404,0.351351351351,0.520833333333,0.52,0.537313432836,0.525423728814,0.474576271186,0.529411764706,0.490566037736,0.414634146341,0.5,0.605263157895,0.536585365854,0.413043478261,0.418604651163,0.352941176471,0.4,0.369565217391,0.454545454545,0.630434782609,0.456140350877,0.395348837209,0.6,0.462962962963,0.463414634146,0.309523809524,0.553191489362,0.371428571429,0.5,0.5625,0.522727272727,0.541666666667,0.395833333333,0.489795918367,0.333333333333,0.518518518519,0.5,0.591836734694,0.488888888889,0.56,0.466666666667,0.573770491803,0.540983606557,0.5,0.432835820896,0.438596491228,0.571428571429,0.563636363636,0.360655737705,0.452830188679,0.5,0.473684210526,0.435897435897,0.555555555556,0.410256410256,0.388888888889,0.583333333333,0.408163265306,0.5,0.5,0.416666666667,0.488888888889,0.472727272727,0.537037037037,0.425925925926,0.333333333333,0.474576271186,0.428571428571,0.470588235294,0.564102564103,0.539682539683,0.46511627907,0.720930232558,0.416666666667,0.446808510638,0.5,0.418181818182,0.62,0.571428571429,0.511627906977,0.633333333333,0.5,0.553191489362,0.5,0.508771929825,0.6,0.490196078431,0.525423728814,0.444444444444,0.508196721311,0.553191489362,0.428571428571,0.4,0.613636363636,0.491228070175,0.520833333333,0.6,0.577777777778,0.483870967742,0.297297297297,0.5,0.46875,0.652173913043,0.636363636364,0.538461538462,0.454545454545,0.433962264151,0.325,0.51724137931,0.48275862069,0.409090909091,0.382352941176,0.557692307692,0.515625,0.530612244898,0.418181818182,0.571428571429,0.425,0.5,0.59649122807,0.536585365854,0.438596491228,0.446808510638,0.469387755102,0.490566037736,0.6,0.529411764706,0.46875,0.5,0.41935483871,0.487179487179,0.477272727273,0.418604651163,0.418604651163,0.405405405405,0.444444444444,0.54,0.610169491525,0.5,0.528301886792,0.481481481481,0.452830188679,0.55,0.436363636364,0.41935483871,0.637931034483,0.593220338983,0.769230769231,0.518518518519,0.568965517241,0.454545454545,0.548387096774,0.390243902439,0.55737704918,0.475,0.5,0.571428571429,0.52380952381,0.529411764706,0.487179487179,0.414634146341,0.576923076923,0.521739130435,0.418181818182,0.578947368421,0.363636363636,0.595238095238,0.52,0.418604651163,0.584905660377,0.439024390244,0.625,0.288888888889,0.627906976744,0.6,0.567567567568,0.514285714286,0.578947368421,0.530612244898,0.529411764706,0.470588235294,0.583333333333,0.590163934426,0.465517241379,0.509433962264,0.421052631579,0.5,0.613636363636,0.434782608696,0.6,0.521739130435,0.46511627907,0.541666666667,0.448275862069,0.6,0.488888888889,0.5,0.425,0.592592592593,0.571428571429,0.509803921569,0.538461538462,0.439024390244,0.436363636364,0.431034482759,0.411764705882,0.509803921569,0.488888888889,0.439024390244,0.575757575758,0.508474576271,0.561403508772,0.48275862069,0.513513513514,0.634146341463,0.553191489362,0.513513513514,0.54,0.395348837209,0.465517241379,0.566037735849,0.588235294118,0.509433962264,0.440677966102,0.569230769231,0.384615384615,0.510204081633,0.470588235294,0.489795918367,0.486486486486,0.584905660377,0.5,0.525,0.616666666667,0.553191489362,0.511111111111,0.574074074074,0.369565217391,0.53488372093,0.515151515152,0.518518518519,0.527272727273,0.560975609756,0.413793103448,0.571428571429,0.407407407407,0.482142857143,0.3125,0.52380952381,0.431818181818,0.479166666667,0.460317460317,0.602941176471,0.549019607843,0.52,0.54347826087,0.431818181818,0.590909090909,0.44,0.403846153846,0.413793103448,0.489795918367,0.558139534884,0.537037037037,0.339622641509,0.553191489362,0.5,0.583333333333,0.6,0.48,0.56862745098,0.52,0.542857142857,0.439024390244,0.516666666667,0.365079365079,0.434782608696,0.510204081633,0.541666666667,0.457627118644,0.519230769231,0.490909090909,0.5,0.43137254902,0.394736842105,0.537037037037,0.605263157895,0.628571428571,0.615384615385,0.470588235294,0.456140350877,0.481481481481,0.48275862069,0.448979591837,0.52380952381,0.425,0.325581395349,0.538461538462,0.388888888889,0.585365853659,0.555555555556,0.56,0.540540540541,0.539682539683,0.518518518519,0.452830188679,0.45652173913,0.326530612245,0.5,0.421052631579,0.470588235294,0.45652173913,0.469696969697,0.522727272727,0.473684210526,0.5,0.46511627907,0.489361702128,0.382352941176,0.555555555556,0.594594594595,0.5,0.513513513514,0.564516129032,0.576923076923,0.482142857143,0.6,0.521739130435,0.535714285714,0.491228070175,0.552631578947,0.529411764706,0.68085106383,0.630769230769,0.422222222222,0.631578947368,0.441860465116,0.568965517241,0.455882352941,0.588235294118,0.4875,0.547169811321,0.576923076923,0.607843137255,0.517857142857,0.5,0.5,0.611111111111,0.464285714286,0.673076923077,0.396551724138,0.549019607843,0.457627118644,0.444444444444,0.363636363636,0.522727272727,0.490196078431,0.489795918367,0.521739130435,0.619047619048,0.459459459459,0.444444444444,0.560975609756,0.48,0.461538461538,0.4,0.472222222222,0.666666666667,0.609375,0.296296296296,0.478260869565,0.590909090909,0.647058823529,0.403846153846,0.553571428571,0.453125,0.511111111111,0.5,0.423076923077,0.533333333333,0.5,0.477272727273,0.508771929825,0.535714285714,0.546875,0.54,0.459016393443,0.348484848485,0.51724137931,0.516129032258,0.428571428571,0.38,0.473684210526,0.526315789474,0.448979591837,0.594594594595,0.5625,0.595744680851,0.595238095238,0.645833333333,0.564516129032,0.541666666667,0.604651162791,0.627906976744,0.565217391304,0.576923076923,0.510204081633,0.43137254902,0.529411764706,0.510204081633,0.509803921569,0.577777777778,0.404761904762,0.53488372093,0.586956521739,0.5,0.553846153846,0.425531914894,0.40625,0.384615384615,0.491525423729,0.492537313433,0.525423728814,0.508474576271,0.56862745098,0.531914893617,0.5,0.5,0.569230769231,0.509090909091,0.423076923077,0.294117647059,0.291666666667,0.243902439024,0.524590163934,0.454545454545,0.5,0.478260869565,0.511111111111,0.568965517241,0.454545454545,0.490909090909,0.454545454545,0.357142857143,0.577464788732,0.761904761905,0.720930232558,0.441860465116,0.507246376812,0.5,0.612903225806,0.390625,0.5,0.55,0.512820512821,0.5,0.479166666667,0.448979591837,0.436363636364,0.517857142857,0.586206896552,0.655172413793,0.371428571429,0.448275862069,0.388888888889,0.485714285714,0.552631578947,0.396825396825,0.530612244898,0.56862745098,0.407407407407,0.5625,0.425531914894,0.533333333333,0.521739130435,0.591836734694,0.471698113208,0.434782608696,0.515151515152,0.541666666667,0.470588235294,0.531914893617,0.46,0.468085106383,0.434782608696,0.452380952381,0.5,0.326086956522,0.4,0.333333333333,0.5,0.469387755102,0.539682539683,0.641025641026,0.4,0.588235294118,0.555555555556,0.478260869565,0.531914893617,0.52380952381,0.421052631579,0.575,0.409836065574,0.615384615385,0.5,0.4375,0.526315789474,0.566666666667,0.444444444444,0.466666666667,0.581818181818,0.387755102041,0.522727272727,0.509803921569,0.581818181818,0.508196721311,0.486486486486,0.448979591837,0.576271186441,0.627906976744,0.450980392157,0.43137254902,0.5,0.38,0.578125,0.508474576271,0.545454545455,0.595238095238,0.518518518519,0.5,0.422222222222,0.5,0.421875,0.377358490566,0.490196078431,0.446808510638,0.428571428571,0.549019607843,0.604166666667,0.354166666667,0.617021276596,0.444444444444,0.451612903226,0.477611940299,0.441176470588,0.42,0.47619047619,0.511627906977,0.38,0.31914893617,0.5,0.608695652174,0.440677966102,0.41095890411,0.508196721311,0.42,0.48,0.5,0.549019607843,0.568181818182,0.590163934426,0.541666666667,0.5,0.483333333333,0.352112676056,0.44262295082,0.435483870968,0.452830188679,0.416666666667,0.355555555556,0.490909090909,0.454545454545,0.466666666667,0.666666666667,0.428571428571,0.431034482759,0.546875,0.551020408163,0.428571428571,0.6,0.5,0.54,0.511111111111,0.508771929825,0.542372881356,0.468085106383,0.551020408163,0.410714285714,0.5,0.371428571429,0.608695652174,0.555555555556,0.552631578947,0.477272727273,0.4,0.363636363636,0.52,0.62962962963,0.37037037037,0.444444444444,0.573770491803,0.59375,0.486111111111,0.509433962264,0.512820512821,0.448275862069,0.652173913043,0.530612244898,0.645833333333,0.565217391304,0.413043478261,0.541666666667,0.54347826087,0.603773584906,0.5,0.441176470588,0.4375,0.410714285714,0.466666666667,0.295454545455,0.421052631579,0.545454545455,0.433962264151,0.488372093023,0.479166666667,0.6,0.4,0.470588235294,0.592592592593,0.413793103448,0.574074074074,0.52380952381,0.56,0.55,0.452830188679,0.479166666667,0.489795918367,0.489795918367,0.48,0.474576271186,0.483870967742,0.5,0.603448275862,0.5,0.535714285714,0.510204081633,0.551020408163,0.461538461538,0.438596491228,0.46,0.513513513514,0.459459459459,0.511627906977,0.533333333333,0.543859649123,0.566666666667,0.592592592593,0.488372093023,0.44,0.5,0.538461538462,0.472222222222,0.5,0.472222222222,0.5,0.344827586207,0.51724137931,0.621621621622,0.452830188679,0.535714285714,0.490909090909,0.448979591837,0.409836065574,0.405797101449,0.65,0.444444444444,0.484848484848,0.48,0.451612903226,0.537037037037,0.529411764706,0.365853658537,0.421052631579,0.468085106383,0.530612244898,0.518518518519,0.433333333333,0.454545454545,0.470588235294,0.40625,0.471698113208,0.5,0.532258064516,0.524590163934,0.491525423729,0.642857142857,0.519230769231,0.634615384615,0.657142857143,0.627906976744,0.478260869565,0.54347826087,0.519230769231,0.555555555556,0.527272727273,0.472727272727,0.467741935484,0.508474576271,0.448275862069,0.454545454545,0.530612244898,0.576271186441,0.551724137931,0.566666666667,0.548387096774,0.5,0.423076923077,0.452380952381,0.578947368421,0.428571428571,0.444444444444,0.6,0.6,0.5625,0.484848484848,0.555555555556,0.414634146341,0.592592592593,0.483870967742,0.485714285714,0.485714285714,0.543859649123,0.491803278689,0.545454545455,0.526315789474,0.527272727273,0.4,0.414285714286,0.634920634921,0.5,0.428571428571,0.509090909091,0.480769230769,0.433962264151,0.382978723404,0.517857142857,0.48,0.611111111111,0.571428571429,0.576923076923,0.609756097561,0.480769230769,0.413793103448,0.485714285714,0.480769230769,0.458333333333,0.456140350877,0.52380952381,0.436363636364,0.444444444444,0.34,0.5,0.468085106383,0.63829787234,0.395833333333,0.4,0.5,0.529411764706,0.485714285714,0.541666666667,0.309090909091,0.449275362319,0.510638297872,0.517857142857,0.357142857143,0.43137254902,0.357142857143,0.428571428571,0.442857142857,0.509433962264,0.46,0.489795918367,0.426229508197,0.515625,0.466666666667,0.547619047619,0.395833333333,0.486486486486,0.509433962264,0.416666666667,0.451612903226,0.5,0.435897435897,0.529411764706,0.5,0.5,0.452380952381,0.521739130435,0.5,0.456140350877,0.586206896552,0.479166666667,0.485714285714,0.408163265306,0.409090909091,0.539682539683,0.52,0.512195121951,0.547619047619,0.724137931034,0.8125,0.542857142857,0.615384615385,0.538461538462,0.531914893617,0.553191489362,0.490196078431,0.488372093023,0.51724137931,0.616666666667,0.6,0.325581395349,0.828571428571,0.294117647059,0.51724137931,0.659090909091,0.609756097561,0.5,0.528301886792,0.528301886792,0.537037037037,0.551724137931,0.469387755102,0.48,0.4375,0.5,0.452380952381,0.388888888889,0.508771929825,0.508196721311,0.428571428571,0.613636363636,0.42,0.528301886792,0.588235294118,0.456140350877,0.5,0.475409836066,0.6,0.567567567568,0.538461538462,0.4375,0.509090909091,0.415094339623,0.392857142857,0.53125,0.441860465116,0.480769230769,0.509803921569,0.410714285714,0.476923076923,0.375,0.471698113208,0.387755102041,0.538461538462,0.431818181818,0.54347826087,0.520833333333,0.387755102041,0.387755102041,0.513888888889,0.475409836066,0.421052631579,0.511627906977,0.526315789474,0.482142857143,0.477611940299,0.561403508772,0.446428571429,0.630434782609,0.5,0.537313432836,0.402597402597,0.9,0.478260869565,0.5,0.510638297872,0.411764705882,0.446808510638,0.519230769231,0.54,0.46,0.692307692308,0.342857142857,0.75,1.0,0.584615384615,0.578947368421,0.622222222222,0.551020408163,0.6,0.603448275862,0.68,0.608695652174,0.473684210526,0.702702702703,0.325581395349,0.674418604651,0.674418604651,0.526315789474,0.448979591837,0.313725490196,0.382978723404,0.4,0.58,0.351851851852,0.625,0.584905660377,0.433962264151,0.466666666667,0.545454545455,0.403846153846,0.382978723404,0.5,0.516666666667,0.525423728814,0.555555555556,0.448979591837,0.439024390244,0.633333333333,0.472727272727,0.604651162791,0.613636363636,0.517857142857,0.5,0.5,0.565217391304,0.511111111111,0.511111111111,0.531914893617,0.6,0.666666666667,0.474576271186,0.444444444444,0.5,0.448979591837,0.53125,0.551724137931,0.59375,0.481481481481,0.521739130435,0.415584415584,0.422535211268,0.44262295082,0.508474576271,0.571428571429,0.595744680851,0.423728813559,0.36170212766,0.634615384615,0.422222222222,0.59375,0.46511627907,0.52380952381,0.588235294118,0.523076923077,0.459459459459,0.441558441558,0.551724137931,0.547169811321,0.583333333333,0.477611940299,0.509090909091,0.402985074627,0.426229508197,0.462962962963,0.511627906977,0.491228070175,0.508771929825,0.363636363636,0.3,0.487179487179,0.487804878049,0.47619047619,0.567567567568,0.333333333333,0.571428571429,0.620689655172,0.466666666667,0.510638297872,0.641025641026,0.666666666667,0.666666666667,0.685714285714,0.548387096774,0.545454545455,0.548387096774,0.628571428571,0.529411764706,0.442307692308,0.483333333333,0.538461538462,0.509803921569,0.473684210526,0.4,0.490196078431,0.5,0.466666666667,0.567567567568,0.509803921569,0.5,0.583333333333,0.578947368421,0.458333333333,0.5,0.396551724138,0.552631578947,0.44,0.454545454545,0.571428571429,0.473684210526,0.571428571429,0.586956521739,0.47619047619,0.64,0.62,0.469387755102,0.423728813559,0.52380952381,0.44262295082,0.477272727273,0.53488372093,0.448979591837,0.459459459459,0.553191489362,0.4375,0.384615384615,0.46511627907,0.435483870968,0.456140350877,0.477611940299,0.529411764706,0.592592592593,0.413043478261,0.613636363636,0.547169811321,0.538461538462,0.480769230769,0.490196078431,0.41935483871,0.5,0.6,0.54,0.592592592593,0.547619047619,0.608695652174,0.462962962963,0.558139534884,0.475,0.418181818182,0.367346938776,0.5,0.52380952381,0.426229508197,0.488372093023,0.469696969697,0.630434782609,0.568181818182,0.44,0.44262295082,0.571428571429,0.418604651163,0.657142857143,0.575,0.461538461538,0.515625,0.457627118644,0.59375,0.59649122807,0.632653061224,0.425,0.411764705882,0.413793103448,0.489361702128,0.608695652174,0.571428571429,0.509433962264,0.621621621622,0.5,0.592592592593,0.549019607843,0.459459459459,0.413793103448,0.540540540541,0.5,0.512195121951,0.487179487179,0.490909090909,0.542372881356,0.470588235294,0.45652173913,0.509433962264,0.593220338983,0.492063492063,0.468085106383,0.372093023256,0.442307692308,0.516129032258,0.530612244898,0.487179487179,0.552631578947,0.447368421053,0.46,0.473684210526,0.660714285714,0.604166666667,0.5,0.466666666667,0.481481481481,0.581395348837,0.477272727273,0.475,0.5,0.428571428571,0.5,0.467741935484,0.488888888889,0.469387755102,0.561403508772,0.423076923077,0.531914893617,0.462962962963,0.5,0.452380952381,0.638888888889,0.469387755102,0.574468085106,0.553191489362,0.575,0.65,0.575,0.463414634146,0.574074074074,0.510638297872,0.534482758621,0.488372093023,0.4,0.441176470588,0.555555555556,0.482142857143,0.58,0.581395348837,0.46875,0.357142857143,0.595744680851,0.482142857143,0.563636363636,0.454545454545,0.555555555556,0.457142857143,0.469387755102,0.534482758621,0.510204081633,0.388888888889,0.524590163934,0.47619047619,0.450980392157,0.54,0.5,0.532258064516,0.423728813559,0.722222222222,0.568181818182,0.529411764706,0.5,0.490909090909,0.555555555556,0.543859649123,0.488372093023,0.413043478261,0.448979591837,0.514285714286,0.558139534884,0.484375,0.5,0.459459459459,0.58,0.454545454545,0.5,0.509803921569,0.456140350877,0.553191489362,0.512195121951,0.431818181818,0.461538461538,0.568181818182,0.533333333333,0.618181818182,0.553571428571,0.510638297872,0.529411764706,0.439024390244,0.428571428571,0.517857142857,0.409090909091,0.403225806452,0.586956521739,0.409090909091,0.460317460317,0.45652173913,0.55,0.422222222222,0.612244897959,0.395348837209,0.425,0.435897435897,0.577777777778,0.54,0.566037735849,0.491228070175,0.470588235294,0.555555555556,0.47619047619,0.377777777778,0.435483870968,0.43137254902,0.581395348837,0.452830188679,0.46,0.530612244898,0.53488372093,0.533333333333,0.5625,0.553191489362,0.4,0.509803921569,0.520833333333,0.477272727273,0.613636363636,0.409090909091,0.380952380952,0.525,0.509433962264,0.595238095238,0.372549019608,0.45,0.586956521739,0.478260869565,0.666666666667,0.558823529412,0.452380952381,0.547619047619,0.326086956522,0.463414634146,0.375,0.609756097561,0.486486486486,0.448979591837,0.372549019608,0.387755102041,0.357142857143,0.604166666667,0.547619047619,0.594594594595,0.489795918367,0.444444444444,0.425531914894,0.34,0.611111111111,0.375,0.636363636364,0.603448275862,0.561403508772,0.44,0.428571428571,0.521739130435,0.54347826087,0.647058823529,0.512820512821,0.609756097561,0.65,0.4,0.428571428571,0.385964912281,0.431818181818,0.510204081633,0.525,0.458333333333,0.5,0.488888888889,0.5,0.490566037736,0.5,0.4375,0.561403508772,0.394736842105,0.425925925926,0.530612244898,0.333333333333,0.375,0.574468085106,0.450980392157,0.45,0.441860465116,0.586956521739,0.296296296296,0.525,0.539682539683,0.508771929825,0.610169491525,0.581818181818,0.607142857143,0.540983606557,0.347826086957,0.607843137255,0.46,0.576271186441,0.471698113208,0.583333333333,0.452380952381,0.475,0.333333333333,0.517857142857,0.461538461538,0.392857142857,0.558823529412,0.509433962264,0.467741935484,0.512195121951,0.462962962963,0.553191489362,0.428571428571,0.53488372093,0.354166666667,0.473684210526,0.574468085106,0.54,0.461538461538,0.489361702128,0.45,0.431818181818,0.46511627907,0.468085106383,0.5,0.354166666667,0.488372093023,0.5,0.464285714286,0.660377358491,0.630434782609,0.589285714286,0.416666666667,0.47619047619,0.46511627907,0.375,0.388888888889,0.561403508772,0.489795918367,0.48,0.518518518519,0.470588235294,0.526315789474,0.536231884058,0.459459459459,0.487179487179,0.478260869565,0.473684210526,0.450980392157,0.534482758621,0.45652173913,0.617021276596,0.6,0.540540540541,0.458333333333,0.541666666667,0.489795918367,0.471698113208,0.52380952381,0.48,0.5625,0.44262295082,0.46,0.477272727273,0.564102564103,0.52380952381,0.609756097561,0.62,0.571428571429,0.538461538462,0.56862745098,0.425925925926,0.423076923077,0.54,0.463414634146,0.394736842105,0.491228070175,0.608695652174,0.615384615385,0.5,0.609756097561,0.571428571429,0.5,0.604651162791,0.489795918367,0.612903225806,0.586206896552,0.710526315789,0.512195121951,0.545454545455,0.4375,0.52380952381,0.56862745098,0.478260869565,0.463414634146,0.517857142857,0.586956521739,0.56862745098,0.571428571429,0.407407407407,0.468085106383,0.509433962264,0.4,0.520833333333,0.590909090909,0.5,0.5,0.487179487179,0.512820512821,0.444444444444,0.452380952381,0.435897435897,0.454545454545,0.547619047619,0.357142857143,0.545454545455,0.509803921569,0.489361702128,0.5,0.441176470588,0.432432432432,0.584905660377,0.549019607843,0.547619047619,0.474576271186,0.63829787234,0.461538461538,0.590909090909,0.595238095238,0.571428571429,0.463768115942,0.441176470588,0.461538461538,0.5,0.391304347826,0.404255319149,0.5,0.515625,0.478260869565,0.5,0.591836734694,0.394736842105,0.468085106383,0.555555555556,0.404255319149,0.56,0.5,0.538461538462,0.46511627907,0.474576271186,0.607843137255,0.452380952381,0.340425531915,0.5,0.470588235294,0.565217391304,0.48,0.574468085106,0.558139534884,0.464285714286,0.472222222222,0.435897435897,0.6,0.383333333333,0.479166666667,0.431818181818,0.423076923077,0.595744680851,0.520833333333,0.508474576271,0.594594594595,0.516666666667,0.538461538462,0.464285714286,0.436363636364,0.428571428571,0.627118644068,0.479166666667,0.586206896552,0.555555555556,0.527272727273,0.581818181818,0.542857142857,0.571428571429,0.533333333333,0.478260869565,0.55,0.5,0.434782608696,0.404255319149,0.511627906977,0.565217391304,0.5,0.545454545455,0.4375,0.6,0.520833333333,0.469387755102,0.478260869565,0.529411764706,0.583333333333,0.490196078431,0.4,0.666666666667,0.416666666667,0.441860465116,0.488372093023,0.574468085106,0.436363636364,0.462962962963,0.462962962963,0.566037735849,0.458333333333,0.568181818182,0.367346938776,0.480769230769,0.433962264151,0.456140350877,0.566037735849,0.56862745098,0.62,0.56862745098,0.459459459459,0.586206896552,0.53125,0.584615384615,0.510638297872,0.487179487179,0.666666666667,0.558139534884,0.571428571429,0.547619047619,0.451612903226,0.473684210526,0.588235294118,0.444444444444,0.425,0.462962962963,0.571428571429,0.346153846154,0.487179487179,0.358974358974,0.511111111111,0.46511627907,0.545454545455,0.589743589744,0.666666666667,0.607843137255,0.5,0.590909090909,0.583333333333,0.484848484848,0.489361702128,0.468085106383,0.510204081633,0.52380952381,0.41935483871,0.551724137931,0.52,0.658536585366,0.423076923077,0.571428571429,0.459459459459,0.566666666667,0.533333333333,0.521739130435,0.404255319149,0.5,0.6,0.5,0.547619047619,0.537037037037,0.441860465116,0.52,0.477272727273,0.491803278689,0.448979591837,0.418604651163,0.478260869565,0.471698113208,0.560975609756,0.46511627907,0.447368421053,0.386363636364,0.46,0.43137254902,0.68085106383,0.511111111111,0.545454545455,0.48,0.514285714286,0.5,0.490909090909,0.411764705882,0.5,0.581395348837,0.551724137931,0.421052631579,0.459459459459,0.507692307692,0.6,0.487179487179,0.553191489362,0.553571428571,0.48,0.483870967742,0.536585365854,0.43137254902,0.418604651163,0.36,0.56862745098,0.519230769231,0.488888888889,0.448275862069,0.557692307692,0.5,0.604651162791,0.605263157895,0.392156862745,0.469387755102,0.488888888889,0.444444444444,0.585365853659,0.483870967742,0.5,0.428571428571,0.52,0.465517241379,0.641509433962,0.392156862745,0.511111111111,0.455882352941,0.622222222222,0.585365853659,0.486486486486,0.583333333333,0.529411764706,0.46511627907,0.595238095238,0.603448275862,0.604651162791,0.8,0.46875,0.489795918367,0.5,0.441860465116,0.62,0.531914893617,0.511111111111,0.347826086957,0.525,0.545454545455,0.509803921569,0.531914893617,0.770833333333,0.692307692308,0.5,0.490196078431,0.563636363636,0.3,0.666666666667,0.348837209302,0.472727272727,0.551020408163,0.416666666667,0.416666666667,0.434782608696,0.4,0.578947368421,0.46,0.516666666667,0.529411764706,0.547169811321,0.51724137931,0.5,0.530303030303,0.484848484848,0.5625,0.558139534884,0.551020408163,0.465517241379,0.6,0.5,0.478260869565,0.394736842105,0.466666666667,0.5,0.479166666667,0.5,0.595238095238,0.619047619048,0.434782608696,0.428571428571,0.591836734694,0.428571428571,0.486486486486,0.513513513514,0.541666666667,0.4375,0.527777777778,0.526315789474,0.615384615385,0.56,0.529411764706,0.575,0.454545454545,0.471698113208,0.5,0.5,0.425531914894,0.387096774194,0.472222222222,0.45,0.511111111111,0.5,0.615384615385,0.411764705882,0.581395348837,0.5,0.567567567568,0.533333333333,0.54,0.479166666667,0.55,0.478260869565,0.475,0.404761904762,0.489361702128,0.394736842105,0.48275862069,0.540540540541,0.428571428571,0.6,0.514285714286,0.5625,0.444444444444,0.478260869565,0.425531914894,0.594594594595,0.446808510638,0.452830188679,0.529411764706,0.525,0.56,0.444444444444,0.446808510638,0.515151515152,0.514285714286,0.465517241379,0.508196721311,0.431818181818,0.452380952381,0.48,0.4,0.5,0.522727272727,0.574074074074,0.466666666667,0.612244897959,0.523076923077,0.58,0.511111111111,0.537037037037,0.545454545455,0.446428571429,0.533333333333,0.538461538462,0.546875,0.45,0.56862745098,0.591836734694,0.413043478261,0.436363636364,0.509433962264,0.512195121951,0.612244897959,0.785714285714,0.458333333333,0.433333333333,0.452380952381,0.407407407407,0.404255319149,0.485294117647,0.74358974359,0.654545454545,0.433333333333,0.627906976744,0.5,0.461538461538,0.40350877193,0.583333333333,0.470588235294,0.521739130435,0.5,0.515625,0.525423728814,0.368421052632,0.618181818182,0.463414634146,0.526315789474,0.346153846154,0.596153846154,0.490566037736,0.422222222222,0.369565217391,0.533333333333,0.541666666667,0.58,0.527777777778,0.5,0.431034482759,0.5,0.56862745098,0.425925925926,0.518518518519,0.463414634146,0.431818181818,0.424242424242,0.5,0.428571428571,0.444444444444,0.452054794521,0.472727272727,0.511627906977,0.425925925926,0.511111111111,0.543859649123,0.5,0.394736842105,0.482142857143,0.480769230769,0.55,0.608695652174,0.487804878049,0.357142857143,0.4,0.611111111111,0.431818181818,0.447368421053,0.489361702128,0.539682539683,0.48,0.422222222222,0.56862745098,0.512820512821,0.459016393443,0.555555555556,0.433333333333,0.5,0.4,0.452380952381,0.488372093023,0.473684210526,0.56,0.488372093023,0.568181818182,0.615384615385,0.520833333333,0.418181818182,0.5625,0.475409836066,0.433333333333,0.487179487179,0.461538461538,0.454545454545,0.564102564103,0.457142857143,0.45652173913,0.537037037037,0.5,0.411764705882,0.488372093023,0.595238095238,0.422222222222,0.367346938776,0.44,0.5,0.462962962963,0.589285714286,0.551724137931,0.538461538462,0.446808510638,0.510638297872,0.487179487179,0.53125,0.5,0.433333333333,0.463414634146,0.346153846154,0.616666666667,0.380952380952,0.565217391304,0.464285714286,0.603773584906,0.488888888889,0.673913043478,0.577777777778,0.58064516129,0.586956521739,0.52380952381,0.611111111111,0.511111111111,0.423076923077,0.567567567568,0.5,0.441860465116,0.485714285714,0.540540540541,0.522727272727,0.410256410256,0.490909090909,0.469387755102,0.434782608696,0.541666666667,0.5,0.5,0.65306122449,0.510204081633,0.490566037736,0.56,0.473684210526,0.423076923077,0.5,0.532258064516,0.574074074074,0.581395348837,0.371428571429,0.368421052632,0.588235294118,0.675675675676,0.657894736842,0.540540540541,0.511111111111,0.540983606557,0.432432432432,0.447368421053,0.421052631579,0.416666666667,0.585365853659,0.478260869565,0.425531914894,0.583333333333,0.423076923077,0.530612244898,0.533333333333,0.551724137931,0.510204081633,0.536585365854,0.511111111111,0.56862745098,0.484848484848,0.388888888889,0.486486486486,0.527777777778,0.424242424242,0.46875,0.305555555556,0.4,0.509433962264,0.509433962264,0.535714285714,0.478260869565,0.5,0.444444444444,0.404255319149,0.491525423729,0.428571428571,0.46,0.45652173913,0.605263157895,0.514285714286,0.379310344828,0.454545454545,0.535714285714,0.428571428571,0.479166666667,0.72,0.477272727273,0.5,0.513513513514,0.5,0.5,0.354166666667,0.395833333333,0.519230769231,0.555555555556,0.513513513514,0.423076923077,0.40625,0.555555555556,0.515151515152,0.451612903226,0.6,0.529411764706,0.581395348837,0.477272727273,0.6,0.478260869565,0.612244897959,0.568965517241,0.576923076923,0.59649122807,0.454545454545,0.48,0.590163934426,0.551020408163,0.454545454545,0.478260869565,0.53125,0.451612903226,0.48,0.622222222222,0.5,0.551724137931,0.603773584906,0.428571428571,0.541666666667,0.354166666667,0.424242424242,0.473684210526,0.489361702128,0.5,0.5,0.512820512821,0.386363636364,0.571428571429,0.525,0.418604651163,0.536585365854,0.549019607843,0.533333333333,0.528301886792,0.488372093023,0.379310344828,0.525423728814,0.526315789474,0.325581395349,0.52,0.53488372093,0.488888888889,0.577777777778,0.627118644068,0.555555555556,0.65,0.5,0.390243902439,0.454545454545,0.416666666667,0.55,0.46,0.525,0.533333333333,0.7,0.567567567568,0.518518518519,0.514285714286,0.444444444444,0.444444444444,0.51724137931,0.418604651163,0.511627906977,0.520833333333,0.6,0.512820512821,0.520833333333,0.425925925926,0.462962962963,0.485714285714,0.545454545455,0.655172413793,0.638888888889,0.638888888889,0.795454545455,0.846153846154,0.657894736842,0.488888888889,0.488888888889,0.458333333333,0.425925925926,0.478260869565,0.530612244898,0.4,0.371428571429,0.585365853659,0.558139534884,0.65,0.545454545455,0.558139534884,0.583333333333,0.540540540541,0.315789473684,0.384615384615,0.591836734694,0.658536585366,0.621621621622,0.828571428571,0.794117647059,0.565217391304,0.47619047619,0.377777777778,0.380952380952,0.413043478261,0.55,0.4,0.47619047619,0.453125,0.558139534884,0.571428571429,0.529411764706,0.574074074074,0.52,0.5,0.588235294118,0.517857142857,0.511627906977,0.510204081633,0.5,0.452830188679,0.58,0.5625,0.577777777778,0.333333333333,0.375,0.48,0.478260869565,0.540540540541,0.742857142857,0.418604651163,0.555555555556,0.578947368421,0.428571428571,0.44,0.450980392157,0.477272727273,0.46511627907,0.408163265306,0.533333333333,0.371428571429,0.510638297872,0.403846153846,0.5,0.655172413793,0.627906976744,0.509433962264,0.4,0.480769230769,1.0,0.764705882353,0.78125,0.791666666667,0.820512820513,0.655172413793,0.891891891892,0.55,0.674418604651,0.462962962963,0.724137931034,0.717948717949,0.488888888889,0.489795918367,0.471698113208,0.46,0.463414634146,0.422222222222,0.537037037037,0.47619047619,0.428571428571,0.547619047619,0.702702702703,0.567567567568,0.519230769231,0.375,0.457142857143,0.5,0.590909090909,0.65625,0.355555555556,0.461538461538,0.511627906977,0.431818181818,0.45652173913,0.510638297872,0.552631578947,0.566666666667,0.559322033898,0.5,0.529411764706,0.52,0.519230769231,0.470588235294,0.559322033898,0.547169811321,0.611111111111,0.477272727273,0.527272727273,0.490566037736,0.342105263158,0.56,0.459016393443,0.452380952381,0.571428571429,0.529411764706,0.426229508197,0.595238095238,0.529411764706,0.471428571429,0.478260869565,0.5,0.48275862069,0.622222222222,0.545454545455,0.4375,0.54,0.557692307692,0.553571428571,0.622641509434,0.547169811321,0.571428571429,0.553571428571,0.697674418605,0.358974358974,0.530612244898,0.479166666667,0.530612244898,0.411764705882,0.583333333333,0.477272727273,0.509803921569,0.46,0.58,0.456140350877,0.517857142857,0.487804878049,0.527272727273,0.392156862745,0.441176470588,0.484848484848,0.560975609756,0.439024390244,0.53488372093,0.490566037736,0.525,0.490909090909,0.511111111111,0.470588235294,0.426229508197,0.596774193548,0.595744680851,0.430769230769,0.392156862745,0.47619047619,0.5,0.471698113208,0.577777777778,0.510638297872,0.473684210526,0.516129032258,0.551020408163,0.44,0.52380952381,0.690476190476,0.56862745098,0.530303030303,0.506493506494,0.593220338983,0.454545454545,0.526315789474,0.540540540541,0.45,0.413043478261,0.512195121951,0.492063492063,0.473684210526,0.577777777778,0.473684210526,0.581818181818,0.555555555556,0.571428571429,0.58,0.583333333333,0.568965517241,0.551020408163,0.615384615385,0.568181818182,0.488372093023,0.547619047619,0.591836734694,0.595744680851,0.571428571429,0.511111111111,0.454545454545,0.461538461538,0.480769230769,0.452830188679,0.636363636364,0.615384615385,0.576923076923,0.421052631579,0.189189189189,0.222222222222,0.771428571429,0.393939393939,0.375,0.510638297872,0.488372093023,0.524590163934,0.566037735849,0.481481481481,0.470588235294,0.538461538462,0.452380952381,0.394736842105,0.528301886792,0.536585365854,0.5,0.525423728814,0.630434782609,0.63829787234,0.64,0.717391304348,0.347826086957,0.4,0.514285714286,0.263157894737,0.4,0.564102564103,0.45652173913,0.425531914894,0.285714285714,0.576923076923,0.466666666667,0.608695652174,0.509803921569,0.431818181818,0.577777777778,0.5,0.625,0.530612244898,0.594594594595,0.578947368421,0.547169811321,0.592592592593,0.475409836066,0.654545454545,0.362068965517,0.520833333333,0.641025641026,0.433333333333,0.410714285714,0.404761904762,0.487804878049,0.395833333333,0.490566037736,0.525,0.51724137931,0.470588235294,0.441860465116,0.58,0.591836734694,0.469387755102,0.396226415094,0.478260869565,0.568181818182,0.492063492063,0.481481481481,0.518518518519,0.408163265306,0.435897435897,0.431818181818,0.522727272727,0.531914893617,0.511111111111,0.5,0.441860465116,0.585365853659,0.535714285714,0.333333333333,0.3,0.381818181818,0.34,0.535714285714,0.517857142857,0.463414634146,0.489361702128,0.404255319149,0.448979591837,0.531914893617,0.518518518519,0.636363636364,0.575,0.483333333333,0.515151515152,0.512195121951,0.472727272727,0.488888888889,0.605263157895,0.571428571429,0.527272727273,0.510638297872,0.552631578947,0.341463414634,0.484848484848,0.581818181818,0.466666666667,0.541666666667,0.477272727273,0.5,0.47619047619,0.410714285714,0.463414634146,0.459459459459,0.512195121951,0.627906976744,0.491525423729,0.478260869565,0.587301587302,0.517857142857,0.479166666667,0.478260869565,0.421875,0.568181818182,0.486486486486,0.5,0.45,0.340425531915,0.6,0.409090909091,0.583333333333,0.578947368421,0.466666666667,0.428571428571,0.568181818182,0.545454545455,0.377049180328,0.571428571429,0.578947368421,0.469387755102,0.509433962264,0.5,0.428571428571,0.627118644068,0.574468085106,0.58,0.362068965517,0.346153846154,0.384615384615,0.551020408163,0.52,0.5,0.52,0.46511627907,0.536585365854,0.481481481481,0.47619047619,0.5,0.524590163934,0.435483870968,0.4,0.561403508772,0.466666666667,0.439024390244,0.446428571429,0.46875,0.4,0.450980392157,0.52,0.551020408163,0.54347826087,0.489361702128,0.37037037037,0.525,0.471698113208,0.529411764706,0.5625,0.426666666667,0.480769230769,0.479166666667,0.5,0.531914893617,0.511111111111,0.477272727273,0.658536585366,0.621621621622,0.547619047619,0.630434782609,0.425,0.512820512821,0.475,0.425925925926,0.5,0.636363636364,0.564516129032,0.396551724138,0.453125,0.595744680851,0.491525423729,0.444444444444,0.474576271186,0.481481481481,0.704545454545,0.481481481481,0.533333333333,0.358490566038,0.547169811321,0.434782608696,0.561403508772,0.425925925926,0.456140350877,0.509433962264,0.513513513514,0.471698113208,0.4,0.34693877551,0.555555555556,0.395348837209,0.459459459459,0.555555555556,0.521739130435,0.468085106383,0.450980392157,0.48,0.448979591837,0.477272727273,0.533333333333,0.428571428571,0.457627118644,0.458333333333,0.466666666667,0.471698113208,0.466666666667,0.521739130435,0.489795918367,0.533333333333,0.485714285714,0.5,0.477272727273,0.449275362319,0.37037037037,0.36170212766,0.492307692308,0.509433962264,0.674418604651,0.58064516129,0.472727272727,0.450980392157,0.511627906977,0.525,0.459459459459,0.459459459459,0.632653061224,0.384615384615,0.613636363636,0.4,0.444444444444,0.466666666667,0.581395348837,0.375,0.512820512821,0.375,0.578947368421,0.543859649123,0.608695652174,0.466666666667,0.414634146341,0.489361702128,0.606060606061,0.617647058824,0.357142857143,0.470588235294,0.585365853659,0.472222222222,0.5,0.522727272727,0.575,0.560975609756,0.395833333333,0.453125,0.511111111111,0.540540540541,0.658536585366,0.641509433962,0.702702702703,0.810810810811,0.72972972973,0.694444444444,0.571428571429,0.475,0.571428571429,0.428571428571,0.904761904762,0.615384615385,0.536585365854,0.622222222222,0.558139534884,0.527777777778,0.444444444444,0.697674418605,0.521739130435,0.421052631579,0.468085106383,0.574468085106,0.413793103448,0.489795918367,0.521739130435,0.447368421053,0.452380952381,0.539682539683,0.442307692308,0.490566037736,0.561403508772,0.517857142857,0.434782608696,0.360655737705,0.647058823529,0.490196078431,0.538461538462,0.480769230769,0.468085106383,0.413043478261,0.542857142857,0.5,0.565217391304,0.428571428571,0.5,0.407407407407,0.381818181818,0.588235294118,0.365384615385,0.386363636364,0.384615384615,0.571428571429,0.5,0.641509433962,0.36170212766,0.375,0.45652173913,0.5,0.36170212766,0.205128205128,0.794871794872,0.5,0.5,0.479166666667,0.454545454545,0.615384615385,0.5,0.519230769231,0.560975609756,0.521739130435,0.551020408163,0.509803921569,0.547619047619,0.58064516129,0.428571428571,0.4,0.512195121951,0.466666666667,0.387755102041,0.475,0.428571428571,0.435483870968,0.606557377049,0.479166666667,0.468085106383,0.4375,0.448979591837,0.595744680851,0.425531914894,0.615384615385,0.542372881356,0.6,0.584615384615,0.457627118644,0.62962962963,0.527777777778,0.527777777778,0.540540540541,0.478260869565,0.4375,0.679245283019,0.4,0.377777777778,0.543859649123,0.68,0.594594594595,0.342105263158,0.472222222222,0.510204081633,0.392857142857,0.531914893617,0.385964912281,0.51724137931,0.553191489362,0.545454545455,0.454545454545,0.461538461538,0.520833333333,0.546875,0.558139534884,0.488888888889,0.436363636364,0.421052631579,0.566666666667,0.511627906977,0.447368421053,0.529411764706,0.470588235294,0.596153846154,0.422222222222,0.436363636364,0.461538461538,0.568181818182,0.463414634146,0.558823529412,0.488888888889,0.575,0.474576271186,0.375,0.510638297872,0.477272727273,0.4375,0.358974358974,0.425,0.519230769231,0.478260869565,0.431818181818,0.583333333333,0.6,0.575757575758,0.538461538462,0.547169811321,0.361111111111,0.40625,0.596774193548,0.607142857143,0.612244897959,0.526315789474,0.541666666667,0.482142857143,0.532258064516,0.475,0.511627906977,0.603174603175,0.411764705882,0.297297297297,0.462962962963,0.608695652174,0.317073170732,0.524590163934,0.477272727273,0.425531914894,0.604166666667,0.590909090909,0.387755102041,0.52,0.520833333333,0.47619047619,0.618181818182,0.521739130435,0.568181818182,0.418181818182,0.588235294118,0.428571428571,0.425531914894,0.589743589744,0.45,0.469387755102,0.510638297872,0.533333333333,0.382978723404,0.454545454545,0.490566037736,0.5,0.684210526316,0.396226415094,0.309523809524,0.469387755102,0.435897435897,0.609756097561,0.5,0.52380952381,0.461538461538,0.490566037736,0.512820512821,0.396226415094,0.452380952381,0.533333333333,0.6,0.342857142857,0.487179487179,0.438596491228,0.520833333333,0.545454545455,0.672727272727,0.566037735849,0.454545454545,0.512820512821,0.511627906977,0.519230769231,0.487804878049,0.510638297872,0.490909090909,0.431034482759,0.5,0.549019607843,0.515151515152,0.484848484848,0.461538461538,0.458333333333,0.520833333333,0.428571428571,0.490196078431,0.516129032258,0.416666666667,0.529411764706,0.616666666667,0.45652173913,0.658536585366,0.444444444444,0.491228070175,0.519230769231,0.480769230769,0.489361702128,0.392857142857,0.466666666667,0.366666666667,0.431034482759,0.5,0.517857142857,0.446428571429,0.544117647059,0.426229508197,0.775,0.451612903226,0.454545454545,0.509803921569,0.571428571429,0.38,0.425531914894,0.491803278689,0.507462686567,0.462962962963,0.367346938776,0.591836734694,0.527272727273,0.545454545455,0.538461538462,0.5,0.44,0.590909090909,0.574468085106,0.571428571429,0.448979591837,0.461538461538,0.521739130435,0.52380952381,0.535714285714,0.557692307692,0.461538461538,0.48275862069,0.528301886792,0.509803921569,0.489361702128,0.462962962963,0.446808510638,0.4,0.481481481481,0.738095238095,0.441860465116,0.838709677419,0.666666666667,0.414634146341,0.565217391304,0.46511627907,0.461538461538,0.458333333333,0.461538461538,0.454545454545,0.632653061224,0.56,0.55,0.588235294118,0.596153846154,0.5,0.574468085106,0.46,0.404255319149,0.538461538462,0.433333333333,0.630434782609,0.394736842105,0.5,0.520833333333,0.518518518519,0.655172413793,0.519230769231,0.512195121951,0.457142857143,0.571428571429,0.47619047619,0.425925925926,0.558823529412,0.555555555556,0.555555555556,0.475,0.5,0.631578947368,0.414634146341,0.428571428571,0.428571428571,0.545454545455,0.512195121951,0.485714285714,0.459016393443,0.351851851852,0.490196078431,0.5,0.538461538462,0.46,0.549019607843,0.543859649123,0.527777777778,0.588235294118,0.625,0.588235294118,0.564102564103,0.456140350877,0.441176470588,0.4375,0.421052631579,0.414634146341,0.4,0.690476190476,0.527777777778,0.510204081633,0.529411764706,0.591836734694,0.392857142857,0.5,0.5625,0.553191489362,0.438596491228,0.52380952381,0.979166666667,0.408450704225,0.674418604651,0.706896551724,0.522727272727,0.547619047619,0.490909090909,0.484848484848,0.513513513514,0.545454545455,0.380952380952,0.52,0.5,0.422222222222,0.5,0.552631578947,0.54347826087,0.367346938776,0.5625,0.493150684932,0.511111111111,0.568965517241,0.51724137931,0.5,0.387755102041,0.513513513514,0.461538461538,0.454545454545,0.481481481481,0.837837837838,0.396551724138,0.5625,0.615384615385,0.464285714286,0.466666666667,0.596774193548,0.575757575758,0.586206896552,0.48,0.535714285714,0.44262295082,0.383333333333,0.559322033898,0.513513513514,0.434782608696,0.403846153846,0.529411764706,0.418181818182,0.523076923077,0.558139534884,0.5625,0.586956521739,0.53488372093,0.645161290323,0.545454545455,0.525423728814,0.413043478261,0.613636363636,0.5,0.472727272727,0.541666666667,0.4,0.589743589744,0.450980392157,0.511111111111,0.56,0.44,0.585365853659,0.632653061224,0.508196721311,0.441176470588,0.452380952381,0.442307692308,0.530612244898,0.489361702128,0.574074074074,0.361111111111,0.405405405405,0.5,0.590909090909,0.514285714286,0.513513513514,0.553191489362,0.462962962963,0.52380952381,0.590909090909,0.444444444444,0.47619047619,0.614035087719,0.588235294118,0.292682926829,0.387755102041,0.551020408163,0.529411764706,0.466666666667,0.46511627907,0.533333333333,0.425531914894,0.425925925926,0.423076923077,0.536585365854,0.53488372093,0.481481481481,0.5,0.411764705882,0.393442622951,0.512195121951,0.453125,0.448275862069,0.608695652174,0.307692307692,0.5625,0.610169491525,0.4,0.442307692308,0.434782608696,0.458333333333,0.551020408163,0.487804878049,0.450980392157,0.561403508772,0.571428571429,0.486486486486,0.606060606061,0.48275862069,0.307692307692,0.43137254902,0.447368421053,0.342857142857,0.5,0.418181818182,0.526315789474,0.5,0.5,0.607142857143,0.5,0.510204081633,0.508771929825,0.387755102041,0.381818181818,0.481481481481,0.478260869565,0.372549019608,0.458333333333,0.434782608696,0.552631578947,0.351351351351,0.421052631579,0.423728813559,0.340425531915,0.4375,0.563636363636,0.431034482759,0.543859649123,0.528301886792,0.483333333333,0.514705882353,0.454545454545,0.537037037037,0.5,0.574468085106,0.617021276596,0.630434782609,0.537037037037,0.625,0.510204081633,0.605263157895,0.54347826087,0.525,0.583333333333,0.5,0.431818181818,0.564102564103,0.777777777778,0.5,0.5,0.306451612903,0.269230769231,0.381818181818,0.4,0.509803921569,0.666666666667,0.4,0.446428571429,0.52380952381,0.65306122449,0.547619047619,0.6,0.425,0.483870967742,0.682926829268,0.428571428571,0.471698113208,0.5,0.477272727273,0.444444444444,0.423076923077,0.5,0.645161290323,0.515151515152,0.446153846154,0.526315789474,0.535714285714,0.521739130435,0.363636363636,0.552631578947,0.545454545455,0.555555555556,0.454545454545,0.531914893617,0.553191489362,0.454545454545,0.423076923077,0.5,0.388888888889,0.380952380952,0.486486486486,0.533333333333,0.458333333333,0.444444444444,0.558139534884,0.535714285714,0.446808510638,0.588235294118,0.56862745098,0.340909090909,0.489795918367,0.457627118644,0.571428571429,0.358974358974,0.416666666667,0.480769230769,0.431818181818,0.40625,0.444444444444,0.456140350877,0.571428571429,0.555555555556,0.432835820896,0.415384615385,0.644444444444,0.411764705882,0.309523809524,0.40625,0.459459459459,0.438596491228,0.528301886792,0.509090909091,0.516666666667,0.471698113208,0.55737704918,0.546875,0.577777777778,0.46,0.42,0.622222222222,0.617021276596,0.827586206897,0.884615384615,0.894736842105,0.935483870968,0.657894736842,0.659574468085,0.68085106383,0.516666666667,0.605263157895,0.574468085106,0.458333333333,0.647058823529,0.58,0.509803921569,0.509433962264,0.470588235294,0.461538461538,0.520833333333,0.606060606061,0.65,0.431818181818,0.511627906977,0.481481481481,0.508771929825,0.421052631579,0.571428571429,0.613636363636,0.444444444444,0.621212121212,0.538461538462,0.604166666667,0.52,0.423728813559,0.553571428571,0.630434782609,0.5,0.521739130435,0.452830188679,0.470588235294,0.509090909091,0.545454545455,0.595744680851,0.648148148148,0.533333333333,0.456140350877,0.5,0.558139534884,0.266666666667,0.45,0.590909090909,0.448275862069,0.454545454545,0.428571428571,0.462962962963,0.518518518519,0.392857142857,0.529411764706,0.448275862069,0.541666666667,0.3125,0.391304347826,0.632653061224,0.5,0.515151515152,0.516666666667,0.551020408163,0.509090909091,0.5625,0.442307692308,0.333333333333,0.381818181818,0.641025641026,0.511627906977,0.577777777778,0.508474576271,0.442307692308,0.567567567568,0.531914893617,0.489795918367,0.5,0.585365853659,0.62,0.52,0.415094339623,0.531914893617,0.480769230769,0.526315789474,0.534482758621,0.553571428571,0.555555555556,0.651162790698,0.588235294118,0.490196078431,0.410256410256,0.522727272727,0.5,0.4,0.533333333333,0.423076923077,0.372549019608,0.42,0.525,0.625,0.630434782609,0.521739130435,0.56862745098,0.464285714286,0.647058823529,0.5625,0.566037735849,0.413793103448,0.590909090909,0.458333333333,0.450980392157,0.521739130435,0.351851851852,0.615384615385,0.538461538462,0.382352941176,0.382978723404,0.479166666667,0.583333333333,0.405405405405,0.509803921569,0.526315789474,0.576271186441,0.53488372093,0.558139534884,0.509803921569,0.470588235294,0.666666666667,0.466666666667,0.648648648649,0.519230769231,0.428571428571,0.475,0.46,0.560975609756,0.52,0.592592592593,0.522388059701,0.435483870968,0.586206896552,0.634615384615,0.434782608696,0.462962962963,0.454545454545,0.5,0.583333333333,0.442307692308,0.438596491228,0.521739130435,0.5,0.671875,0.537037037037,0.681818181818,0.489795918367,0.368421052632,0.512195121951,0.4,0.491803278689,0.482142857143,0.5,0.513513513514,0.603773584906,0.8,0.52380952381,0.565217391304,0.46,0.431034482759,0.56,0.479166666667,0.43137254902,0.592592592593,0.588235294118,0.375,0.520833333333,0.472727272727,0.463768115942,0.46875,0.851851851852,0.837837837838,0.590909090909,0.609756097561,0.837837837838,0.583333333333,0.564102564103,0.424242424242,0.636363636364,0.40625,0.405405405405,0.444444444444,0.642857142857,0.563636363636,0.571428571429,0.406779661017,0.55,0.538461538462,0.40350877193,0.441860465116,0.547169811321,0.483333333333,0.450980392157,0.414634146341,0.4,0.625,0.545454545455,0.36170212766,0.477272727273,0.615384615385,0.603773584906,0.591836734694,0.441860465116,0.433962264151,0.458333333333,0.52,0.574468085106,0.404255319149,0.490566037736,0.5,0.425531914894,0.586956521739,0.438596491228,0.426229508197,0.415094339623,0.5,0.509433962264,0.451612903226,0.463414634146,0.461538461538,0.518518518519,0.508474576271,0.551020408163,0.458333333333,0.421052631579,0.463768115942,0.590909090909,0.491525423729,0.46,0.564516129032,0.574074074074,0.645833333333,0.491803278689,0.714285714286,0.543859649123,0.586956521739,0.470588235294,0.559322033898,0.5,0.545454545455,0.483870967742,0.473684210526,0.461538461538,0.638888888889,0.638888888889,0.434782608696,0.508771929825,0.525,0.485714285714,0.584905660377,0.512820512821,0.491525423729,0.442307692308,0.4375,0.428571428571,0.574468085106,0.64,0.413043478261,0.538461538462,0.4,0.5,0.515625,0.465517241379,0.338709677419,0.425925925926,0.530612244898,0.608695652174,0.511627906977,0.444444444444,0.69387755102,0.393442622951,0.423076923077,0.56862745098,0.411764705882,0.464285714286,0.46,0.529411764706,0.48275862069,0.566037735849,0.5,0.509090909091,0.555555555556,0.617021276596,0.632653061224,0.541666666667,0.517857142857,0.418181818182,0.391304347826,0.423076923077,0.571428571429,0.52,0.38,0.450980392157,0.631578947368,0.531914893617,0.458333333333,0.559322033898,0.54,0.596153846154,0.53488372093,0.333333333333,0.392857142857,0.378378378378,0.509090909091,0.461538461538,0.444444444444,0.411764705882,0.525423728814,0.566037735849,0.545454545455,0.508771929825,0.566037735849,0.510204081633,0.536585365854,0.451612903226,0.396226415094,0.392156862745,0.41935483871,0.327272727273,0.472727272727,0.5,0.5,0.488372093023,0.435897435897,0.537037037037,0.673076923077,0.56,0.528301886792,0.431818181818,0.510204081633,0.818181818182,0.615384615385,0.612244897959,0.717948717949,0.561403508772,0.673469387755,0.666666666667,0.441860465116,0.571428571429,0.6,0.590909090909,0.509433962264,0.578947368421,0.454545454545,0.538461538462,0.288888888889,0.603773584906,0.516666666667,0.473684210526,0.512820512821,0.461538461538,0.45,0.660714285714,0.469387755102,0.466666666667,0.54,0.423728813559,0.68085106383,0.5,0.491525423729,0.647058823529,0.428571428571,0.428571428571,0.5,0.6,0.608695652174,0.304347826087,0.490196078431,0.578947368421,0.595238095238,0.512820512821,0.4,0.53488372093,0.627906976744,0.490566037736,0.446428571429,0.622950819672,0.531914893617,0.607843137255,0.473684210526,0.512820512821,0.756756756757,0.5,0.454545454545,0.530612244898,0.585365853659,0.555555555556,0.529411764706,0.5,0.617021276596,0.48,0.46511627907,0.452830188679,0.452380952381,0.313725490196,0.52,0.549019607843,0.431818181818,0.512820512821,0.5,0.488372093023,0.469387755102,0.436363636364,0.418181818182,0.517857142857,0.45,0.458333333333,0.45,0.5,0.482142857143,0.525,0.412698412698,0.529411764706,0.5,0.339285714286,0.408163265306,0.47619047619,0.487804878049,0.558139534884,0.5,0.5,0.567567567568,0.543859649123,0.647058823529,0.534482758621,0.606557377049,0.452830188679,0.421052631579,0.363636363636,0.480769230769,0.390243902439,0.586956521739,0.604166666667,0.462962962963,0.468085106383,0.585365853659,0.558139534884,0.466666666667,0.461538461538,0.484375,0.45652173913,0.637931034483,0.510204081633,0.62,0.558823529412,0.45652173913,0.431818181818,0.589285714286,0.473684210526,0.477272727273,0.436363636364,0.515625,0.375,0.567567567568,0.472727272727,0.560975609756,0.46511627907,0.584615384615,0.541666666667,0.5,0.596153846154,0.375,0.473684210526,0.530612244898,0.326086956522,0.613636363636,0.461538461538,0.5,0.560975609756,0.479166666667,0.4,0.5,0.553191489362,0.586956521739,0.522727272727,0.5,0.430769230769,0.528301886792,0.480769230769,0.463414634146,0.630434782609,0.566037735849,0.5,0.531914893617,0.551020408163,0.5,0.631578947368,0.6,0.537037037037,0.45652173913,0.58,0.5,0.444444444444,0.565217391304,0.568181818182,0.51724137931,0.508771929825,0.5,0.5,0.479166666667,0.380952380952,0.423076923077,0.519230769231,0.641025641026,0.285714285714,0.441860465116,0.387755102041,0.387755102041,0.43137254902,0.571428571429,0.480769230769,0.453125,0.425925925926,0.377777777778,0.478260869565,0.653846153846,0.525,0.575757575758,0.446153846154,0.470588235294,0.391304347826,0.463414634146,0.577777777778,0.636363636364,0.571428571429,0.571428571429,0.481481481481,0.511111111111,0.409836065574,0.618181818182,0.543859649123,0.449275362319,0.566037735849,0.466666666667,0.31914893617,0.51724137931,0.543859649123,0.52,0.568181818182,0.603773584906,0.818181818182,0.357142857143,0.5,0.558139534884,0.541666666667,0.565217391304,0.555555555556,0.557692307692,0.36170212766,0.459016393443,0.5,0.462962962963,0.418604651163,0.586956521739,0.531914893617,0.518518518519,0.46511627907,0.338983050847,0.35,0.521739130435,0.467741935484,0.477272727273,0.531914893617,0.436363636364,0.377777777778,0.526315789474,0.457627118644,0.566037735849,0.5,0.5625,0.425925925926,0.40350877193,0.350877192982,0.511111111111,0.382978723404,0.558139534884,0.36231884058,0.54,0.479166666667,0.5,0.527272727273,0.625,0.614035087719,0.553191489362,0.588235294118,0.569230769231,0.553571428571,0.553571428571,0.545454545455,0.508474576271,0.382978723404,0.484848484848,0.512820512821,0.636363636364,0.51724137931,0.56,0.607142857143,0.5,0.537037037037,0.555555555556,0.463414634146,0.555555555556,0.48,0.543859649123,0.517857142857,0.563636363636,0.425531914894,0.463414634146,0.622641509434,0.5,0.5,0.547169811321,0.785714285714,0.589285714286,0.547169811321,0.641025641026,0.641025641026,0.617647058824,0.625,0.459459459459,0.519230769231,0.471698113208,0.542372881356,0.638888888889,0.575,0.571428571429,0.571428571429,0.518518518519,0.5,0.517857142857,0.470588235294,0.55,0.325,0.377358490566,0.43137254902,0.547169811321,0.558139534884,0.486486486486,0.428571428571,0.636363636364,0.603773584906,0.5,0.638888888889,0.605263157895,0.56862745098,0.488372093023,0.490566037736,0.46511627907,0.56862745098,0.41935483871,0.553571428571,0.592592592593,0.46,0.391304347826,0.525423728814,0.465517241379,0.466666666667,0.6,0.4,0.578947368421,0.452380952381,0.553191489362,0.559322033898,0.526315789474,0.48,0.524590163934,0.438596491228,0.603448275862,0.375,0.428571428571,0.416666666667,0.677419354839,0.620689655172,0.515151515152,0.37037037037,0.422222222222,0.542857142857,0.64406779661,0.327272727273,0.459016393443,0.534482758621,0.404761904762,0.5,0.596153846154,0.411764705882,0.325,0.541666666667,0.541666666667,0.615384615385,0.541666666667,0.521739130435,0.415094339623,0.608695652174,0.566666666667,0.416666666667,0.432432432432,0.615384615385,0.538461538462,0.568181818182,0.568965517241,0.5,0.630434782609,0.5,0.432835820896,0.6,0.6,0.688888888889,0.590163934426,0.519230769231,0.477272727273,0.565217391304,0.484848484848,0.545454545455,0.529411764706,0.439024390244,0.485714285714,0.574468085106,0.517857142857,0.480769230769,0.5,0.517857142857,0.489795918367,0.583333333333,0.6,0.469387755102,0.5625,0.552631578947,0.458333333333,0.666666666667,0.466666666667,0.595744680851,0.527272727273,0.458333333333,0.490909090909,0.378787878788,0.509803921569,0.46511627907,0.411764705882,0.346153846154,0.454545454545,0.555555555556,0.486486486486,0.605263157895,0.487804878049,0.571428571429,0.489361702128,0.677419354839,0.542372881356,0.571428571429,0.472222222222,0.547619047619,0.526315789474,0.433962264151,0.436363636364,0.5,0.510204081633,0.462962962963,0.457627118644,0.612903225806,0.508771929825,0.475409836066,0.557142857143,0.540540540541,0.410256410256,0.342857142857,0.434782608696,0.578947368421,0.529411764706,0.584905660377,0.368421052632,0.540540540541,0.558823529412,0.291666666667,0.454545454545,0.462962962963,0.452830188679,0.549019607843,0.525,0.574468085106,0.483870967742,0.472727272727,0.490196078431,0.52380952381,0.622222222222,0.507462686567,0.625,0.62,0.545454545455,0.458333333333,0.5,0.583333333333,0.452830188679,0.477272727273,0.590909090909,0.557692307692,0.413043478261,0.5,0.489361702128,0.54347826087,0.553191489362,0.48275862069,0.409090909091,0.630434782609,0.509803921569,0.568181818182,0.464788732394,0.52,0.509090909091,0.468085106383,0.53488372093,0.36,0.573770491803,0.430769230769,0.553571428571,0.454545454545,0.307692307692,0.581395348837,0.4,0.433962264151,0.464285714286,0.461538461538,0.575,0.627906976744,0.560975609756,0.463414634146,0.823529411765,0.56862745098,0.428571428571,0.538461538462,0.488372093023,0.5,0.45,0.510638297872,0.487179487179,0.555555555556,0.521739130435,0.5,0.395833333333,0.4,0.666666666667,0.707317073171,0.44,0.403846153846,0.469387755102,0.448275862069,0.535714285714,0.442307692308,0.477272727273,0.46,0.571428571429,0.469387755102,0.547945205479,0.545454545455,0.478260869565,0.423076923077,0.436363636364,0.6,0.520833333333,0.44,0.47619047619,0.469387755102,0.516666666667,0.5,0.542372881356,0.673469387755,0.574074074074,0.574074074074,0.566666666667,0.588235294118,0.551020408163,0.478260869565,0.519230769231,0.538461538462,0.553191489362,0.466666666667,0.529411764706,0.549019607843,0.475,0.547619047619,0.425925925926,0.480769230769,0.487804878049,0.435483870968,0.469387755102,0.521739130435,0.542857142857,0.5,0.5,0.515625,0.515151515152,0.528301886792,0.510204081633,0.466666666667,0.456140350877,0.5,0.535714285714,0.537037037037,0.520833333333,0.489361702128,0.47619047619,0.571428571429,0.480769230769,0.540540540541,0.578947368421,0.551724137931,0.521739130435,0.45652173913,0.509803921569,0.522727272727,0.525423728814,0.560975609756,0.548387096774,0.5,0.470588235294,0.483870967742,0.628571428571,0.63829787234,0.551724137931,0.464285714286,0.451612903226,0.489361702128,0.51724137931,0.473684210526,0.553191489362,0.365853658537,0.5,0.452830188679,0.432432432432,0.603448275862,0.484848484848,0.694444444444,0.617647058824,0.465517241379,0.4,0.403225806452,0.489795918367,0.459459459459,0.387096774194,0.471698113208,0.491228070175,0.379310344828,0.48,0.531914893617,0.396551724138,0.480769230769,0.541666666667,0.396551724138,0.289473684211,0.40625,0.512820512821,0.485714285714,0.466666666667,0.612903225806,0.395348837209,0.369565217391,0.538461538462,0.4375,0.439024390244,0.391304347826,0.441860465116,0.509433962264,0.482142857143,0.566037735849,0.638888888889,0.571428571429,0.451612903226,0.372881355932,0.517857142857,0.454545454545,0.555555555556,0.391304347826,0.396551724138,0.365384615385,0.541666666667,0.439024390244,0.576923076923,0.651162790698,0.511111111111,0.5,0.45,0.487804878049,0.510638297872,0.40625,0.477272727273,0.386363636364,0.457627118644,0.478260869565,0.478260869565,0.472222222222,0.448275862069,0.378378378378,0.590909090909,0.535714285714,0.612244897959,0.433333333333,0.439024390244,0.46,0.461538461538,0.415094339623,0.472222222222,0.525,0.386363636364,0.585365853659,0.596153846154,0.326923076923,0.384615384615,0.509433962264,0.59649122807,0.414634146341,0.508196721311,0.447368421053,0.555555555556,0.578125,0.509090909091,0.541666666667,0.446808510638,0.4,0.491525423729,0.489361702128,0.518518518519,0.522727272727,0.604651162791,0.391304347826,0.423728813559,0.512820512821,0.510204081633,0.5,0.525,0.472727272727,0.470588235294,0.450980392157,0.530303030303,0.42,0.522727272727,0.553191489362,0.52,0.6,0.394736842105,0.384615384615,0.403846153846,0.452380952381,0.489795918367,0.38,0.48,0.577777777778,0.447368421053,0.633333333333,0.48275862069,0.52380952381,0.463414634146,0.5,0.510638297872,0.516666666667,0.636363636364,0.557692307692,0.462962962963,0.674418604651,0.404761904762,0.520833333333,0.513513513514,0.44776119403,0.387755102041,0.578947368421,0.520833333333,0.56,0.448275862069,0.564102564103,0.454545454545,0.529411764706,0.673076923077,0.5,0.492753623188,0.548387096774,0.322580645161,0.463414634146,0.44,0.4375,0.614035087719,0.586206896552,0.561403508772,0.525,0.487804878049,0.433333333333,0.458333333333,0.510638297872,0.472727272727,0.510638297872,0.522727272727,0.489795918367,0.55,0.4,0.444444444444,0.529411764706,0.428571428571,0.545454545455,0.576923076923,0.634615384615,0.475409836066,0.513513513514,0.395348837209,0.38,0.5,0.422222222222,0.508196721311,0.627450980392,0.48,0.491228070175,0.553571428571,0.510204081633,0.55,0.488888888889,0.613636363636,0.575757575758,0.627906976744,0.410256410256,0.387755102041,0.631578947368,0.423728813559,0.384615384615,0.5,0.526315789474,0.5,0.545454545455,0.52380952381,0.386363636364,0.666666666667,0.540983606557,0.617021276596,0.526315789474,0.521739130435,0.447368421053,0.568965517241,0.527272727273,0.394736842105,0.489795918367,0.916666666667,0.46875,0.690476190476,0.542857142857,0.641025641026,0.56,0.627118644068,0.403846153846,0.591836734694,0.448979591837,0.473684210526,0.436363636364,0.491228070175,0.55737704918,0.513513513514,0.64,0.435483870968,0.548387096774,0.536585365854,0.533333333333,0.378378378378,0.404255319149,0.534482758621,0.518518518519,0.415094339623,0.5,0.424242424242,0.485714285714,0.351351351351,0.466666666667,0.558139534884,0.425,0.456140350877,0.510638297872,0.517857142857,0.426470588235,0.4,0.465517241379,0.571428571429,0.439393939394,0.5625,0.47619047619,0.55,0.666666666667,0.55,0.559322033898,0.581818181818,0.444444444444,0.344827586207,0.489795918367,0.34,0.326923076923,0.424242424242,0.536585365854,0.469387755102,0.487179487179,0.459459459459,0.462962962963,0.470588235294,0.518518518519,0.513513513514,0.5,0.6,0.387755102041,0.40625,0.592592592593,0.34375,0.565217391304,0.787878787879,0.452380952381,0.509433962264,0.5,0.431034482759,0.612903225806,0.508196721311,0.531914893617,0.396226415094,0.448979591837,0.535714285714,0.5,0.362068965517,0.5,0.5,0.479166666667,0.444444444444,0.47619047619,0.452830188679,0.46,0.574468085106,0.565217391304,0.425531914894,0.454545454545,0.441860465116,0.487804878049,0.421052631579,0.452380952381,0.465517241379,0.349206349206,0.535714285714,0.515625,0.48275862069,0.462962962963,0.551724137931,0.541666666667,0.489795918367,0.567567567568,0.557692307692,0.68085106383,0.63829787234,0.5,0.571428571429,0.5,0.508474576271,0.396825396825,0.472727272727,0.590909090909,0.532258064516,0.583333333333,0.297872340426,0.52380952381,0.447368421053,0.450980392157,0.42,0.52380952381,0.351851851852,0.413793103448,0.540983606557,0.462962962963,0.527777777778,0.575,0.295454545455,0.377358490566,0.578947368421,0.588235294118,0.535714285714,0.385964912281,0.40625,0.416666666667,0.510638297872,0.5,0.540540540541,0.530612244898,0.571428571429,0.457627118644,0.571428571429,0.521739130435,0.567567567568,0.428571428571,0.416666666667,0.675675675676,0.325,0.491228070175,0.462962962963,0.55737704918,0.55,0.530303030303,0.521739130435,0.381818181818,0.475,0.545454545455,0.612903225806,0.56862745098,0.53488372093,0.555555555556,0.585365853659,0.571428571429,0.526315789474,0.5625,0.565217391304,0.566037735849,0.555555555556,0.648648648649,0.595238095238,0.528301886792,0.507692307692,0.552631578947,0.469387755102,0.621621621622,0.46,0.470588235294,0.511627906977,0.535714285714,0.470588235294,0.470588235294,0.512195121951,0.473684210526,0.407407407407,0.510204081633,0.513513513514,0.558139534884,0.473684210526,0.488372093023,0.588235294118,0.365384615385,0.5,0.461538461538,0.517857142857,0.475,0.604651162791,0.625,0.51724137931,0.348837209302,0.382978723404,0.477611940299,0.538461538462,0.428571428571,0.510638297872,0.446808510638,0.5,0.536585365854,0.457142857143,0.609756097561,0.595238095238,0.574468085106,0.561403508772,0.5,0.381818181818,0.453125,0.395833333333,0.425925925926,0.55,0.531914893617,0.461538461538,0.568181818182,0.566037735849,0.453125,0.404761904762,0.561403508772,0.491525423729,0.632653061224,0.456140350877,0.450980392157,0.574468085106,0.6,0.463414634146,0.53125,0.589743589744,0.4,0.365384615385,0.526315789474,0.478260869565,0.5,0.395348837209,0.75,0.441860465116,0.5,0.589743589744,0.5,0.581818181818,0.530612244898,0.479166666667,0.627906976744,0.551724137931,0.463414634146,0.537037037037,0.333333333333,0.470588235294,0.636363636364,0.633333333333,0.538461538462,0.448275862069,0.466666666667,0.509090909091,0.592592592593,0.625,0.541666666667,0.576923076923,0.531914893617,0.404761904762,0.529411764706,0.477272727273,0.510638297872,0.615384615385,0.444444444444,0.469387755102,0.435483870968,0.535714285714,0.517857142857,0.508474576271,0.388888888889,0.545454545455,0.476923076923,0.390243902439,0.547619047619,0.591836734694,0.590909090909,0.490196078431,0.489361702128,0.468085106383,0.581395348837,0.4,0.522727272727,0.625,0.444444444444,0.46,0.441860465116,0.576923076923,0.459459459459,0.464285714286,0.591836734694,0.490196078431,0.380952380952,0.547169811321,0.533333333333,0.62,0.5625,0.6,0.436363636364,0.461538461538,0.479166666667,0.666666666667,0.402985074627,0.454545454545,0.483870967742,0.472727272727,0.474576271186,0.442307692308,0.515625,0.675,0.515151515152,0.641025641026,0.465517241379,0.385964912281,0.512195121951,0.479166666667,0.535714285714,0.452380952381,0.530612244898,0.351851851852,0.491228070175,0.490196078431,0.452830188679,0.350877192982,0.535714285714,0.65625,0.538461538462,0.461538461538,0.518518518519,0.571428571429,0.609756097561,0.533333333333,0.546875,0.509090909091,0.5,0.567164179104,0.518518518519,0.475409836066,0.446808510638,0.464285714286,0.41935483871,0.333333333333,0.488888888889,0.686567164179,0.369565217391,0.473684210526,0.51724137931,0.516129032258,0.542372881356,0.571428571429,0.516666666667,0.54347826087,0.456140350877,0.581395348837,0.54347826087,0.55737704918,0.406779661017,0.520833333333,0.46,0.511627906977,0.6,0.441860465116,0.5,0.538461538462,0.475,0.682926829268,0.666666666667,0.435897435897,0.555555555556,0.595744680851,0.38,0.5625,0.553191489362,0.45652173913,0.490909090909,0.488372093023,0.581395348837,0.583333333333,0.613636363636,0.510204081633,0.590163934426,0.6,0.586206896552,0.64,0.549019607843,0.487804878049,0.517857142857,0.532258064516,0.439393939394,0.571428571429,0.512820512821,0.549019607843,0.368421052632,0.363636363636,0.425,0.533333333333,0.525423728814,0.571428571429,0.507936507937,0.358490566038,0.673076923077,0.517857142857,0.628571428571,0.555555555556,0.555555555556,0.53488372093,0.645833333333,0.774193548387,0.5,0.529411764706,0.448275862069,0.545454545455,0.468085106383,0.538461538462,0.613636363636,0.472727272727,0.545454545455,0.515625,0.461538461538,0.551724137931,0.590909090909,0.392156862745,0.451612903226,0.489361702128,0.377777777778,0.571428571429,0.387096774194,0.509803921569,0.462686567164,0.566666666667,0.530303030303,0.425531914894,0.543859649123,0.628571428571,0.509090909091,0.545454545455,1.0,0.581395348837,0.5,0.534482758621,0.446428571429,0.565217391304,0.5,0.377358490566,0.407407407407,0.384615384615,0.372881355932,0.51724137931,0.460317460317,0.484375,0.553571428571,0.454545454545,0.529411764706,0.520833333333,0.422535211268,0.477272727273,0.644444444444,0.428571428571,0.472727272727,0.456140350877,0.914285714286,0.5,0.5,0.571428571429,0.604166666667,0.470588235294,0.409090909091,0.577777777778,0.513513513514,0.489795918367,0.508771929825,0.615384615385,0.531914893617,0.551020408163,0.418604651163,0.428571428571,0.4,0.446808510638,0.446428571429,0.535714285714,0.606557377049,0.537037037037,0.609375,0.474576271186,0.577777777778,0.433962264151,0.553571428571,0.548387096774,0.351851851852,0.641509433962,0.45652173913,0.571428571429,0.428571428571,0.365079365079,0.444444444444,0.536585365854,0.518518518519,0.535714285714,0.423076923077,0.488888888889,0.460317460317,0.5,0.555555555556,0.448979591837,0.541666666667,0.52380952381,0.585365853659,0.428571428571,0.405405405405,0.510204081633,0.448275862069,0.469387755102,0.414634146341,0.433962264151,0.422222222222,0.5625,0.491803278689,0.490566037736,0.553191489362,0.513513513514,0.469387755102,0.4,0.444444444444,0.52,0.43137254902,0.56862745098,0.5,0.474576271186,0.683333333333,0.458333333333,0.457627118644,0.472222222222,0.421052631579,0.530612244898,0.547169811321,0.529411764706,0.415384615385,0.441176470588,0.492537313433,0.372093023256,0.509433962264,0.537037037037,0.473684210526,0.432432432432,0.904761904762,0.672131147541,0.375,0.520833333333,0.511627906977,0.452380952381,0.538461538462,0.387096774194,0.575,0.453125,0.489361702128,0.490566037736,0.553191489362,0.578947368421,0.444444444444,0.478260869565,0.521739130435,0.5,0.425531914894,0.490566037736,0.563636363636,0.584905660377,0.375,0.5,0.486486486486,0.472727272727,0.472727272727,0.561403508772,0.530612244898,0.583333333333,0.491228070175,0.507462686567,0.530612244898,0.357142857143,0.418604651163,0.53488372093,0.529411764706,0.591836734694,0.571428571429,0.490566037736,0.418181818182,0.563636363636,0.545454545455,0.576271186441,0.384615384615,0.426229508197,0.547169811321,0.388888888889,0.4,0.4,0.485714285714,0.513513513514,0.54347826087,0.55,0.62,0.568181818182,0.529411764706,0.510638297872,0.434782608696,0.5625,0.54347826087,0.586956521739,0.568181818182,0.528301886792,0.458333333333,0.576923076923,0.512195121951,0.592592592593,0.457627118644,0.294117647059,0.441860465116,0.384615384615,0.536585365854,0.591549295775,0.611111111111,0.44,0.4375,0.645833333333,0.5,0.418181818182,0.565217391304,0.384615384615,0.396825396825,0.444444444444,0.414634146341,0.481481481481,0.69387755102,0.468085106383,0.787878787879,0.490909090909,0.604166666667,0.521739130435,0.5,0.5,0.48275862069,0.4375,0.363636363636,0.469696969697,0.551724137931,0.469696969697,0.380952380952,0.488372093023,0.577777777778,0.590909090909,0.530612244898,0.46,0.45652173913,0.404255319149,0.489361702128,0.531914893617,0.596153846154,0.75,0.4,0.434782608696,0.574074074074,0.625,0.529411764706,0.63829787234,0.727272727273,0.514705882353,0.540540540541,0.571428571429,0.5,0.553846153846,0.535714285714,0.441860465116,0.410256410256,0.428571428571,0.603773584906,0.533333333333,0.484848484848,0.396226415094,0.557692307692,0.590909090909,0.547169811321,0.6,0.459016393443,0.458333333333,0.487804878049,0.62962962963,0.464285714286,0.508474576271,0.392156862745,0.4375,0.425925925926,0.507692307692,0.55,0.545454545455,0.455882352941,0.532258064516,0.557142857143,0.5,0.547169811321,0.448717948718,0.653846153846,0.583333333333,0.403846153846,0.31914893617,0.548387096774,0.509090909091,0.490909090909,0.741379310345,0.630434782609,0.576923076923,0.603773584906,0.511111111111,0.434782608696,0.588235294118,0.436363636364,0.444444444444,0.469387755102,0.47619047619,0.454545454545,0.526315789474,0.642857142857,0.428571428571,0.565217391304,0.586956521739,0.4375,0.444444444444,0.5,0.423728813559,0.516129032258,0.54,0.323529411765,0.441860465116,0.454545454545,0.533333333333,0.490566037736,0.441860465116,0.425,0.666666666667,0.55,0.452830188679,0.448275862069,0.456140350877,0.553191489362,0.435897435897,0.351351351351,0.431818181818,0.448275862069,0.615384615385,0.616666666667,0.6,0.558823529412,0.606060606061,0.6,0.574074074074,0.581818181818,0.588235294118,0.642857142857,0.634615384615,0.377777777778,0.568965517241,0.470588235294,0.511111111111,0.529411764706,0.52,0.457627118644,0.458333333333,0.388888888889,0.535714285714,0.479166666667,0.659574468085,0.590909090909,0.535714285714,0.595238095238,0.5,0.530612244898,0.465517241379,0.482142857143,0.5,0.615384615385,0.581395348837,0.508771929825,0.527272727273,0.441860465116,0.480769230769,0.447368421053,0.553191489362,0.439024390244,0.457142857143,0.564102564103,0.447368421053,0.622222222222,0.627906976744,0.577777777778,0.581395348837,0.5,0.471698113208,0.537037037037,0.527272727273,0.596153846154,0.489361702128,0.46,0.603174603175,0.440677966102,0.461538461538,0.576271186441,0.452830188679,0.465517241379,0.5,0.421052631579,0.454545454545,0.578947368421,0.491803278689,0.373134328358,0.493150684932,0.428571428571,0.415094339623,0.5,0.472727272727,0.627906976744,0.54,0.5625,0.510638297872,0.451612903226,0.438596491228,0.55,0.528301886792,0.461538461538,0.4,0.414634146341,0.403225806452,0.358974358974,0.472727272727,0.393442622951,0.606557377049,0.526315789474,0.52380952381,0.564516129032,0.488372093023,0.527777777778,0.428571428571,0.459459459459,0.5,0.52,0.657894736842,0.648148148148,0.46,0.379310344828,0.43137254902,0.58064516129,0.422222222222,0.390243902439,0.553191489362,0.5,0.522727272727,0.351851851852,0.577777777778,0.56862745098,0.557692307692,0.513888888889,0.518518518519,0.491803278689,0.477272727273,0.578947368421,0.558139534884,0.527777777778,0.433962264151,0.578947368421,0.527777777778,0.439024390244,0.539682539683,0.44262295082,0.578947368421,0.58064516129,0.571428571429,0.435897435897,0.447368421053,0.566666666667,0.612903225806,0.607843137255,0.666666666667,0.411764705882,0.537037037037,0.493333333333,0.402777777778,0.541666666667,0.482142857143,0.533333333333,0.48,0.5,0.535211267606,0.561403508772,0.56,0.611111111111,0.518518518519,0.542857142857,0.540540540541,0.461538461538,0.53488372093,0.403225806452,0.428571428571,0.51724137931,0.411764705882,0.65306122449,0.506666666667,0.418604651163,0.425925925926,0.440677966102,0.448979591837,0.456140350877,0.472727272727,0.651162790698,0.511627906977,0.578947368421,0.5,0.517857142857,0.461538461538,0.56,0.416666666667,0.58064516129,0.545454545455,0.404255319149,0.488888888889,0.387096774194,0.518518518519,0.442307692308,0.604651162791,0.5,0.456140350877,0.659574468085,0.4375,0.540540540541,0.540540540541,0.475,0.40350877193,0.526315789474,0.487179487179,0.577777777778,0.5,0.488372093023,0.468085106383,0.325581395349,0.44,0.408163265306,0.421875,0.433333333333,0.536585365854,0.517857142857,0.538461538462,0.459016393443,0.595238095238,0.538461538462,0.369565217391,0.526315789474,0.561403508772,0.527272727273,0.5,0.540983606557,0.692307692308,0.413793103448,0.368421052632,0.47619047619,0.448275862069,0.413793103448,0.470588235294,0.411764705882,0.448979591837,0.577777777778,0.586956521739,0.540983606557,0.420289855072,0.631578947368,0.622641509434,0.586956521739,0.553191489362,0.590909090909,0.470588235294,0.519480519481,0.483870967742,0.519230769231,0.413793103448,0.450980392157,0.40350877193,0.53125,0.433333333333,0.45652173913,0.34693877551,0.603174603175,0.538461538462,0.516129032258,0.651162790698,0.413043478261,0.575,0.34693877551,0.425925925926,0.44262295082,0.783783783784,0.512820512821,0.56862745098,0.418181818182,0.491228070175,0.472727272727,0.512195121951,0.469387755102,0.469387755102,0.630434782609,0.452830188679,0.457627118644,0.48,0.558139534884,0.507936507937,0.491228070175,0.491525423729,0.56,0.462962962963,0.612244897959,0.5,0.525,0.463414634146,0.471698113208,0.515151515152,0.593220338983,0.591836734694,0.5,0.525423728814,0.425925925926,0.409090909091,0.452830188679,0.492537313433,0.395348837209,0.385964912281,0.611111111111,0.384615384615,0.515625,0.462962962963,0.444444444444,0.634146341463,0.454545454545,0.489361702128,0.578947368421,0.639344262295,0.407407407407,0.383333333333,0.543859649123,0.5625,0.46511627907,0.377358490566,0.528301886792,0.5,0.553846153846,0.42,0.555555555556,0.553571428571,0.521739130435,0.491803278689,0.612244897959,0.484848484848,0.603174603175,0.459016393443,0.38,0.415094339623,0.421052631579,0.507042253521,0.393442622951,0.485294117647,0.490909090909,0.538461538462,0.6,0.5,0.485294117647,0.518518518519,0.418604651163,0.431034482759,0.581818181818,0.540540540541,0.418181818182,0.529411764706,0.595744680851,0.613636363636,0.631578947368,0.702702702703,0.676470588235,0.444444444444,0.870967741935,0.368421052632,0.466666666667,0.415094339623,0.5,0.491228070175,0.5,0.344262295082,0.558139534884,0.475,0.493333333333,0.484375,0.549019607843,0.473684210526,0.529411764706,0.530612244898,0.516129032258,0.369565217391,0.30303030303,0.586206896552,0.608695652174,0.58,0.450980392157,0.44,0.435483870968,0.525423728814,0.372093023256,0.3,0.47619047619,0.52380952381,0.530120481928,0.577777777778,0.5,0.391304347826,0.528301886792,0.396226415094,0.559322033898,0.491525423729,0.454545454545,0.520547945205,0.536585365854,0.448275862069,0.492307692308,0.381818181818,0.385964912281,0.454545454545,0.5,0.485714285714,0.542857142857,0.285714285714,0.432432432432,0.532258064516,0.615384615385,0.592592592593,0.372549019608,0.5,0.566037735849,0.46875,0.541666666667,0.551020408163,0.491525423729,0.48275862069,0.47619047619,0.584905660377,0.52,0.888888888889,0.692307692308,0.727272727273,0.458333333333,0.487179487179,0.5,0.490196078431,0.434782608696,0.509803921569,0.549019607843,0.620689655172,0.574468085106,0.586206896552,0.406779661017,0.478260869565,0.53125,0.541666666667,0.507936507937,0.440677966102,0.5,0.56,0.68085106383,0.530303030303,0.418181818182,0.597222222222,0.48,0.675,0.450980392157,0.586206896552,0.525423728814,0.454545454545,0.476923076923,0.516129032258,0.454545454545,0.56,0.542372881356,0.527272727273,0.644444444444,0.456140350877,0.538461538462,0.653846153846,0.52380952381,0.512195121951,0.5,0.4375,0.526315789474,0.454545454545,0.6,0.518518518519,0.565217391304,0.553191489362,0.471698113208,0.464285714286,0.467741935484,0.52,0.444444444444,0.555555555556,0.604166666667,0.5,0.431034482759,0.577777777778,0.426229508197,0.64,0.431034482759,0.561403508772,0.454545454545,0.55223880597,0.365384615385,0.512195121951,0.415094339623,0.515151515152,0.457627118644,0.466666666667,0.446428571429,0.527272727273,0.465517241379,0.532258064516,0.42,0.414634146341,0.568965517241,0.578125,0.541666666667,0.526315789474,0.476923076923,0.507936507937,0.466666666667,0.408163265306,0.444444444444,0.426470588235,0.573770491803,0.478260869565,0.459016393443,0.527272727273,0.352941176471,0.473684210526,0.530612244898,0.383333333333,0.611940298507,0.4,0.490196078431,0.48,0.555555555556,0.593220338983,0.469387755102,0.642857142857,0.581818181818,0.571428571429,0.457627118644,0.491228070175,0.466666666667,0.584905660377,0.442857142857,0.541666666667,0.48275862069,0.423728813559,0.634146341463,0.463414634146,0.524590163934,0.605263157895,0.609756097561,0.590909090909,0.454545454545,0.480769230769,0.465517241379,0.574074074074,0.542372881356,0.416666666667,0.517857142857,0.450980392157,0.46511627907,0.54,0.574468085106,0.586206896552,0.525,0.582089552239,0.55737704918,0.583333333333,0.540983606557,0.541666666667,0.384615384615,0.515625,0.418181818182,0.485294117647,0.480769230769,0.490909090909,0.522727272727,0.571428571429,0.418604651163,0.446808510638,0.533333333333,0.420289855072,0.428571428571,0.566037735849,0.591836734694,0.589285714286,0.433962264151,0.530303030303,0.4375,0.56862745098,0.571428571429,0.54,0.617647058824,0.457627118644,0.483870967742,0.613636363636,0.558139534884,0.5,0.459459459459,0.530612244898,0.521739130435,0.475409836066,0.508196721311,0.516666666667,0.555555555556,0.568965517241,0.493506493506,0.489795918367,0.561403508772,0.38,0.491525423729,0.521739130435,0.4,0.446808510638,0.5625,0.469387755102,0.573333333333,0.53125,0.415384615385,0.483333333333,0.584905660377,0.571428571429,0.375,0.544117647059,0.5,0.425531914894,0.563636363636,0.48275862069,0.581395348837,0.433962264151,0.509090909091,0.625,0.519230769231,0.5,0.553191489362,0.428571428571,0.56,0.456140350877,0.62962962963,0.53488372093,0.54347826087,0.467741935484,0.508771929825,0.651162790698,0.64,0.507462686567,0.508771929825,0.58,0.366666666667,0.585365853659,0.511627906977,0.359375,0.36170212766,0.555555555556,0.489795918367,0.521739130435,0.703703703704,0.459016393443,0.421052631579,0.461538461538,0.509433962264,0.35,0.42,0.4,0.604166666667,0.470588235294,0.538461538462,0.513513513514,0.5,0.5,0.5625,0.52380952381,0.560606060606,0.506172839506,0.410714285714,0.4375,0.510204081633,0.395833333333,0.518518518519,0.489795918367,0.545454545455,0.551020408163,0.593220338983,0.590909090909,0.416666666667,0.5,0.558823529412,0.736842105263,0.742857142857,0.333333333333,0.472727272727,0.408450704225,0.375,0.55737704918,0.509090909091,0.386363636364,0.45,0.488372093023,0.44262295082,0.514285714286,0.545454545455,0.450704225352,0.549295774648,0.380952380952,0.266666666667,0.567567567568,0.551020408163,0.5625,0.630434782609,0.577777777778,0.5,0.52,0.520833333333,0.468085106383,0.380281690141,0.434782608696,0.509803921569,0.538461538462,0.510638297872,0.485714285714,0.545454545455,0.40350877193,0.617021276596,0.545454545455,0.444444444444,0.508771929825,0.5,0.54347826087,0.54,0.34693877551,0.490909090909,0.527777777778,0.483333333333,0.51724137931,0.590909090909,0.383333333333,0.491803278689,0.517857142857,0.660377358491,0.559322033898,0.44262295082,0.592592592593,0.46511627907,0.428571428571,0.509803921569,0.478260869565,0.45652173913,0.5,0.466666666667,0.520833333333,0.589743589744,0.642857142857,0.454545454545,0.714285714286,0.583333333333,0.573333333333,0.473684210526,0.459459459459,0.472222222222,0.508771929825,0.471698113208,0.571428571429,0.666666666667,0.571428571429,0.533333333333,0.347826086957,0.584615384615,0.472727272727,0.421875,0.424242424242,0.608695652174,0.446808510638,0.482142857143,0.591836734694,0.379310344828,0.5,0.46,0.477272727273,0.31914893617,0.482142857143,0.520833333333,0.471698113208,0.549019607843,0.492063492063,0.637931034483,0.511111111111,0.410714285714,0.410714285714,0.631578947368,0.395348837209,0.415094339623,0.489795918367,0.382352941176,0.388888888889,0.622222222222,0.62962962963,0.549019607843,0.586956521739,0.527272727273,0.369230769231,0.475409836066,0.54,0.578947368421,0.553191489362,0.472727272727,0.380952380952,0.441860465116,0.566037735849,0.525,0.511111111111,0.62,0.352941176471,0.40350877193,0.56,0.551724137931,0.441860465116,0.446153846154,0.385964912281,0.487179487179,0.372549019608,0.545454545455,0.416666666667,0.553191489362,0.672413793103,0.560606060606,0.410256410256,0.527777777778,0.553191489362,0.411764705882,0.384615384615,0.422222222222,0.511111111111,0.615384615385,0.627118644068,0.673913043478,0.596153846154,0.530612244898,0.565217391304,0.547169811321,0.666666666667,0.461538461538,0.5,0.428571428571,0.486486486486,0.486486486486,0.5,0.53125,0.6,0.583333333333,0.519230769231,0.512820512821,0.6,0.55737704918,0.428571428571,0.428571428571,0.447368421053,0.634146341463,0.394736842105,0.479166666667,0.545454545455,0.438596491228,0.597014925373,0.647058823529,0.44,0.491228070175,0.508771929825,0.444444444444,0.583333333333,0.461538461538,0.557692307692,0.452830188679,0.433333333333,0.533333333333,0.490566037736,0.68085106383,0.589743589744,0.549019607843,0.568181818182,0.595238095238,0.529411764706,0.525,0.479166666667,0.368421052632,0.5,0.478260869565,0.5,0.519230769231,0.489361702128,0.483333333333,0.5,0.466666666667,0.444444444444,0.52,0.65625,0.348837209302,0.491525423729,0.538461538462,0.66,0.5625,0.5,0.574074074074,0.558823529412,0.486486486486,0.421875,0.470588235294,0.47619047619,0.581818181818,0.528301886792,0.454545454545,0.577777777778,0.565217391304,0.439024390244,0.473684210526,0.481481481481,0.521739130435,0.492537313433,0.436363636364,0.567567567568,0.455882352941,0.483333333333,0.463414634146,0.541666666667,0.441860465116,0.627906976744,0.588235294118,0.404255319149,0.396825396825,0.428571428571,0.454545454545,0.506493506494,0.440677966102,0.5,0.553191489362,0.617021276596,0.5,0.488888888889,0.425925925926,0.590909090909,0.450980392157,0.539682539683,0.59649122807,0.433962264151,0.333333333333,0.459459459459,0.538461538462,0.454545454545,0.875,0.54347826087,0.65306122449,0.614285714286,0.460317460317,0.451612903226,0.647058823529,0.444444444444,0.563636363636,0.448275862069,0.476923076923,0.468085106383,0.418181818182,0.407407407407,0.540540540541,0.53125,0.545454545455,0.538461538462,0.490196078431,0.438596491228,0.537037037037,0.467741935484,0.452380952381,0.52,0.586206896552,0.610169491525,0.688888888889,0.452830188679,0.532258064516,0.481481481481,0.547169811321,0.645161290323,0.523076923077,0.509803921569,0.5,0.466666666667,0.577777777778,0.555555555556,0.5,0.538461538462,0.565217391304,0.423076923077,0.58064516129,0.490196078431,0.512195121951,0.470588235294,0.540540540541,0.507936507937,0.489795918367,0.446153846154,0.517857142857,0.5,0.462686567164,0.474576271186,0.475,0.634615384615,0.475409836066,0.515625,0.543859649123,0.480769230769,0.5,0.568965517241,0.604166666667,0.6,0.5,0.40350877193,0.382352941176,0.522388059701,0.489361702128,0.557692307692,0.433962264151,0.55,0.450980392157,0.5,0.568181818182,0.489361702128,0.526315789474,0.347826086957,0.333333333333,0.553571428571,0.44,0.458333333333,0.4,0.53125,0.472222222222,0.415094339623,0.449275362319,0.481481481481,0.428571428571,0.436363636364,0.431034482759,0.530612244898,0.591836734694,0.597014925373,0.392156862745,0.454545454545,0.490909090909,0.483333333333,0.407407407407,0.457627118644,0.573770491803,0.576271186441,0.47619047619,0.377358490566,0.534482758621,0.519230769231,0.574074074074,0.466666666667,0.525,0.4,0.625,0.480769230769,0.571428571429,0.461538461538,0.651162790698,0.553571428571,0.542372881356,0.558139534884,0.4375,0.487179487179,0.512195121951,0.367346938776,0.517857142857,0.488888888889,0.508474576271,0.4,0.509803921569,0.538461538462,0.516129032258,0.491525423729,0.581818181818,0.533333333333,0.48,0.469387755102,0.510638297872,0.514285714286,0.511627906977,0.521739130435,0.519230769231,0.461538461538,0.456140350877,0.5,0.5,0.55,0.490566037736,0.444444444444,0.46,0.466666666667,0.444444444444,0.459016393443,0.594594594595,0.510638297872,0.456140350877,0.448979591837,0.433962264151,0.466666666667,0.5,0.509433962264,0.590909090909,0.36170212766,0.6,0.421052631579,0.4,0.391304347826,0.6875,0.526315789474,0.411764705882,0.604651162791,0.6,0.538461538462,0.478260869565,0.489361702128,0.5,0.566037735849,0.510638297872,0.46,0.416666666667,0.650793650794,0.654545454545,0.48275862069,0.592592592593,0.576271186441,0.483870967742,0.461538461538,0.46,0.551724137931,0.462686567164,0.466666666667,0.660714285714,0.586206896552,0.509803921569,0.444444444444,0.4,0.545454545455,0.627906976744,0.6,0.722222222222,0.545454545455,0.530303030303,0.547945205479,0.454545454545,0.473684210526,0.47619047619,0.425531914894,0.581395348837,0.526315789474,0.442307692308,0.469387755102,0.489361702128,0.547169811321,0.415094339623,0.5625,0.52380952381,0.436363636364,0.422222222222,0.448979591837,0.492537313433,0.512195121951,0.537037037037,0.392156862745,0.44262295082,0.586206896552,0.5,0.511111111111,0.514285714286,0.622641509434,0.509433962264,0.481481481481,0.428571428571,0.549019607843,0.459459459459,0.447368421053,0.539682539683,0.547169811321,0.540983606557,0.473684210526,0.529411764706,0.418181818182,0.647058823529,0.5,0.654545454545,0.5,0.526315789474,0.490566037736,0.627906976744,0.470588235294,0.5,0.275,0.5,0.521739130435,0.5,0.552631578947,0.528301886792,0.590163934426,0.640625,0.508196721311,0.551020408163,0.568181818182,0.450980392157,0.36,0.414634146341,0.563636363636,0.54347826087,0.507692307692,0.425925925926,0.577777777778,0.392857142857,0.520833333333,0.530303030303,0.610169491525,0.484375,0.5,0.594594594595,0.555555555556,0.537037037037,0.518518518519,0.4,0.480769230769,0.48,0.425,0.583333333333,0.359375,0.490909090909,0.590909090909,0.625,0.648648648649,0.515625,0.629032258065,0.483333333333,0.5,0.589285714286,0.542857142857,0.620689655172,0.41935483871,0.396226415094,0.5,0.447368421053,0.510204081633,0.555555555556,0.521739130435,0.549019607843,0.546875,0.541666666667,0.5,0.482142857143,0.549019607843,0.528301886792,0.603773584906,0.5,0.627906976744,0.575,0.472222222222,0.515151515152,0.565217391304,0.545454545455,0.465517241379,0.406779661017,0.352941176471,0.533333333333,0.475,0.6,0.431034482759,0.450980392157,0.469387755102,0.377358490566,0.4,0.563636363636,0.454545454545,0.450980392157,0.410714285714,0.418604651163,0.444444444444,0.431818181818,0.5,0.490566037736,0.659574468085,0.382978723404,0.509803921569,0.490566037736,0.489361702128,0.555555555556,0.547619047619,0.578947368421,0.529411764706,0.559322033898,0.5,0.697674418605,0.613636363636,0.56862745098,0.421052631579,0.555555555556,0.428571428571,0.479166666667,0.52,0.561403508772,0.449275362319,0.522727272727,0.5,0.446808510638,0.416666666667,0.433333333333,0.425531914894,0.511111111111,0.369565217391,0.434782608696,0.547169811321,0.652173913043,0.560975609756,0.490909090909,0.45652173913,0.547619047619,0.576923076923,0.733333333333,0.58064516129,0.545454545455,0.583333333333,0.478260869565,0.391304347826,0.465517241379,0.611111111111,0.529411764706,0.525423728814,0.551020408163,0.533333333333,0.5,0.446428571429,0.589285714286,0.459459459459,0.512195121951,0.536585365854,0.340425531915,0.466666666667,0.492537313433,0.611111111111,0.627450980392,0.37037037037,0.444444444444,0.428571428571,0.509090909091,0.483870967742,0.571428571429,0.466666666667,0.413043478261,0.655172413793,0.606557377049,0.550724637681,0.576271186441,0.631578947368,0.666666666667,0.559322033898,0.527272727273,0.465517241379,0.46511627907,0.490566037736,0.454545454545,0.608695652174,0.508196721311,0.55737704918,0.507692307692,0.396551724138,0.519230769231,0.576923076923,0.38,0.461538461538,0.525,0.488888888889,0.344262295082,0.537037037037,0.416666666667,0.611111111111,0.519230769231,0.479166666667,0.634615384615,0.649122807018,0.4375,0.413793103448,0.685714285714,0.473684210526,0.40350877193,0.535714285714,0.508771929825,0.483333333333,0.509433962264,0.456140350877,0.446428571429,0.511627906977,0.469387755102,0.568965517241,0.55,0.536585365854,0.558139534884,0.615384615385,0.542857142857,0.54,0.531914893617,0.511111111111,0.54,0.490196078431,0.48,0.461538461538,0.462962962963,0.411764705882,0.456140350877,0.507692307692,0.648148148148,0.581395348837,0.5,0.549019607843,0.490196078431,0.462962962963,0.530612244898,0.585365853659,0.412698412698,0.609375,0.528301886792,0.470588235294,0.583333333333,0.357142857143,0.46,0.415094339623,0.543859649123,0.551020408163,0.5,0.520833333333,0.578947368421,0.6,0.387755102041,0.571428571429,0.527272727273,0.470588235294,0.530612244898,0.48275862069,0.395833333333,0.508474576271,0.518518518519,0.6,0.518518518519,0.583333333333,0.5,0.565217391304,0.451612903226,0.5,0.694444444444,0.403846153846,0.457142857143,0.571428571429,0.537037037037,0.446428571429,0.35,0.413043478261,0.489361702128,0.511111111111,0.439024390244,0.54,0.5625,0.566037735849,0.578125,0.432432432432,0.525,0.489795918367,0.520833333333,0.622222222222,0.444444444444,0.491525423729,0.344262295082,0.630434782609,0.473684210526,0.228571428571,0.511627906977,0.442307692308,0.54,0.547619047619,0.537037037037,0.489795918367,0.636363636364,0.446428571429,0.470588235294,0.530612244898,0.477272727273,0.365853658537,0.446808510638,0.547619047619,0.517857142857,0.46875,0.421052631579,0.553846153846,0.484848484848,0.514705882353,0.425531914894,0.627118644068,0.5,0.526315789474,0.470588235294,0.456140350877,0.522388059701,0.382978723404,0.55,0.448275862069,0.396551724138,0.55,0.615384615385,0.483333333333,0.483870967742,0.559322033898,0.5,0.547169811321,0.413043478261,0.527777777778,0.585365853659,0.446808510638,0.44,0.558139534884,0.470588235294,0.48,0.490909090909,0.538461538462,0.545454545455,0.627118644068,0.326086956522,0.395348837209,0.588235294118,0.47619047619,0.507042253521,0.595238095238,0.509090909091,0.423076923077,0.575,0.553191489362,0.521739130435,0.488372093023,0.489361702128,0.617021276596,0.612244897959,0.487804878049,0.555555555556,0.357142857143,0.571428571429,0.511111111111,0.488372093023,0.45,0.41935483871,0.482142857143,0.481481481481,0.5,0.591836734694,0.52380952381,0.448979591837,0.537037037037,0.519230769231,0.4,0.566037735849,0.510638297872,0.552631578947,0.595744680851,0.535714285714,0.454545454545,0.5625,0.549019607843,0.472727272727,0.6,0.555555555556,0.539682539683,0.477272727273,0.426229508197,0.440677966102,0.5,0.491228070175,0.529411764706,0.388888888889,0.594594594595,0.368421052632,0.553191489362,0.450980392157,0.521739130435,0.469387755102,0.5,0.615384615385,0.588235294118,0.659090909091,0.409090909091,0.478260869565,0.366666666667,0.490909090909,0.511627906977,0.489361702128,0.403846153846,0.509803921569,0.348837209302,0.484848484848,0.529411764706,0.581081081081,0.516129032258,0.509803921569,0.428571428571,0.404761904762,0.509803921569,0.482142857143,0.4375,0.463414634146,0.575757575758,0.444444444444,0.586206896552,0.446428571429,0.490196078431,0.491228070175,0.5,0.487179487179,0.509433962264,0.42,0.452830188679,0.666666666667,0.537037037037,0.47619047619,0.461538461538,0.404761904762,0.418181818182,0.490196078431,0.5,0.454545454545,0.462962962963,0.4375,0.538461538462,0.525423728814,0.464285714286,0.6,0.4,0.509803921569,0.6,0.690476190476,0.566666666667,0.526315789474,0.381818181818,0.444444444444,0.482142857143,0.435897435897,0.508196721311,0.407407407407,0.516666666667,0.464285714286,0.450704225352,0.472727272727,0.431034482759,0.561403508772,0.539682539683,0.47619047619,0.571428571429,0.529411764706,0.37037037037,0.363636363636,0.553571428571,0.490196078431,0.772727272727,0.5,0.464285714286,0.553191489362,0.526315789474,0.473684210526,0.307692307692,0.519230769231,0.548387096774,0.456140350877,0.462962962963,0.589285714286,0.4,0.534246575342,0.561403508772,0.490566037736,0.384615384615,0.509433962264,0.45652173913,0.478260869565,0.480769230769,0.6,0.463414634146,0.46,0.509433962264,0.426470588235,0.483333333333,0.6,0.454545454545,0.527777777778,0.576923076923,0.545454545455,0.510204081633,0.388888888889,0.5,0.479166666667,0.576923076923,0.5,0.540540540541,0.565217391304,0.454545454545,0.610169491525,0.586956521739,0.6,0.519230769231,0.431818181818,0.416666666667,0.574074074074,0.48275862069,0.510638297872,0.434782608696,0.5,0.432835820896,0.547169811321,0.441860465116,0.548387096774,0.5,0.492063492063,0.5,0.563636363636,0.551020408163,0.565217391304,0.441860465116,0.461538461538,0.617021276596,0.438596491228,0.523076923077,0.52380952381,0.418604651163,0.418604651163,0.511111111111,0.666666666667,0.636363636364,0.422222222222,0.365384615385,0.461538461538,0.507692307692,0.6,0.553571428571,0.56862745098,0.5,0.54,0.529411764706,0.467741935484,0.565217391304,0.529411764706,0.490196078431,0.45652173913,0.546875,0.348837209302,0.381818181818,0.45652173913,0.485714285714,0.346153846154,0.469387755102,0.5,0.483333333333,0.542372881356,0.540983606557,0.528301886792,0.818181818182,0.848484848485,0.692307692308,0.666666666667,0.682926829268,0.6,0.564102564103,0.509433962264,0.482142857143,0.55,0.603773584906,0.48275862069,0.295454545455,0.615384615385,0.571428571429,0.488888888889,0.636363636364,0.535714285714,0.551020408163,0.531914893617,0.555555555556,0.467741935484,0.47619047619,0.592592592593,0.517857142857,0.444444444444,0.352941176471,0.47619047619,0.37037037037,0.448979591837,0.568181818182,0.538461538462,0.384615384615,0.444444444444,0.469387755102,0.541666666667,0.42,0.487804878049,0.489361702128,0.649122807018,0.727272727273,0.65,0.65,0.452830188679,0.547619047619,0.52380952381,0.4,0.4375,0.547169811321,0.490566037736,0.509090909091,0.581818181818,0.469387755102,0.395348837209,0.492063492063,0.47619047619,0.474576271186,0.558139534884,0.63829787234,0.576923076923,0.428571428571,0.395348837209,0.4375,0.463414634146,0.392156862745,0.46,0.547169811321,0.46,0.448979591837,0.549019607843,0.533333333333,0.551724137931,0.490566037736,0.510204081633,0.490909090909,0.471698113208,0.5,0.46,0.470588235294,0.551020408163,0.546875,0.590909090909,0.534482758621,0.409090909091,0.533333333333,0.606557377049,0.454545454545,0.536585365854,0.371428571429,0.415094339623,0.588235294118,0.428571428571,0.54347826087,0.549019607843,0.452830188679,0.472727272727,0.56862745098,0.428571428571,0.534482758621,0.549019607843,0.583333333333,0.520833333333,0.426229508197,0.433333333333,0.407407407407,0.478260869565,0.586206896552,0.425531914894,0.48,0.543859649123,0.553571428571,0.441176470588,0.457142857143,0.479166666667,0.407407407407,0.471698113208,0.574468085106,0.528301886792,0.530612244898,0.561403508772,0.626865671642,0.511627906977,0.509803921569,0.519230769231,0.47619047619,0.447368421053,0.446808510638,0.5625,0.533333333333,0.462962962963,0.486486486486,0.897435897436,0.787234042553,0.74358974359,0.692307692308,0.533333333333,0.618181818182,0.603448275862,0.676470588235,0.527777777778,0.6,0.652173913043,0.538461538462,0.522727272727,0.53488372093,0.577777777778,0.521739130435,0.388888888889,0.54,0.5,0.557692307692,0.475,0.487804878049,0.428571428571,0.6,0.530612244898,0.529411764706,0.648648648649,0.658536585366,0.5625,0.588235294118,0.568181818182,0.575,0.425,0.302325581395,0.428571428571,0.425531914894,0.516666666667,0.537037037037,0.454545454545,0.4375,0.428571428571,0.381818181818,0.557692307692,0.522727272727,0.56,0.53488372093,0.471698113208,0.459016393443,0.439024390244,0.46511627907,0.472727272727,0.525,0.46875,0.5,0.577777777778,0.46511627907,0.490909090909,0.45652173913,0.607843137255,0.512195121951,0.363636363636,0.612244897959,0.5,0.519230769231,0.625,0.565217391304,0.472727272727,0.463414634146,0.375,0.4,0.431818181818,0.517857142857,0.444444444444,0.510204081633,0.481481481481,0.438596491228,0.517857142857,0.482142857143,0.508771929825,0.393939393939,0.551020408163,0.539682539683,0.5,0.482142857143,0.519230769231,0.571428571429,0.5,0.507936507937,0.463768115942,0.514705882353,0.488888888889,0.45652173913,0.456140350877,0.535714285714,0.527272727273,0.571428571429,0.5,0.545454545455,0.519230769231,0.510204081633,0.5,0.307692307692,0.3,0.426229508197,0.560975609756,0.541666666667,0.509433962264,0.377049180328,0.535714285714,0.5,0.477272727273,0.555555555556,0.581395348837,0.595744680851,0.228571428571,0.5,0.52,0.490909090909,0.558823529412,0.589743589744,0.612244897959,0.557692307692,0.53125,0.448275862069,0.524590163934,0.441860465116,0.487804878049,0.47619047619,0.540540540541,0.5,0.56,0.515151515152,0.627450980392,0.477272727273,0.47619047619,0.584905660377,0.491525423729,0.588235294118,0.414634146341,0.509433962264,0.529411764706,0.446153846154,0.56862745098,0.484375,0.5,0.510204081633,0.279069767442,0.583333333333,0.558139534884,0.631578947368,0.425,0.333333333333,0.610169491525,0.565217391304,0.55737704918,0.4375,0.431034482759,0.52,0.487804878049,0.551020408163,0.483333333333,0.526315789474,0.553191489362,0.52,0.436363636364,0.450980392157,0.578947368421,0.608695652174,0.44,0.459459459459,0.571428571429,0.564102564103,0.388888888889,0.458333333333,0.351351351351,0.521739130435,0.489361702128,0.520833333333,0.5,0.462962962963,0.375,0.44,0.411764705882,0.478260869565,0.558823529412,0.40350877193,0.56,0.558823529412,0.648648648649,0.441860465116,0.452380952381,0.525423728814,0.529411764706,0.454545454545,0.585365853659,0.571428571429,0.676470588235,0.490196078431,0.36170212766,0.395348837209,0.536585365854,0.510204081633,0.489361702128,0.568181818182,0.410256410256,0.606060606061,0.409090909091,0.520833333333,0.52,0.516129032258,0.702702702703,0.473684210526,0.392857142857,0.366666666667,0.469696969697,0.563636363636,0.510204081633,0.439393939394,0.5,0.52,0.511111111111,0.431818181818,0.48,0.509803921569,0.491228070175,0.517857142857,0.6,0.491803278689,0.512820512821,0.428571428571,0.468085106383,0.558139534884,0.56862745098,0.47619047619,0.434782608696,0.590909090909,0.568181818182,0.630434782609,0.5,0.491228070175,0.596774193548,0.55,0.444444444444,0.446808510638,0.595744680851,0.462962962963,0.5,0.565217391304,0.488888888889,0.490909090909,0.509803921569,0.486486486486,0.512820512821,0.484848484848,0.529411764706,0.466666666667,0.591836734694,0.534482758621,0.475409836066,0.489361702128,0.551020408163,0.363636363636,0.446808510638,0.631578947368,0.431034482759,0.507462686567,0.55737704918,0.491525423729,0.526315789474,0.470588235294,0.536585365854,0.487179487179,0.425925925926,0.492307692308,0.603174603175,0.476923076923,0.5,0.529411764706,0.52380952381,0.561643835616,0.526315789474,0.377777777778,0.5,0.40625,0.5,0.633333333333,0.529411764706,0.537037037037,0.480769230769,0.441860465116,0.625,0.52380952381,0.392156862745,0.363636363636,0.446808510638,0.684210526316,0.528301886792,0.588235294118,0.565217391304,0.458333333333,0.477272727273,0.352941176471,0.457627118644,0.51724137931,0.485714285714,0.479166666667,0.527272727273,0.525,0.511627906977,0.413043478261,0.44,0.519230769231,0.52,0.380952380952,0.358490566038,0.63829787234,0.657894736842,0.510204081633,0.596153846154,0.517857142857,0.53125,0.517857142857,0.5,0.58,0.549019607843,0.483870967742,0.538461538462,0.48,0.403846153846,0.468085106383,0.473684210526,0.596774193548,0.452380952381,0.406779661017,0.46511627907,0.323529411765,0.560975609756,0.68,0.517857142857,0.481481481481,0.511627906977,0.414634146341,0.58,0.457627118644,0.465517241379,0.5,0.627450980392,0.593220338983,0.396825396825,0.484848484848,0.479166666667,0.516666666667,0.530612244898,0.434782608696,0.5,0.517857142857,0.313725490196,0.56,0.490196078431,0.541666666667,0.52380952381,0.422222222222,0.45,0.549019607843,0.604166666667,0.55,0.631578947368,0.636363636364,0.688888888889,0.5,0.634615384615,0.459459459459,0.423076923077,0.423076923077,0.46511627907,0.508771929825,0.525423728814,0.5,0.560606060606,0.560975609756,0.553191489362,0.509433962264,0.553191489362,0.511627906977,0.482142857143,0.577777777778,0.547169811321,0.58,0.52,0.790697674419,0.681818181818,0.491525423729,0.5,0.5,0.466666666667,0.428571428571,0.45,0.5,0.333333333333,0.52,0.52380952381,0.55737704918,0.488372093023,0.521739130435,0.568181818182,0.450980392157,0.558139534884,0.529411764706,0.651162790698,0.5,0.28,0.428571428571,0.424657534247,0.466666666667,0.555555555556,0.475409836066,0.382978723404,0.521739130435,0.378787878788,0.542857142857,0.519230769231,0.377777777778,0.46875,0.487179487179,0.488888888889,0.517857142857,0.5,0.47619047619,0.354166666667,0.380952380952,0.4,0.5,0.705882352941,0.685185185185,0.5625,0.520833333333,0.571428571429,0.555555555556,0.433962264151,0.410714285714,0.490196078431,0.558823529412,0.537037037037,0.553191489362,0.566037735849,0.551020408163,0.58,0.48,0.415094339623,0.5,0.471698113208,0.434782608696,0.425,0.511111111111,0.525423728814,0.458333333333,0.545454545455,0.508771929825,0.521739130435,0.519230769231,0.530612244898,0.563636363636,0.603773584906,0.5,0.431818181818,0.490196078431,0.5625,0.605263157895,0.459459459459,0.6,0.531914893617,0.4375,0.404255319149,0.557692307692,0.622222222222,0.478260869565,0.433962264151,0.470588235294,0.441860465116,0.529411764706,0.454545454545,0.416666666667,0.53488372093,0.444444444444,0.45652173913,0.519230769231,0.523076923077,0.576271186441,0.52380952381,0.490566037736,0.507936507937,0.54347826087,0.583333333333,0.62962962963,0.5,0.586206896552,0.365384615385,0.347826086957,0.547619047619,0.583333333333,0.4,0.473684210526,0.644444444444,0.613636363636,0.43137254902,0.587301587302,0.380952380952,0.477272727273,0.354166666667,0.515151515152,0.525,0.551724137931,0.53488372093,0.448275862069,0.435897435897,0.478260869565,0.489795918367,0.53125,0.464285714286,0.48,0.509090909091,0.553571428571,0.428571428571,0.5,0.555555555556,0.457142857143,0.509803921569,0.5,0.527777777778,0.565217391304,0.571428571429,0.582089552239,0.520833333333,0.428571428571,0.666666666667,0.589285714286,0.56862745098,0.555555555556,0.517857142857,0.555555555556,0.433962264151,0.365384615385,0.457627118644,0.475,0.326086956522,0.392857142857,0.477272727273,0.466666666667,0.509090909091,0.441176470588,0.543859649123,0.551724137931,0.58,0.459016393443,0.468085106383,0.555555555556,0.538461538462,0.431818181818,0.433962264151,0.42,0.609756097561,0.395348837209,0.452380952381,0.545454545455,0.553846153846,0.475,0.322580645161,0.589743589744,0.52380952381,0.595238095238,0.566037735849,0.560975609756,0.631578947368,0.511627906977,0.538461538462,0.410714285714,0.46,0.490196078431,0.567164179104,0.566666666667,0.555555555556,0.555555555556,0.490566037736,0.571428571429,0.526315789474,0.573770491803,0.5,0.5,0.479166666667,0.557692307692,0.38,0.507692307692,0.553571428571,0.46511627907,0.391304347826,0.557692307692,0.586956521739,0.535714285714,0.441860465116,0.536585365854,0.518518518519,0.396825396825,0.395348837209,0.5,0.553191489362,0.5,0.453125,0.491525423729,0.585365853659,0.460317460317,0.531914893617,0.483333333333,0.512820512821,0.527777777778,0.404255319149,0.407407407407,0.434782608696,0.395348837209,0.452830188679,0.491228070175,0.571428571429,0.493150684932,0.479166666667,0.58064516129,0.563636363636,0.5,0.539682539683,0.5,0.396551724138,0.583333333333,0.40625,0.559322033898,0.586206896552,0.461538461538,0.469387755102,0.428571428571,0.369565217391,0.46511627907,0.52380952381,0.382978723404,0.454545454545,0.448979591837,0.604651162791,0.583333333333,0.519230769231,0.514285714286,1.0,0.657142857143,0.439024390244,0.40625,0.403225806452,0.453125,0.457142857143,0.530612244898,0.458333333333,0.487179487179,0.387755102041,0.375,0.333333333333,0.529411764706,0.575,0.575757575758,0.602941176471,0.565217391304,0.509433962264,0.479166666667,0.509090909091,0.574074074074,0.583333333333,0.5,0.5,0.46,0.471698113208,0.5,0.490909090909,0.54347826087,0.520833333333,0.6,0.452830188679,0.465517241379,0.456140350877,0.454545454545,0.6,0.491803278689,0.452380952381,0.451612903226,0.564516129032,0.471698113208,0.604166666667,0.56862745098,0.552631578947,0.378378378378,0.451612903226,0.565217391304,0.533333333333,0.522727272727,0.47619047619,0.511627906977,0.536585365854,0.410256410256,0.385964912281,0.395348837209,0.434782608696,0.511111111111,0.431818181818,0.511111111111,0.433962264151,0.596153846154,0.591836734694,0.227272727273,0.56,0.473684210526,0.561403508772,0.586206896552,0.659574468085,0.461538461538,0.563636363636,0.545454545455,0.341463414634,0.367346938776,0.482142857143,0.627118644068,0.54,0.527272727273,0.421875,0.5,0.433962264151,0.631578947368,0.386363636364,0.4,0.407407407407,0.533333333333,0.524590163934,0.533333333333,0.25,0.510638297872,0.477272727273,0.439024390244,0.46,0.474576271186,0.490196078431,0.509090909091,0.529411764706,0.491525423729,0.541666666667,0.586956521739,0.563636363636,0.530612244898,0.54,0.5,0.545454545455,0.591836734694,0.478260869565,0.55,0.5,0.525,0.461538461538,0.470588235294,0.571428571429,0.5625,0.428571428571,0.480769230769,0.403846153846,0.423076923077,0.491525423729,0.492307692308,0.625,0.414634146341,0.403225806452,0.551020408163,0.423076923077,0.416666666667,0.525423728814,0.44,0.433962264151,0.510638297872,0.46511627907,0.607843137255,0.508196721311,0.537037037037,0.470588235294,0.5,0.555555555556,0.412698412698,0.423728813559,0.524590163934,0.65306122449,0.578947368421,0.448979591837,0.528571428571,0.4,0.47619047619,0.64,0.525,0.583333333333,0.625,0.391304347826,0.611111111111,0.463414634146,0.540540540541,0.489795918367,0.269230769231,0.509803921569,0.389830508475,0.416666666667,0.548387096774,0.52,0.483870967742,0.446428571429,0.553571428571,0.452830188679,0.366666666667,0.379310344828,0.461538461538,0.59375,0.595744680851,0.583333333333,0.574074074074,0.411764705882,0.363636363636,0.460317460317,0.44262295082,0.425925925926,0.56,0.433962264151,0.405405405405,0.418604651163,0.413043478261,0.586206896552,0.482142857143,0.340909090909,0.568181818182,0.5,0.387096774194,0.440677966102,0.5,0.596153846154,0.431034482759,0.512820512821,0.466666666667,0.652173913043,0.428571428571,0.568965517241,0.454545454545,0.521739130435,0.465517241379,0.5,0.525,0.448275862069,0.522727272727,0.470588235294,0.555555555556,0.442307692308,0.5,0.56,0.529411764706,0.425531914894,0.509090909091,0.43137254902,0.525423728814,0.621621621622,0.48,0.537037037037,0.577777777778,0.647058823529,0.529411764706,0.541666666667,0.676470588235,0.577777777778,0.6,0.490566037736,0.547169811321,0.526315789474,0.566037735849,0.461538461538,0.409090909091,0.613636363636,0.59649122807,0.5,0.533333333333,0.459459459459,0.441860465116,0.490566037736,0.509433962264,0.479166666667,0.446808510638,0.568181818182,0.448979591837,0.610169491525,0.48,0.47619047619,0.68085106383,0.547169811321,0.4,0.433962264151,0.4375,0.421052631579,0.34,0.65,0.473684210526,0.625,0.591836734694,0.448979591837,0.6,0.548387096774,0.543859649123,0.586956521739,0.469387755102,0.588235294118,0.394736842105,0.390243902439,0.409090909091,0.333333333333,0.561403508772,0.413043478261,0.666666666667,0.615384615385,0.456140350877,0.555555555556,0.45652173913,0.530612244898,0.6,0.392156862745,0.46511627907,0.347826086957,0.36170212766,0.5,0.595238095238,0.576923076923,0.509803921569,0.581395348837,0.468085106383,0.434782608696,0.46,0.522727272727,0.444444444444,0.605263157895,0.489361702128,0.36170212766,0.508196721311,0.454545454545,0.517857142857,0.48275862069,0.555555555556,0.512195121951,0.5,0.47619047619,0.543859649123,0.4,0.466666666667,0.444444444444,0.490566037736,0.535714285714,0.525423728814,0.529411764706,0.583333333333,0.538461538462,0.428571428571,0.475,0.458333333333,0.575,0.416666666667,0.659090909091,0.58,0.671875,0.421052631579,0.592592592593,0.551724137931,0.5,0.469387755102,0.508771929825,0.630434782609,0.54,0.471698113208,0.509803921569,0.555555555556,0.5,0.454545454545,0.415094339623,0.355555555556,0.416666666667,0.410714285714,0.568181818182,0.461538461538,0.475409836066,0.4375,0.457142857143,0.479166666667,0.40350877193,0.618181818182,0.489361702128,0.487804878049,0.45,0.560975609756,0.381818181818,0.404255319149,0.491525423729,0.459016393443,0.56,0.463414634146,0.45652173913,0.517857142857,0.622222222222,0.5,0.487804878049,0.53125,0.630434782609,0.415094339623,0.5,0.479166666667,0.482142857143,0.518518518519,0.558823529412,0.511111111111,0.45,0.545454545455,0.47619047619,0.490909090909,0.5,0.431818181818,0.415094339623,0.558139534884,0.586956521739,0.529411764706,0.604166666667,0.625,0.551020408163,0.526315789474,0.48,0.388888888889,0.64,0.583333333333,0.46,0.47619047619,0.380952380952,0.571428571429,0.425925925926,0.514285714286,0.428571428571,0.446808510638,0.45,0.65,0.620689655172,0.469387755102,0.56,0.574468085106,0.535714285714,0.46,0.510638297872,0.464285714286,0.487804878049,0.621621621622,0.363636363636,0.375,0.5,0.454545454545,0.586206896552,0.595238095238,0.611111111111,0.428571428571,0.509433962264,0.311111111111,0.375,0.55,0.411764705882,0.418604651163,0.625,0.648148148148,0.5,0.65625,0.510638297872,0.484848484848,0.595744680851,0.63829787234,0.468085106383,0.458333333333,0.487179487179,0.409090909091,0.547169811321,0.454545454545,0.5,0.5,0.561403508772,0.509090909091,0.372093023256,0.595744680851,0.452380952381,0.452830188679,0.533333333333,0.584905660377,0.54,0.571428571429,0.444444444444,0.542857142857,0.585365853659,0.560975609756,0.55,0.510204081633,0.604166666667,0.666666666667,0.444444444444,0.574074074074,0.509433962264,0.48275862069,0.487179487179,0.466666666667,0.526315789474,0.571428571429,0.512820512821,0.391304347826,0.421052631579,0.511627906977,0.484848484848,0.553191489362,0.446808510638,0.771428571429,0.45652173913,0.488888888889,0.468085106383,0.324324324324,0.622222222222,0.702127659574,0.678571428571,0.571428571429,0.585365853659,0.434782608696,0.666666666667,0.34,0.589743589744,0.475,0.540540540541,0.552631578947,0.545454545455,0.540983606557,0.407407407407,0.43137254902,0.551020408163,0.56862745098,0.576923076923,0.573770491803,0.62,0.5,0.47619047619,0.384615384615,0.512195121951,0.6,0.470588235294,0.528301886792,0.491525423729,0.465517241379,0.574074074074,0.451612903226,0.474576271186,0.555555555556,0.581818181818,0.413043478261,0.545454545455,0.372881355932,0.462962962963,0.405405405405,0.56,0.530612244898,0.6,0.446808510638,0.463414634146,0.404255319149,0.47619047619,0.584905660377,0.557692307692,0.411764705882,0.553571428571,0.489361702128,0.56,0.438596491228,0.350877192982,0.58,0.490566037736,0.673469387755,0.510638297872,0.567567567568,0.5,0.555555555556,0.468085106383,0.423076923077,0.673076923077,0.449275362319,0.388888888889,0.444444444444,0.558823529412,0.411764705882,0.524590163934,0.431034482759,0.458333333333,0.508771929825,0.545454545455,0.363636363636,0.36,0.462962962963,0.41935483871,0.452830188679,0.552631578947,0.425925925926,0.558139534884,0.342105263158,0.301886792453,0.472222222222,0.794117647059,0.466666666667,0.509090909091,0.512195121951,0.387096774194,0.450980392157,0.615384615385,0.518518518519,0.529411764706,0.627906976744,0.591836734694,0.710526315789,0.563636363636,0.468085106383,0.348837209302,0.333333333333,0.509803921569,0.590909090909,0.389830508475,0.438596491228,0.541666666667,0.413043478261,0.489795918367,0.521739130435,0.548387096774,0.390243902439,0.35,0.36170212766,0.555555555556,0.510638297872,0.5,0.553571428571,0.685714285714,0.462962962963,0.487804878049,0.508474576271,0.380952380952,0.633333333333,0.537037037037,0.615384615385,0.439024390244,0.714285714286,0.69696969697,0.659090909091,0.617021276596,0.454545454545,0.5,0.514285714286,0.555555555556,0.404255319149,0.44,0.53488372093,0.404761904762,0.527272727273,0.555555555556,0.489361702128,0.58,0.404255319149,0.647058823529,0.574074074074,0.645833333333,0.625,0.540540540541,0.5625,0.5,0.5,0.384615384615,0.480769230769,0.571428571429,0.555555555556,0.485714285714,0.611111111111,0.522727272727,0.5,0.407407407407,0.450980392157,0.457627118644,0.454545454545,0.523076923077,0.4375,0.464285714286,0.508771929825,0.59375,0.481481481481,0.5,0.5,0.470588235294,0.457627118644,0.438596491228,0.442307692308,0.46,0.5,0.5,0.530612244898,0.510638297872,0.448979591837,0.43137254902,0.483333333333,0.54347826087,0.472727272727,0.5,0.469387755102,0.7,0.452830188679,0.585365853659,0.410256410256,0.490909090909,0.462962962963,0.547169811321,0.4375,0.4,0.388888888889,0.486486486486,0.435897435897,0.555555555556,0.553191489362,0.411764705882,0.347826086957,0.553191489362,0.558139534884,0.411764705882,0.5,0.478260869565,0.465517241379,0.542372881356,0.508196721311,0.480769230769,0.542372881356,0.478260869565,0.534482758621,0.511111111111,0.634146341463,0.552631578947,0.382978723404,0.45,0.542372881356,0.490566037736,0.474576271186,0.527272727273,0.510638297872,0.368421052632,0.479166666667,0.536585365854,0.510204081633,0.479166666667,0.480769230769,0.418181818182,0.5,0.444444444444,0.5,0.43137254902,0.529411764706,0.5,0.5,0.558139534884,0.469387755102,0.55,0.489795918367,0.525,0.6,0.5625,0.5625,0.444444444444,0.46,0.472727272727,0.5,0.457142857143,0.522727272727,0.608695652174,0.636363636364,0.586956521739,0.529411764706,0.644444444444,0.361111111111,0.377358490566,0.440677966102,0.5,0.454545454545,0.518518518519,0.446808510638,0.625,0.510204081633,0.4,0.422222222222,0.4,0.355555555556,0.5,0.639344262295,0.444444444444,0.588235294118,0.425925925926,0.489795918367,0.537037037037,0.654545454545,0.551020408163,0.459459459459,0.304347826087,0.421052631579,0.36170212766,0.529411764706,0.46,0.488888888889,0.487179487179,0.442307692308,0.534482758621,0.555555555556,0.34693877551,0.5,0.5,0.564102564103,0.425531914894,0.533333333333,0.382978723404,0.440677966102,0.611111111111,0.442307692308,0.6,0.727272727273,0.489361702128,0.558139534884,0.466666666667,0.465517241379,0.690476190476,0.510204081633,0.391304347826,0.46,0.53488372093,0.314285714286,0.555555555556,0.470588235294,0.509803921569,0.450980392157,0.5,0.408163265306,0.5,0.396226415094,0.547619047619,0.459459459459,0.428571428571,0.434782608696,0.463414634146,0.393939393939,0.375,0.5,0.490909090909,0.509090909091,0.52380952381,0.54,0.489795918367,0.5,0.411764705882,0.394736842105,0.538461538462,0.533333333333,0.391304347826,0.422222222222,0.326923076923,0.551020408163,0.5625,0.641025641026,0.583333333333,0.5,0.487179487179,0.444444444444,0.522727272727,0.469387755102,0.571428571429,0.606060606061,0.457142857143,0.525423728814,0.586956521739,0.571428571429,0.6,0.627450980392,0.540540540541,0.548387096774,0.530612244898,0.596153846154,0.536585365854,0.53488372093,0.480769230769,0.406779661017,0.444444444444,0.438596491228,0.483870967742,0.619047619048,0.395833333333,0.447368421053,0.52380952381,0.410256410256,0.566037735849,0.59649122807,0.568181818182,0.461538461538,0.595238095238,0.293103448276,0.535714285714,0.541666666667,0.627906976744,0.464285714286,0.371428571429,0.488888888889,0.551020408163,0.571428571429,0.464285714286,0.609375,0.48275862069,0.395833333333,0.5625,0.54,0.576271186441,0.538461538462,0.462962962963,0.522727272727,0.407407407407,0.44,0.521739130435,0.45,0.468085106383,0.42,0.553571428571,0.355555555556,0.520833333333,0.555555555556,0.462962962963,0.43137254902,0.47619047619,0.603773584906,0.418604651163,0.5625,0.705882352941,0.5,0.5,0.591836734694,0.68085106383,0.44,0.46,0.675,0.52,0.538461538462,0.5,0.444444444444,0.6875,0.642857142857,0.459459459459,0.465517241379,0.475409836066,0.568181818182,0.48,0.484848484848,0.538461538462,0.441176470588,0.536585365854,0.604651162791,0.446808510638,0.561403508772,0.433962264151,0.472727272727,0.525,0.509090909091,0.53488372093,0.428571428571,0.512195121951,0.45,0.471698113208,0.45,0.485714285714,0.43137254902,0.492537313433,0.542372881356,0.588235294118,0.59649122807,0.520833333333,0.478260869565,0.54,0.478260869565,0.486486486486,0.58,0.452380952381,0.5,0.6,0.612903225806,0.522727272727,0.441860465116,0.442307692308,0.537037037037,0.579710144928,0.5,0.590909090909,0.511111111111,0.489361702128,0.5,0.485714285714,0.488888888889,0.59375,0.557692307692,0.5,0.521739130435,0.527777777778,0.541666666667,0.510204081633,0.448979591837,0.5,0.464285714286,0.366666666667,0.511111111111,0.507692307692,0.479166666667,0.558139534884,0.43137254902,0.487179487179,0.509090909091,0.475409836066,0.382978723404,0.53488372093,0.478260869565,0.529411764706,0.363636363636,0.418181818182,0.415094339623,0.611111111111,0.6,0.520833333333,0.490196078431,0.519230769231,0.450980392157,0.457627118644,0.353846153846,0.395833333333,0.509803921569,0.555555555556,0.425531914894,0.482142857143,0.533333333333,0.549019607843,0.604166666667,0.65,0.404761904762,0.475,0.711111111111,0.474576271186,0.520833333333,0.604166666667,0.574468085106,0.454545454545,0.489361702128,0.511111111111,0.5,0.480769230769,0.466666666667,0.454545454545,0.615384615385,0.574468085106,0.576923076923,0.52,0.458333333333,0.605263157895,0.4375,0.428571428571,0.42,0.457627118644,0.435483870968,0.487179487179,0.47619047619,0.407407407407,0.5,0.533333333333,0.351351351351,0.568181818182,0.722222222222,0.757575757576,0.631578947368,0.473684210526,0.560975609756,0.509433962264,0.395833333333,0.5,0.514285714286,0.461538461538,0.756756756757,0.511627906977,0.435897435897,0.512820512821,0.543859649123,0.518518518519,0.625,0.54,0.490196078431,0.617021276596,0.452830188679,0.535714285714,0.428571428571,0.410256410256,0.547169811321,0.464285714286,0.47619047619,0.571428571429,0.466666666667,0.509433962264,0.604651162791,0.5,0.5625,0.44,0.5,0.538461538462,0.541666666667,0.4,0.571428571429,0.514705882353,0.48,0.577777777778,0.577777777778,0.48,0.537313432836,0.53488372093,0.65,0.483333333333,0.489795918367,0.4375,0.509803921569,0.489361702128,0.604166666667,0.551020408163,0.46,0.52380952381,0.53488372093,0.392156862745,0.458333333333,0.538461538462,0.530303030303,0.47619047619,0.473684210526,0.513513513514,0.537037037037,0.605263157895,0.461538461538,0.404761904762,0.454545454545,0.541666666667,0.466666666667,0.62,0.6875,0.458333333333,0.512195121951,0.442307692308,0.394736842105,0.542857142857,0.575757575758,0.509433962264,0.590909090909,0.692307692308,0.703703703704,0.7,0.733333333333,0.8125,0.568965517241,0.542857142857,0.558139534884,0.565217391304,0.666666666667,0.688888888889,0.609756097561,0.462962962963,0.521739130435,0.545454545455,0.641025641026,0.547619047619,0.685714285714,0.571428571429,0.642857142857,0.568181818182,0.75,0.863636363636,0.576923076923,0.741935483871,0.666666666667,0.51724137931,0.448979591837,0.568965517241,0.6,0.547169811321,0.367346938776,0.511627906977,0.333333333333,0.365384615385,0.411764705882,0.545454545455,0.52380952381,0.55,0.548387096774,0.478260869565,0.6,0.542857142857,0.48,0.490196078431,0.452830188679,0.545454545455,0.5,0.375,0.410256410256,0.378378378378,0.326923076923,0.555555555556,0.48275862069,0.607142857143,0.542857142857,0.470588235294,0.365853658537,0.608695652174,0.585365853659,0.568181818182,0.53125,0.59375,0.54347826087,0.36,0.431818181818,0.452830188679,0.489361702128,0.5,0.478260869565,0.418604651163,0.446808510638,0.510204081633,0.538461538462,0.578947368421,0.625,0.5,0.416666666667,0.533333333333,0.385964912281,0.434782608696,0.5,0.442307692308,0.386363636364,0.4,0.528301886792,0.533333333333,0.473684210526,0.511627906977,0.510204081633,0.508196721311,0.425,0.510638297872,0.5,0.479452054795,0.576271186441,0.5,0.571428571429,0.466666666667,0.44,0.462962962963,0.425531914894,0.607142857143,0.545454545455,0.5,0.448979591837,0.509803921569,0.37037037037,0.380952380952,0.571428571429,0.55,0.485714285714,0.547619047619,0.487179487179,0.6,0.436363636364,0.64,0.530303030303,0.511111111111,0.571428571429,0.567567567568,0.416666666667,0.383333333333,0.553191489362,0.515151515152,0.482142857143,0.414634146341,0.625,0.532258064516,0.450980392157,0.468085106383,0.472222222222,0.510204081633,0.424242424242,0.510204081633,0.407407407407,0.511627906977,0.444444444444,0.45652173913,0.416666666667,0.5,0.4,0.553191489362,0.517857142857,0.4,0.46,0.537037037037,0.54,0.555555555556,0.530612244898,0.530612244898,0.45,0.377777777778,0.418181818182,0.517857142857,0.673469387755,0.577777777778,0.444444444444,0.508196721311,0.490909090909,0.52,0.52,0.586956521739,0.571428571429,0.648648648649,0.675675675676,0.422222222222,0.512195121951,0.473684210526,0.520833333333,0.5,0.422222222222,0.395348837209,0.428571428571,0.380952380952,0.555555555556,0.541666666667,0.62,0.578947368421,0.409090909091,0.625,0.571428571429,0.568965517241,0.510638297872,0.52380952381,0.421052631579,0.53488372093,0.508474576271,0.528301886792,0.630434782609,0.573770491803,0.461538461538,0.457142857143,0.5,0.440677966102,0.631578947368,0.636363636364,0.4375,0.62962962963,0.545454545455,0.488888888889,0.434782608696,0.557692307692,0.512195121951,0.490909090909,0.34375,0.490566037736,0.45,0.422222222222,0.490566037736,0.368421052632,0.5,0.488372093023,0.46,0.510204081633,0.475,0.488888888889,0.409090909091,0.489795918367,0.414634146341,0.391304347826,0.415094339623,0.355555555556,0.471698113208,0.534482758621,0.514285714286,0.625,0.596153846154,0.43137254902,0.566666666667,0.509090909091,0.53125,0.578947368421,0.490196078431,0.471698113208,0.447368421053,0.621621621622,0.58,0.507936507937,0.490196078431,0.45652173913,0.483333333333,0.581395348837,0.416666666667,0.5,0.5,0.507936507937,0.53488372093,0.295454545455,0.5,0.541666666667,0.4375,0.512195121951,0.4,0.470588235294,0.509433962264,0.43137254902,0.651515151515,0.553191489362,0.466666666667,0.479166666667,0.657894736842,0.566666666667,0.551724137931,0.463414634146,0.575,0.521739130435,0.607843137255,0.588235294118,0.448275862069,0.52380952381,0.414634146341,0.561403508772,0.527272727273,0.446428571429,0.517857142857,0.509803921569,0.5,0.466666666667,0.482142857143,0.48,0.480769230769,0.538461538462,0.482142857143,0.418604651163,0.549019607843,0.5,0.403846153846,0.590163934426,0.390243902439,0.340909090909,0.46511627907,0.537037037037,0.454545454545,0.509803921569,0.531914893617,0.468085106383,0.54,0.464285714286,0.547619047619,0.488888888889,0.530612244898,0.561403508772,0.538461538462,0.578947368421,0.583333333333,0.551724137931,0.4,0.431818181818,0.566666666667,0.463414634146,0.479166666667,0.666666666667,0.533333333333,0.6,0.52,0.558139534884,0.538461538462,0.475,0.53488372093,0.469387755102,0.595238095238,0.551020408163,0.425925925926,0.470588235294,0.46511627907,0.478260869565,0.553846153846,0.5,0.560975609756,0.527272727273,0.510204081633,0.446808510638,0.48,0.522727272727,0.673076923077,0.428571428571,0.45,0.614285714286,0.568181818182,0.490196078431,0.46875,0.489795918367,0.52,0.604166666667,0.377777777778,0.568181818182,0.586956521739,0.666666666667,0.472727272727,0.35,0.458333333333,0.381818181818,0.473684210526,0.7,0.521739130435,0.5,0.486486486486,0.433962264151,0.522727272727,0.434782608696,0.571428571429,0.519230769231,0.578947368421,0.537037037037,0.620689655172,0.512195121951,0.529411764706,0.542857142857,0.512820512821,0.388888888889,0.435897435897,0.6,0.48,0.545454545455,0.511627906977,0.55,0.440677966102,0.468085106383,0.5,0.477272727273,0.368421052632,0.483870967742,0.515151515152,0.472222222222,0.574468085106,0.422222222222,0.453125,0.472727272727,0.48275862069,0.526315789474,0.452830188679,0.631578947368,0.585365853659,0.586956521739,0.5,0.561403508772,0.531914893617,0.621621621622,0.613636363636,0.395348837209,0.468085106383,0.46875,0.575,0.636363636364,0.555555555556,0.444444444444,0.444444444444,0.384615384615,0.510204081633,0.42,0.434782608696,0.622222222222,0.509803921569,0.564102564103,0.55,0.382978723404,0.405405405405,0.520833333333,0.511627906977,0.466666666667,0.589743589744,0.375,0.385964912281,0.363636363636,0.363636363636,0.52,0.461538461538,0.404255319149,0.382978723404,0.520833333333,0.489361702128,0.526315789474,0.382352941176,0.608695652174,0.53488372093,0.536585365854,0.473684210526,0.553191489362,0.477272727273,0.446808510638,0.386363636364,0.659574468085,0.40350877193,0.530612244898,0.555555555556,0.595238095238,0.448275862069,0.545454545455,0.615384615385,0.625,0.658536585366,0.860465116279,0.673469387755,0.645833333333,0.451612903226,0.585365853659,0.452380952381,0.530612244898,0.551020408163,0.690476190476,0.530612244898,0.657142857143,0.6,0.559322033898,0.450980392157,0.490909090909,0.6,0.438596491228,0.541666666667,0.519230769231,0.5,0.636363636364,0.471698113208,0.43137254902,0.583333333333,0.538461538462,0.392156862745,0.563636363636,0.373134328358,0.351851851852,0.487804878049,0.392857142857,0.508771929825,0.484848484848,0.433333333333,0.625,0.588235294118,0.6,0.520833333333,0.448979591837,0.5,0.5,0.473684210526,0.451612903226,0.463414634146,0.511627906977,0.45,0.45652173913,0.558139534884,0.461538461538,0.486486486486,0.604651162791,0.461538461538,0.530612244898,0.422222222222,0.549019607843,0.395348837209,0.603773584906,0.43137254902,0.44,0.444444444444,0.5,0.377777777778,0.431034482759,0.473684210526,0.555555555556,0.5625,0.418181818182,0.473684210526,0.396226415094,0.625,0.392857142857,0.551724137931,0.509803921569,0.515625,0.56862745098,0.564102564103,0.52380952381,0.511627906977,0.638888888889,0.606060606061,0.333333333333,0.423076923077,0.675,0.492753623188,0.607843137255,0.5,0.352941176471,0.518518518519,0.652173913043,0.418181818182,0.425531914894,0.461538461538,0.45,0.425531914894,0.482142857143,0.574074074074,0.469387755102,0.450980392157,0.369565217391,0.512195121951,0.431818181818,0.522727272727,0.452380952381,0.52,0.573770491803,0.518518518519,0.422222222222,0.442307692308,0.46511627907,0.448275862069,0.535714285714,0.422222222222,0.510204081633,0.610169491525,0.620689655172,0.37037037037,0.413043478261,0.586956521739,0.536585365854,0.444444444444,0.38,0.553571428571,0.48275862069,0.478260869565,0.509433962264,0.463414634146,0.489795918367,0.434782608696,0.519230769231,0.517857142857,0.537037037037,0.531914893617,0.622222222222,0.372549019608,0.552631578947,0.446428571429,0.574468085106,0.534482758621,0.547169811321,0.395833333333,0.553191489362,0.577777777778,0.585365853659,0.509090909091,0.483333333333,0.571428571429,0.63829787234,0.551724137931,0.467741935484,0.358490566038,0.4,0.55,0.552631578947,0.583333333333,0.6,0.5625,0.466666666667,0.466666666667,0.65,0.6,0.5,0.340909090909,0.442307692308,0.406779661017,0.435483870968,0.547169811321,0.424242424242,0.448275862069,0.395833333333,0.365853658537,0.385964912281,0.510204081633,0.59649122807,0.404761904762,0.5,0.304347826087,0.475,0.622222222222,0.490196078431,0.472727272727,0.486486486486,0.486486486486,0.5,0.537037037037,0.489361702128,0.711538461538,0.488372093023,0.416666666667,0.5,0.44,0.461538461538,0.524590163934,0.442307692308,0.540983606557,0.563636363636,0.428571428571,0.590909090909,0.575757575758,0.432432432432,0.371428571429,0.52,0.450980392157,0.534482758621,0.545454545455,0.555555555556,0.571428571429,0.411764705882,0.547169811321,0.490196078431,0.333333333333,0.563636363636,0.442307692308,0.53488372093,0.568965517241,0.557692307692,0.56862745098,0.53125,0.5,0.481481481481,0.545454545455,0.510638297872,0.527777777778,0.410714285714,0.483333333333,0.538461538462,0.453125,0.27027027027,0.531914893617,0.632653061224,0.456140350877,0.421052631579,0.5,0.391304347826,0.477272727273,0.358490566038,0.528301886792,0.51724137931,0.548387096774,0.630769230769,0.52380952381,0.488888888889,0.433962264151,0.424242424242,0.450980392157,0.52380952381,0.530612244898,0.450980392157,0.441860465116,0.542372881356,0.509090909091,0.530612244898,0.486486486486,0.48,0.341463414634,0.358974358974,0.512195121951,0.444444444444,0.444444444444,0.423076923077,0.380952380952,0.549019607843,0.411764705882,0.302325581395,0.590163934426,0.560606060606,0.537037037037,0.325,0.43137254902,0.464285714286,0.5,0.431818181818,0.5,0.444444444444,0.48,0.543859649123,0.46,0.553846153846,0.461538461538,0.448275862069,0.415094339623,0.636363636364,0.48,0.491525423729,0.45,0.564102564103,0.442307692308,0.574074074074,0.564516129032,0.53488372093,0.352941176471,0.45652173913,0.470588235294,0.38,0.436363636364,0.576923076923,0.469387755102,0.526315789474,0.391304347826,0.372093023256,0.433962264151,0.491525423729,0.53488372093,0.5,0.463414634146,0.480769230769,0.548387096774,0.485714285714,0.594594594595,0.473684210526,0.538461538462,0.631578947368,0.471698113208,0.574074074074,0.5,0.456140350877,0.55,0.46511627907,0.5,0.526315789474,0.508771929825,0.564102564103,0.297297297297,0.461538461538,0.568181818182,0.549019607843,0.564516129032,0.532258064516,0.5,0.55,0.571428571429,0.581818181818,0.34,0.586956521739,0.446808510638,0.480769230769,0.574468085106,0.509803921569,0.354838709677,0.569444444444,0.52,0.457142857143,0.555555555556,0.558139534884,0.482142857143,0.488372093023,0.5625,0.440677966102,0.575757575758,0.548387096774,0.391304347826,0.658536585366,0.521739130435,0.363636363636,0.577777777778,0.490566037736,0.489795918367,0.479166666667,0.56,0.538461538462,0.446808510638,0.527777777778,0.548387096774,0.583333333333,0.54,0.53125,0.56,0.558823529412,0.509803921569,0.465517241379,0.636363636364,0.45652173913,0.535714285714,0.368421052632,0.47619047619,0.47619047619,0.388888888889,0.509433962264,0.48,0.508196721311,0.622222222222,0.526315789474,0.553191489362,0.512195121951,0.5,0.521739130435,0.565217391304,0.45652173913,0.472727272727,0.461538461538,0.404761904762,0.45,0.578947368421,0.484848484848,0.5,0.512195121951,0.583333333333,0.574074074074,0.596153846154,0.56,0.450980392157,0.512195121951,0.450980392157,0.666666666667,0.589285714286,0.543859649123,0.619047619048,0.38,0.408163265306,0.581395348837,0.461538461538,0.428571428571,0.574468085106,0.4,0.396226415094,0.465753424658,0.48275862069,0.516666666667,0.45,0.54,0.510204081633,0.513513513514,0.422222222222,0.508771929825,0.434782608696,0.531914893617,0.403846153846,0.528301886792,0.522727272727,0.571428571429,0.603773584906,0.510638297872,0.472727272727,0.508771929825,0.480769230769,0.5,0.516666666667,0.563636363636,0.529411764706,0.52,0.469387755102,0.491803278689,0.368421052632,0.463414634146,0.558139534884,0.488888888889,0.46,0.533333333333,0.518518518519,0.545454545455,0.395833333333,0.574468085106,0.47619047619,0.384615384615,0.583333333333,0.549019607843,0.522727272727,0.55,0.571428571429,0.510204081633,0.442307692308,0.622950819672,0.545454545455,0.517857142857,0.476923076923,0.521739130435,0.48,0.586206896552,0.514285714286,0.592592592593,0.584905660377,0.543859649123,0.5,0.478260869565,0.636363636364,0.384615384615,0.477272727273,0.571428571429,0.571428571429,0.509803921569,0.46,0.508771929825,0.5,0.491803278689,0.528301886792,0.375,0.264705882353,0.527272727273,0.315789473684,0.454545454545,0.510204081633,0.62,0.6,0.609756097561,0.594594594595,0.414634146341,0.487179487179,0.519230769231,0.543859649123,0.5,0.5625,0.425531914894,0.533333333333,0.5,0.633333333333,0.481481481481,0.52,0.45,0.575,0.576923076923,0.657142857143,0.613636363636,0.4,0.584905660377,0.311111111111,0.354166666667,0.541666666667,0.673076923077,0.571428571429,0.404255319149,0.48,0.333333333333,0.415094339623,0.381818181818,0.508196721311,0.471698113208,0.528301886792,0.421052631579,0.475,0.485714285714,0.447368421053,0.361111111111,0.531914893617,0.375,0.62,0.618181818182,0.527777777778,0.542857142857,0.586956521739,0.565217391304,0.725490196078,0.56862745098,0.604651162791,0.547169811321,0.450980392157,0.444444444444,0.25,0.631578947368,0.6,0.462962962963,0.48,0.531914893617,0.392857142857,0.6,0.607843137255,0.491525423729,0.423076923077,0.5,0.56862745098,0.452380952381,0.558823529412,0.528301886792,0.4,0.424242424242,0.422222222222,0.591836734694,0.535714285714,0.678571428571,0.47619047619,0.386363636364,0.590909090909,0.423076923077,0.56862745098,0.630434782609,0.613636363636,0.529411764706,0.418181818182,0.516666666667,0.520833333333,0.510638297872,0.425531914894,0.509803921569,0.47619047619,0.368421052632,0.4,0.441860465116,0.466666666667,0.5,0.56862745098,0.581818181818,0.548387096774,0.510204081633,0.574074074074,0.436363636364,0.563636363636,0.431034482759,0.523076923077,0.411764705882,0.589285714286,0.558139534884,0.454545454545,0.5,0.543859649123,0.472727272727,0.45652173913,0.48275862069,0.367346938776,0.625,0.48,0.469387755102,0.527272727273,0.434782608696,0.509433962264,0.428571428571,0.51724137931,0.490566037736,0.425531914894,0.555555555556,0.410714285714,0.459459459459,0.488372093023,0.520833333333,0.608695652174,0.519230769231,0.613636363636,0.531914893617,0.365853658537,0.511111111111,0.609756097561,0.5,0.418181818182,0.47619047619,0.458333333333,0.616666666667,0.6,0.474576271186,0.518518518519,0.480769230769,0.526315789474,0.456140350877,0.584905660377,0.340425531915,0.575,0.448979591837,0.428571428571,0.588235294118,0.595238095238,0.409090909091,0.553571428571,0.428571428571,0.477272727273,0.589743589744,0.466666666667,0.5,0.557692307692,0.472727272727,0.568965517241,0.543859649123,0.409090909091,0.490566037736,0.54347826087,0.468085106383,0.56338028169,0.571428571429,0.573770491803,0.515151515152,0.488888888889,0.5,0.548387096774,0.588235294118,0.519230769231,0.583333333333,0.636363636364,0.711111111111,0.465517241379,0.56,0.576271186441,0.444444444444,0.392156862745,0.529411764706,0.551020408163,0.41935483871,0.586956521739,0.595238095238,0.428571428571,0.611111111111,0.46511627907,0.54,0.47619047619,0.537037037037,0.415094339623,0.436363636364,0.589743589744,0.532258064516,0.526315789474,0.416666666667,0.396226415094,0.357142857143,0.459016393443,0.47619047619,0.625,0.578947368421,0.589285714286,0.370967741935,0.480769230769,0.488372093023,0.589285714286,0.596153846154,0.482142857143,0.555555555556,0.431818181818,0.491228070175,0.534482758621,0.551020408163,0.454545454545,0.541666666667,0.471698113208,0.472222222222,0.454545454545,0.441176470588,0.510204081633,0.302325581395,0.674418604651,0.4,0.515625,0.473684210526,0.785714285714,0.512820512821,0.617647058824,0.509090909091,0.5,0.524590163934,0.431034482759,0.511111111111,0.571428571429,0.404761904762,0.405405405405,0.384615384615,0.452380952381,0.53488372093,0.5,0.425925925926,0.5,0.5,0.488372093023,0.589285714286,0.529411764706,0.317073170732,0.568181818182,0.545454545455,0.549019607843,0.6,0.409090909091,0.625,0.511627906977,0.480769230769,0.45652173913,0.365384615385,0.68,0.491525423729,0.537037037037,0.553191489362,0.565217391304,0.474576271186,0.558139534884,0.461538461538,0.439024390244,0.418604651163,0.547619047619,0.510204081633,0.5,0.577777777778,0.5,0.584905660377,0.477272727273,0.490196078431,0.528301886792,0.527272727273,0.5,0.531914893617,0.454545454545,0.424242424242,0.56,0.5,0.690476190476,0.525,0.675675675676,0.488372093023,0.415094339623,0.543859649123,0.564102564103,0.517857142857,0.555555555556,0.519230769231,0.456140350877,0.548387096774,0.516129032258,0.461538461538,0.491228070175,0.517857142857,0.603448275862,0.625,0.5,0.442307692308,0.471428571429,0.383333333333,0.627450980392,0.595744680851,0.395348837209,0.620689655172,0.633333333333,0.415094339623,0.509090909091,0.52380952381,0.518518518519,0.565217391304,0.488888888889,0.477272727273,0.478260869565,0.547169811321,0.428571428571,0.418604651163,0.5,0.508474576271,0.372549019608,0.566666666667,0.471698113208,0.509090909091,0.705882352941,0.557692307692,0.442307692308,0.403846153846,0.5,0.472222222222,0.617647058824,0.513513513514,0.454545454545,0.486486486486,0.458333333333,0.515151515152,0.5625,0.555555555556,0.45,0.444444444444,0.541666666667,0.510638297872,0.522727272727,0.45652173913,0.487804878049,0.558139534884,0.568181818182,0.462962962963,0.459016393443,0.565217391304,0.553191489362,0.375,0.457142857143,0.475,0.551724137931,0.509090909091,0.508771929825,0.5,0.446808510638,0.604651162791,0.481481481481,0.605263157895,0.604651162791,0.48,0.4,0.489795918367,0.527272727273,0.611111111111,0.586206896552,0.448275862069,0.488372093023,0.509090909091,0.463414634146,0.481481481481,0.488372093023,0.571428571429,0.416666666667,0.54,0.565217391304,0.431034482759,0.529411764706,0.5625,0.5,0.531914893617,0.578947368421,0.404255319149,0.487179487179,0.488888888889,0.488888888889,0.363636363636,0.486486486486,0.411764705882,0.630434782609,0.592592592593,0.571428571429,0.666666666667,0.415094339623,0.454545454545,0.534482758621,0.465517241379,0.470588235294,0.507936507937,0.545454545455,0.617021276596,0.444444444444,0.632653061224,0.438596491228,0.586956521739,0.461538461538,0.508771929825,0.536585365854,0.584905660377,0.592592592593,0.5,0.486486486486,0.543859649123,0.574074074074,0.56862745098,0.520833333333,0.470588235294,0.55737704918,0.458333333333,0.5,0.477272727273,0.488372093023,0.53488372093,0.477272727273,0.428571428571,0.435897435897,0.425925925926,0.478260869565,0.509090909091,0.4,0.480769230769,0.621621621622,0.487804878049,0.477272727273,0.448979591837,0.37037037037,0.488888888889,0.442307692308,0.588235294118,0.560975609756,0.466666666667,0.454545454545,0.533333333333,0.440677966102,0.422222222222,0.431818181818,0.414634146341,0.485714285714,0.65,0.475409836066,0.477272727273,0.533333333333,0.442307692308,0.526315789474,0.488888888889,0.541666666667,0.547619047619,0.596153846154,0.489795918367,0.6,0.473684210526,0.47619047619,0.478260869565,0.59649122807,0.703703703704,0.555555555556,0.487179487179,0.454545454545,0.5,0.592592592593,0.490566037736,0.530612244898,0.658536585366,0.428571428571,0.590909090909,0.583333333333,0.5,0.525,0.426229508197,0.354166666667,0.469387755102,0.454545454545,0.563636363636,0.450980392157,0.522727272727,0.54,0.425531914894,0.469387755102,0.525,0.530612244898,0.377777777778,0.36170212766,0.595238095238,0.461538461538,0.372549019608,0.47619047619,0.531914893617,0.651162790698,0.578947368421,0.446428571429,0.409090909091,0.622222222222,0.636363636364,0.616666666667,0.415094339623,0.619047619048,0.461538461538,0.450980392157,0.545454545455,0.5,0.59375,0.549019607843,0.593220338983,0.565217391304,0.548387096774,0.45652173913,0.575757575758,0.484848484848,0.633333333333,0.518518518519,0.459459459459,0.529411764706,0.5,0.592592592593,0.694444444444,0.56862745098,0.605263157895,0.540540540541,0.555555555556,0.545454545455,0.5,0.519230769231,0.581818181818,0.518518518519,0.479166666667,0.571428571429,0.552631578947,0.467741935484,0.454545454545,0.466666666667,0.5,0.5,0.609756097561,0.474576271186,0.568181818182,0.673913043478,0.620689655172,0.5,0.508771929825,0.571428571429,0.54,0.428571428571,0.464285714286,0.593220338983,0.547169811321,0.521739130435,0.54347826087,0.538461538462,0.513513513514,0.573770491803,0.586206896552,0.38,0.547619047619,0.568181818182,0.452830188679,0.518518518519,0.551020408163,0.477272727273,0.545454545455,0.523076923077,0.450704225352,0.471698113208,0.542372881356,0.545454545455,0.326086956522,0.46511627907,0.543859649123,0.468085106383,0.490566037736,0.605263157895,0.6,0.527777777778,0.435483870968,0.408163265306,0.5,0.53488372093,0.378378378378,0.58,0.5,0.531914893617,0.5,0.508196721311,0.542372881356,0.416666666667,0.5,0.536585365854,0.56,0.425925925926,0.566037735849,0.469387755102,0.545454545455,0.606557377049,0.541666666667,0.538461538462,0.610169491525,0.590163934426,0.514285714286,0.526315789474,0.519230769231,0.372093023256,0.47619047619,0.425,0.636363636364,0.625,0.645833333333,0.568965517241,0.607142857143,0.431034482759,0.428571428571,0.545454545455,0.446153846154,0.547169811321,0.413793103448,0.40350877193,0.423728813559,0.423076923077,0.442307692308,0.5,0.44,0.491803278689,0.35,0.371428571429,0.516666666667,0.533333333333,0.475,0.459016393443,0.519230769231,0.491228070175,0.392857142857,0.55737704918,0.573770491803,0.555555555556,0.549019607843,0.5,0.59375,0.647058823529,0.48,0.526315789474,0.509803921569,0.395833333333,0.4375,0.46511627907,0.461538461538,0.454545454545,0.5,0.484848484848,0.5,0.47619047619,0.539682539683,0.357142857143,0.595744680851,0.508474576271,0.47619047619,0.479166666667,0.472222222222,0.488372093023,0.468085106383,0.616666666667,0.340909090909,0.6,0.431818181818,0.473684210526,0.564516129032,0.446153846154,0.482142857143,0.45,0.468085106383,0.627450980392,0.377777777778,0.44,0.520833333333,0.552631578947,0.36170212766,0.564102564103,0.461538461538,0.371428571429,0.53125,0.435897435897,0.410256410256,0.621621621622,0.472727272727,0.551020408163,0.545454545455,0.76,0.441176470588,0.617647058824,0.596153846154,0.6,0.533333333333,0.490909090909,0.460317460317,0.470588235294,0.590909090909,0.714285714286,0.517857142857,0.5,0.428571428571,0.453125,0.481481481481,0.524590163934,0.40350877193,0.568965517241,0.541666666667,0.547169811321,0.448979591837,0.565217391304,0.461538461538,0.439024390244,0.536585365854,0.536585365854,0.5,0.511111111111,0.5,0.528301886792,0.529411764706,0.527777777778,0.530612244898,0.481481481481,0.396551724138,0.5,0.5,0.387096774194,0.571428571429,0.59649122807,0.416666666667,0.365384615385,0.446808510638,0.540983606557,0.64,0.534482758621,0.525,0.5,0.45,0.545454545455,0.42,0.428571428571,0.526315789474,0.436363636364,0.563636363636,0.571428571429,0.4375,0.444444444444,0.5,0.477272727273,0.462962962963,0.589285714286,0.339622641509,0.461538461538,0.545454545455,0.549019607843,0.588235294118,0.511111111111,0.671428571429,0.66,0.690476190476,0.487179487179,0.632653061224,0.547619047619,0.5625,0.5,0.509433962264,0.491525423729,0.384615384615,0.446808510638,0.638888888889,0.369565217391,0.481481481481,0.418181818182,0.492063492063,0.370967741935,0.588235294118,0.571428571429,0.604166666667,0.583333333333,0.442307692308,0.482142857143,0.65,0.486486486486,0.545454545455,0.54347826087,0.537037037037,0.574468085106,0.45652173913,0.454545454545,0.545454545455,0.531914893617,0.558139534884,0.40350877193,0.542372881356,0.475409836066,0.461538461538,0.558139534884,0.418181818182,0.603773584906,0.441860465116,0.434782608696,0.509803921569,0.571428571429,0.405405405405,0.5,0.574468085106,0.473684210526,0.568181818182,0.525423728814,0.5,0.472727272727,0.519230769231,0.480769230769,0.511111111111,0.47619047619,0.477272727273,0.416666666667,0.5,0.519230769231,0.589285714286,0.5,0.5,0.586956521739,0.622641509434,0.36,0.553571428571,0.510204081633,0.44,0.5,0.452380952381,0.388888888889,0.488372093023,0.514285714286,0.522727272727,0.591836734694,0.441176470588,0.606557377049,0.408163265306,0.467741935484,0.395833333333,0.521739130435,0.461538461538,0.54347826087,0.529411764706,0.483870967742,0.63829787234,0.439024390244,0.434782608696,0.488888888889,0.5,0.513513513514,0.422222222222,0.528301886792,0.491525423729,0.461538461538,0.459016393443,0.383333333333,0.406779661017,0.537037037037,0.32,0.4,0.445945945946,0.611111111111,0.557692307692,0.521739130435,0.571428571429,0.660377358491,0.627906976744,0.477272727273,0.620689655172,0.444444444444,0.487179487179,0.450980392157,0.509803921569,0.468085106383,0.428571428571,0.48275862069,0.5,0.528301886792,0.521739130435,0.406779661017,0.583333333333,0.507936507937,0.46,0.528301886792,0.574468085106,0.53488372093,0.384615384615,0.733333333333,0.470588235294,0.422222222222,0.368421052632,0.510638297872,0.377358490566,0.466666666667,0.422222222222,0.444444444444,0.423076923077,0.615384615385,0.534482758621,0.551020408163,0.514285714286,0.666666666667,0.5,0.454545454545,0.523076923077,0.442307692308,0.45,0.439024390244,0.461538461538,0.5,0.433962264151,0.461538461538,0.4,0.545454545455,0.525,0.377358490566,0.589743589744,0.444444444444,0.536585365854,0.54,0.5,0.5,0.531914893617,0.484375,0.536231884058,0.5,0.578947368421,0.471698113208,0.368421052632,0.466666666667,0.438596491228,0.417910447761,0.413793103448,0.525,0.583333333333,0.480769230769,0.566666666667,0.604651162791,0.548387096774,0.578947368421,0.547169811321,0.558139534884,0.522727272727,0.395833333333,0.692307692308,0.6,0.434782608696,0.583333333333,0.692307692308,0.552631578947,0.619047619048,0.596774193548,0.54,0.44,0.490196078431,0.472222222222,0.490566037736,0.527777777778,0.595238095238,0.45652173913,0.41935483871,0.5,0.540540540541,0.490196078431,0.5,0.473684210526,0.407407407407,0.387755102041,0.590909090909,0.416666666667,0.418604651163,0.5,0.4,0.391304347826,0.410256410256,0.493150684932,0.46875,0.62,0.358490566038,0.54347826087,0.509433962264,0.470588235294,0.447368421053,0.710526315789,0.483870967742,0.452830188679,0.543859649123,0.56,0.590909090909,0.454545454545,0.537037037037,0.442307692308,0.416666666667,0.487804878049,0.455882352941,0.392156862745,0.28125,0.5,0.464285714286,0.520833333333,0.450980392157,0.608695652174,0.55737704918,0.571428571429,0.452380952381,0.507936507937,0.6875,0.545454545455,0.456140350877,0.43137254902,0.491228070175,0.406779661017,0.369565217391,0.489795918367,0.490196078431,0.55,0.386363636364,0.5,0.410256410256,0.394736842105,0.536585365854,0.6,0.452830188679,0.517857142857,0.53125,0.586956521739,0.372549019608,0.489795918367,0.333333333333,0.434782608696,0.4375,0.592592592593,0.553571428571,0.5,0.578947368421,0.585365853659,0.448979591837,0.551724137931,0.485714285714,0.411764705882,0.35,0.595744680851,0.408450704225,0.489361702128,0.46,0.459016393443,0.384615384615,0.479166666667,0.673469387755,0.516129032258,0.596153846154,0.438596491228,0.514285714286,0.490196078431,0.5,0.615384615385,0.372093023256,0.526315789474,0.588235294118,0.4375,0.519230769231,0.422535211268,0.510638297872,0.586956521739,0.615384615385,0.5,0.511111111111,0.416666666667,0.481481481481,0.425531914894,0.425531914894,0.673913043478,0.571428571429,0.48,0.588235294118,0.586956521739,0.428571428571,0.48275862069,0.490566037736,0.536585365854,0.566037735849,0.707317073171,0.561403508772,0.596153846154,0.472727272727,0.553191489362,0.46511627907,0.4,0.468085106383,0.586956521739,0.541666666667,0.516666666667,0.302325581395,0.536585365854,0.47619047619,0.377777777778,0.659090909091,0.456140350877,0.381818181818,0.379310344828,0.564102564103,0.5,0.607142857143,0.551020408163,0.508474576271,0.511111111111,0.433333333333,0.451612903226,0.627906976744,0.511111111111,0.477272727273,0.631578947368,0.48,0.585365853659,0.5625,0.581818181818,0.596153846154,0.6,0.492753623188,0.406779661017,0.396551724138,0.450980392157,0.558139534884,0.524590163934,0.452830188679,0.510204081633,0.507936507937,0.657894736842,0.54347826087,0.463414634146,0.378378378378,0.43137254902,0.403846153846,0.619047619048,0.604651162791,0.421052631579,0.444444444444,0.491803278689,0.510204081633,0.611111111111,0.634146341463,0.55737704918,0.511111111111,0.561403508772,0.619047619048,0.358974358974,0.363636363636,0.408163265306,0.521739130435,0.487804878049,0.584905660377,0.563636363636,0.467741935484,0.48275862069,0.333333333333,0.30612244898,0.446428571429,0.411764705882,0.48,0.470588235294,0.5,0.543859649123,0.583333333333,0.458333333333,0.6,0.6,0.541666666667,0.555555555556,0.620689655172,0.481481481481,0.482142857143,0.571428571429,0.537037037037,0.5,0.468085106383,0.511627906977,0.542372881356,0.462962962963,0.532258064516,0.622641509434,0.448979591837,0.530303030303,0.491228070175,0.545454545455,0.510638297872,0.478260869565,0.45652173913,0.625,0.54347826087,0.604166666667,0.54347826087,0.54347826087,0.511111111111,0.574074074074,0.583333333333,0.48,0.48275862069,0.491228070175,0.490196078431,0.657894736842,0.348837209302,0.69696969697,0.433333333333,0.510638297872,0.444444444444,0.56,0.466666666667,0.516129032258,0.4375,0.490196078431,0.528301886792,0.489795918367,0.461538461538,0.525,0.491228070175,0.571428571429,0.52,0.509803921569,0.477272727273,0.530612244898,0.587301587302,0.589743589744,0.634146341463,0.441860465116,0.369565217391,0.471698113208,0.469387755102,0.521739130435,0.421052631579,0.675675675676,0.627450980392,0.575757575758,0.666666666667,0.483870967742,0.462962962963,0.529411764706,0.551020408163,0.466666666667,0.41935483871,0.557692307692,0.527272727273,0.471698113208,0.5,0.480769230769,0.371428571429,0.581818181818,0.42,0.444444444444,0.466666666667,0.478260869565,0.480769230769,0.512820512821,0.44,0.526315789474,0.458333333333,0.473684210526,0.622222222222,0.472222222222,0.5,0.516129032258,0.509803921569,0.559322033898,0.541666666667,0.571428571429,0.540540540541,0.529411764706,0.608695652174,0.521739130435,0.431034482759,0.571428571429,0.588235294118,0.521739130435,0.464285714286,0.69387755102,0.63829787234,0.423076923077,0.478260869565,0.490196078431,0.56862745098,0.5,0.34693877551,0.446428571429,0.413793103448,0.454545454545,0.512820512821,0.521739130435,0.463414634146,0.5,0.435897435897,0.416666666667,0.333333333333,0.424242424242,0.454545454545,0.612244897959,0.478260869565,0.533333333333,0.448979591837,0.5,0.4,0.4,0.575757575758,0.459459459459,0.333333333333,0.576923076923,0.459459459459,0.472222222222,0.395348837209,0.392857142857,0.47619047619,0.456140350877,0.4,0.462962962963,0.634615384615,0.634615384615,0.475409836066,0.428571428571,0.56862745098,0.533333333333,0.631578947368,0.450980392157,0.409090909091,0.594594594595,0.446808510638,0.404761904762,0.371428571429,0.616666666667,0.470588235294,0.473684210526,0.543859649123,0.531914893617,0.47619047619,0.459016393443,0.292682926829,0.490196078431,0.516666666667,0.6,0.414634146341,0.479166666667,0.333333333333,0.31914893617,0.473684210526,0.488372093023,0.530612244898,0.428571428571,0.428571428571,0.47619047619,0.509803921569,0.466666666667,0.426229508197,0.509433962264,0.538461538462,0.490909090909,0.542372881356,0.375,0.428571428571,0.5,0.625,0.46511627907,0.434782608696,0.64,0.586206896552,0.458333333333,0.533333333333,0.425,0.6,0.452830188679,0.431818181818,0.666666666667,0.396226415094,0.521739130435,0.425531914894,0.45652173913,0.478260869565,0.446808510638,0.431034482759,0.531914893617,0.5,0.549019607843,0.536585365854,0.44776119403,0.433962264151,0.527272727273,0.54,0.461538461538,0.610169491525,0.565217391304,0.545454545455,0.54347826087,0.484848484848,0.529411764706,0.51724137931,0.564102564103,0.590909090909,0.470588235294,0.472727272727,0.470588235294,0.560975609756,0.489361702128,0.551724137931,0.590909090909,0.549019607843,0.555555555556,0.519230769231,0.628571428571,0.517857142857,0.53125,0.385964912281,0.44776119403,0.631578947368,0.468085106383,0.564102564103,0.481481481481,0.442307692308,0.392156862745,0.55,0.5,0.5,0.489361702128,0.446153846154,0.5,0.531914893617,0.5,0.55,0.536585365854,0.524590163934,0.465517241379,0.5,0.434782608696,0.529411764706,0.612244897959,0.518518518519,0.584615384615,0.466666666667,0.621212121212,0.532258064516,0.514285714286,0.55223880597,0.573529411765,0.508771929825,0.647058823529,0.489361702128,0.538461538462,0.38,0.628571428571,0.583333333333,0.722222222222,0.546875,0.547619047619,0.545454545455,0.382978723404,0.428571428571,0.426470588235,0.446808510638,0.589743589744,0.463414634146,0.571428571429,0.595744680851,0.454545454545,0.416666666667,0.490909090909,0.5,0.428571428571,0.529411764706,0.578947368421,0.644444444444,0.551020408163,0.561403508772,0.565217391304,0.527272727273,0.547619047619,0.5,0.469387755102,0.433962264151,0.410256410256,0.594594594595,0.512820512821,0.64,0.491525423729,0.422222222222,0.56,0.439024390244,0.478260869565,0.416666666667,0.512195121951,0.5,0.457142857143,0.519230769231,0.478260869565,0.622222222222,0.522727272727,0.367346938776,0.52380952381,0.454545454545,0.510204081633,0.58,0.512820512821,0.527777777778,0.62,0.5,0.541666666667,0.490909090909,0.470588235294,0.514705882353,0.639344262295,0.557692307692,0.533333333333,0.369565217391,0.357142857143,0.52,0.56862745098,0.592592592593,0.518518518519,0.490909090909,0.588235294118,0.537037037037,0.574468085106,0.65306122449,0.545454545455,0.625,0.490566037736,0.434782608696,0.581395348837,0.5,0.543859649123,0.428571428571,0.461538461538,0.472727272727,0.55737704918,0.472727272727,0.475,0.5625,0.533333333333,0.479166666667,0.547619047619,0.511111111111,0.51724137931,0.512820512821,0.423076923077,0.510638297872,0.630434782609,0.410714285714,0.48,0.533333333333,0.536585365854,0.612244897959,0.553571428571,0.488888888889,0.525,0.386363636364,0.584905660377,0.510638297872,0.452830188679,0.51724137931,0.557692307692,0.631578947368,0.557692307692,0.520833333333,0.464285714286,0.509090909091,0.490909090909,0.415094339623,0.632653061224,0.5,0.520833333333,0.555555555556,0.530612244898,0.528301886792,0.961538461538,0.85,0.833333333333,0.676923076923,0.674418604651,0.457142857143,0.5625,0.511627906977,0.542857142857,0.561403508772,0.45652173913,0.415384615385,0.636363636364,0.666666666667,0.648648648649,0.632653061224,0.783783783784,0.809523809524,0.527272727273,0.539682539683,0.611111111111,0.555555555556,0.636363636364,0.518518518519,0.543859649123,0.465517241379,0.544117647059,0.511111111111,0.4375,0.490566037736,0.45652173913,0.466666666667,0.463414634146,0.575,0.621621621622,0.485714285714,0.542372881356,0.551020408163,0.589743589744,0.45,0.55,0.52380952381,0.542372881356,0.3125,0.459459459459,0.431818181818,0.559322033898,0.622222222222,0.477272727273,0.458333333333,0.459459459459,0.428571428571,0.446808510638,0.452830188679,0.543859649123,0.541666666667,0.490909090909,0.480769230769,0.35,0.509803921569,0.525,0.547169811321,0.7,0.44,0.377358490566,0.54,0.583333333333,0.541666666667,0.547619047619,0.508771929825,0.62962962963,0.48,0.6,0.462962962963,0.470588235294,0.52,0.538461538462,0.5,0.555555555556,0.625,0.568965517241,0.428571428571,0.36170212766,0.375,0.409836065574,0.591836734694,0.706896551724,0.532258064516,0.525423728814,0.553191489362,0.467741935484,0.516129032258,0.483870967742,0.558139534884,0.48,0.461538461538,0.45652173913,0.727272727273,0.566037735849,0.604166666667,0.444444444444,0.542857142857,0.511627906977,0.5,0.564102564103,0.477272727273,0.56862745098,0.526315789474,0.40350877193,0.531914893617,0.541666666667,0.548387096774,0.571428571429,0.555555555556,0.54347826087,0.459459459459,0.4,0.409090909091,0.48,0.518518518519,0.489795918367,0.586956521739,0.511627906977,0.54,0.433962264151,0.474576271186,0.436363636364,0.618181818182,0.471698113208,0.5,0.482142857143,0.480769230769,0.621621621622,0.47619047619,0.586206896552,0.442307692308,0.584905660377,0.591836734694,0.5,0.603448275862,0.653846153846,0.634146341463,0.342857142857,0.466666666667,0.452380952381,0.512820512821,0.48,0.423076923077,0.455882352941,0.425925925926,0.372881355932,0.523076923077,0.629032258065,0.413043478261,0.394736842105,0.404761904762,0.595238095238,0.51724137931,0.4,0.479166666667,0.621621621622,0.489795918367,0.555555555556,0.4375,0.63829787234,0.490566037736,0.517857142857,0.54,0.487804878049,0.568181818182,0.487804878049,0.520833333333,0.416666666667,0.551724137931,0.616666666667,0.566037735849,0.418181818182,0.403846153846,0.444444444444,0.618181818182,0.538461538462,0.489795918367,0.631578947368,0.547169811321,0.555555555556,0.558139534884,0.485714285714,0.48,0.5,0.467741935484,0.413043478261,0.452830188679,0.590909090909,0.545454545455,0.553571428571,0.568965517241,0.44,0.490566037736,0.492753623188,0.491803278689,0.533333333333,0.563636363636,0.483870967742,0.5,0.717391304348,0.490566037736,0.584905660377,0.381818181818,0.5,0.527272727273,0.338235294118,0.464285714286,0.627450980392,0.514285714286,0.422535211268,0.573770491803,0.473684210526,0.44,0.568181818182,0.408163265306,0.541666666667,0.535714285714,0.534482758621,0.576923076923,0.58,0.52380952381,0.583333333333,0.446808510638,0.622222222222,0.447368421053,0.479166666667,0.545454545455,0.611111111111,0.537037037037,0.43137254902,0.631578947368,0.415094339623,0.5,0.583333333333,0.508771929825,0.654545454545,0.552631578947,0.433962264151,0.456140350877,0.549019607843,0.508474576271,0.438596491228,0.454545454545,0.645161290323,0.533333333333,0.508771929825,0.566037735849,0.540983606557,0.573770491803,0.566037735849,0.326923076923,0.575,0.555555555556,0.568181818182,0.490909090909,0.519230769231,0.4375,0.444444444444,0.62,0.620689655172,0.51724137931,0.460317460317,0.472727272727,0.517857142857,0.54347826087,0.454545454545,0.5,0.535714285714,0.318181818182,0.541666666667,0.5,0.6,0.565217391304,0.584905660377,0.634615384615,0.559322033898,0.5,0.48,0.533333333333,0.490196078431,0.468085106383,0.4,0.537037037037,0.568965517241,0.615384615385,0.395833333333,0.551724137931,0.461538461538,0.508771929825,0.450704225352,0.627906976744,0.471698113208,0.382978723404,0.478260869565,0.454545454545,0.586956521739,0.428571428571,0.534482758621,0.531914893617,0.520833333333,0.532258064516,0.489795918367,0.477272727273,0.452380952381,0.428571428571,0.55,0.583333333333,0.586956521739,0.46,0.395833333333,0.448979591837,0.469387755102,0.411764705882,0.478260869565,0.404761904762,0.458333333333,0.538461538462,0.553571428571,0.628571428571,0.529411764706,0.551020408163,0.522727272727,0.413793103448,0.529411764706,0.51724137931,0.491803278689,0.34693877551,0.516129032258,0.5,0.535714285714,0.534482758621,0.619047619048,0.531914893617,0.48275862069,0.454545454545,0.534482758621,0.477272727273,0.553846153846,0.491803278689,0.425531914894,0.527272727273,0.448979591837,0.526315789474,0.56,0.62,0.410714285714,0.636363636364,0.56862745098,0.568181818182,0.589285714286,0.380952380952,0.434782608696,0.516666666667,0.440677966102,0.6,0.444444444444,0.44262295082,0.48275862069,0.477272727273,0.452830188679,0.520833333333,0.5,0.6,0.523076923077,0.317073170732,0.5,0.571428571429,0.526315789474,0.514285714286,0.511111111111,0.519230769231,0.416666666667,0.533333333333,0.53488372093,0.52,0.596153846154,0.590163934426,0.333333333333,0.532258064516,0.666666666667,0.416666666667,0.518518518519,0.481481481481,0.450980392157,0.638888888889,0.575,0.666666666667,0.564102564103,0.52,0.416666666667,0.479166666667,0.537037037037,0.488888888889,0.425925925926,0.388888888889,0.391304347826,0.527272727273,0.657894736842,0.609756097561,0.45,0.538461538462,0.595744680851,0.555555555556,0.522727272727,0.489795918367,0.491803278689,0.571428571429,0.489795918367,0.533333333333,0.477272727273,0.450980392157,0.491228070175,0.4,0.555555555556,0.488372093023,0.545454545455,0.5,0.571428571429,0.565217391304,0.4,0.424242424242,0.518518518519,0.444444444444,0.512195121951,0.6,0.595238095238,0.463414634146,0.410714285714,0.548387096774,0.477611940299,0.529411764706,0.483870967742,0.472222222222,0.428571428571,0.54,0.537313432836,0.549019607843,0.530612244898,0.479166666667,0.416666666667,0.490196078431,0.413043478261,0.652173913043,0.547169811321,0.391304347826,0.59649122807,0.540983606557,0.446808510638,0.507936507937,0.418181818182,0.484848484848,0.510204081633,0.555555555556,0.5,0.421052631579,0.473684210526,0.547619047619,0.441860465116,0.523076923077,0.521739130435,0.54347826087,0.666666666667,0.584905660377,0.471698113208,0.536585365854,0.46875,0.555555555556,0.630434782609,0.392156862745,0.464285714286,0.447368421053,0.619047619048,0.641025641026,0.512195121951,0.387755102041,0.468085106383,0.58,0.450980392157,0.461538461538,0.479166666667,0.571428571429,0.488372093023,0.408163265306,0.410256410256,0.450980392157,0.508474576271,0.63829787234,0.521739130435,0.414634146341,0.45,0.541666666667,0.365384615385,0.521739130435,0.529411764706,0.48,0.452830188679,0.34693877551,0.5,0.468085106383,0.472727272727,0.477272727273,0.404761904762,0.6,0.537037037037,0.415094339623,0.458333333333,0.6,0.507462686567,0.481481481481,0.53488372093,0.5,0.603448275862,0.314285714286,0.589285714286,0.475,0.549019607843,0.470588235294,0.555555555556,0.613636363636,0.555555555556,0.553191489362,0.625,0.606060606061,0.551020408163,0.519230769231,0.524590163934,0.5,0.771428571429,0.369565217391,0.475,0.592592592593,0.757575757576,0.594594594595,0.533333333333,0.529411764706,0.432432432432,0.508196721311,0.470588235294,0.414634146341,0.386363636364,0.457142857143,0.44262295082,0.508474576271,0.520833333333,0.589743589744,0.608695652174,0.5,0.480769230769,0.444444444444,0.513513513514,0.5,0.411764705882,0.421052631579,0.62,0.452380952381,0.464285714286,0.423076923077,0.350877192982,0.421052631579,0.577777777778,0.621212121212,0.614035087719,0.489361702128,0.490909090909,0.5,0.431034482759,0.529411764706,0.441860465116,0.382978723404,0.5,0.64406779661,0.58,0.509090909091,0.461538461538,0.481481481481,0.511111111111,0.471698113208,0.463414634146,0.4,0.615384615385,0.382352941176,0.68,0.647058823529,0.631578947368,0.612903225806,0.513513513514,0.666666666667,0.730769230769,0.6,0.458333333333,0.451612903226,0.666666666667,0.551020408163,0.46511627907,0.416666666667,0.489795918367,0.46511627907,0.413043478261,0.489795918367,0.548387096774,0.609756097561,0.549019607843,0.509803921569,0.428571428571,0.484848484848,0.47619047619,0.552631578947,0.520833333333,0.458333333333,0.561403508772,0.368421052632,0.410714285714,0.363636363636,0.36170212766,0.5,0.559322033898,0.58,0.468085106383,0.428571428571,0.575,0.541666666667,0.520833333333,0.45,0.5,0.5,0.333333333333,0.466666666667,0.628571428571,0.528301886792,0.5,0.403846153846,0.531914893617,0.56862745098,0.43137254902,0.448275862069,0.432432432432,0.469387755102,0.5,0.520833333333,0.377358490566,0.436363636364,0.65306122449,0.533333333333,0.411764705882,0.607843137255,0.583333333333,0.410256410256,0.739130434783,0.508196721311,0.698113207547,0.5,0.54347826087,0.519230769231,0.490196078431,0.436363636364,0.490909090909,0.533333333333,0.629032258065,0.596153846154,0.564102564103,0.5,0.382978723404,0.479166666667,0.477611940299,0.372549019608,0.608695652174,0.622222222222,0.596153846154,0.4,0.416666666667,0.533333333333,0.589743589744,0.651162790698,0.434782608696,0.394736842105,0.4375,0.525423728814,0.480769230769,0.396551724138,0.54,0.409836065574,0.392857142857,0.489795918367,0.392857142857,0.531914893617,0.627906976744,0.645161290323,0.552631578947,0.5,0.587301587302,0.508771929825,0.535714285714,0.409090909091,0.488888888889,0.490909090909,0.457627118644,0.47619047619,0.621621621622,0.428571428571,0.5,0.547619047619,0.510638297872,0.5,0.48,0.68085106383,0.489795918367,0.425,0.333333333333,0.545454545455,0.508474576271,0.469696969697,0.543859649123,0.615384615385,0.4,0.510638297872,0.531914893617,0.468085106383,0.389830508475,0.560975609756,0.490909090909,0.471698113208,0.464285714286,0.436363636364,0.532258064516,0.604166666667,0.4375,0.475409836066,0.5,0.522727272727,0.557692307692,0.56,0.454545454545,0.386363636364,0.40350877193,0.526315789474,0.531914893617,0.451612903226,0.452830188679,0.347826086957,0.634146341463,0.450980392157,0.4,0.396551724138,0.418604651163,0.522727272727,0.509803921569,0.55,0.480769230769,0.428571428571,0.615384615385,0.645161290323,0.44,0.358974358974,0.658536585366,0.48275862069,0.338983050847,0.410256410256,0.478260869565,0.56862745098,0.456140350877,0.382978723404,0.490566037736,0.642857142857,0.468085106383,0.5,0.475,0.487804878049,0.574468085106,0.5,0.619047619048,0.457627118644,0.521739130435,0.473684210526,0.45,0.454545454545,0.533333333333,0.464285714286,0.5,0.5,0.510204081633,0.461538461538,0.563636363636,0.4,0.581818181818,0.491525423729,0.519230769231,0.603773584906,0.444444444444,0.537037037037,0.392156862745,0.5,0.511111111111,0.551020408163,0.557692307692,0.45,0.555555555556,0.509803921569,0.611111111111,0.545454545455,0.533333333333,0.54,0.54,0.431034482759,0.519230769231,0.450980392157,0.541666666667,0.533333333333,0.268292682927,0.537037037037,0.628571428571,0.58,0.409090909091,0.555555555556,0.622641509434,0.423076923077,0.406779661017,0.382352941176,0.360655737705,0.428571428571,0.325581395349,0.423076923077,0.46511627907,0.5,0.576923076923,0.52380952381,0.456140350877,0.529411764706,0.528301886792,0.59649122807,0.555555555556,0.461538461538,0.547619047619,0.488372093023,0.5,0.54,0.514285714286,0.529411764706,0.5,0.414634146341,0.511627906977,0.545454545455,0.46511627907,0.5,0.461538461538,0.454545454545,0.457142857143,0.461538461538,0.446428571429,0.422222222222,0.512195121951,0.511627906977,0.450980392157,0.512820512821,0.475409836066,0.489361702128,0.583333333333,0.490909090909,0.549019607843,0.530612244898,0.529411764706,0.537037037037,0.65625,0.507692307692,0.491525423729,0.617647058824,0.534482758621,0.59649122807,0.560975609756,0.666666666667,0.522727272727,0.55,0.491228070175,0.452380952381,0.463414634146,0.425925925926,0.552631578947,0.5,0.490909090909,0.5,0.515625,0.545454545455,0.512820512821,0.428571428571,0.511627906977,0.605263157895,0.510638297872,0.537037037037,0.489795918367,0.513513513514,0.511111111111,0.577777777778,0.535714285714,0.411764705882,0.530612244898,0.447368421053,0.571428571429,0.375,0.396226415094,0.405405405405,0.518518518519,0.568965517241,0.627906976744,0.551020408163,0.5,0.464285714286,0.390243902439,0.380952380952,0.648648648649,0.418181818182,0.709677419355,0.648648648649,0.547619047619,0.5,0.527777777778,0.581395348837,0.529411764706,0.581818181818,0.47619047619,0.469387755102,0.576923076923,0.566037735849,0.456140350877,0.47619047619,0.5,0.415094339623,0.43137254902,0.641025641026,0.533333333333,0.526315789474,0.5,0.625,0.585365853659,0.535714285714,0.472727272727,0.6,0.47619047619,0.442307692308,0.414634146341,0.458333333333,0.5,0.454545454545,0.439024390244,0.577464788732,0.46511627907,0.519230769231,0.407407407407,0.489795918367,0.454545454545,0.589743589744,0.436363636364,0.484848484848,0.557692307692,0.563636363636,0.428571428571,0.521739130435,0.549019607843,0.425925925926,0.458333333333,0.607142857143,0.571428571429,0.5,0.5,0.527272727273,0.5625,0.577777777778,0.471698113208,0.435897435897,0.422222222222,0.52,0.461538461538,0.492063492063,0.423728813559,0.545454545455,0.371428571429,0.604166666667,0.771428571429,0.555555555556,0.531914893617,0.4,0.521739130435,0.477272727273,0.357142857143,0.347826086957,0.508474576271,0.51724137931,0.615384615385,0.512820512821,0.513513513514,0.346153846154,0.44,0.697674418605,0.488372093023,0.5,0.511627906977,0.386363636364,0.472222222222,0.433962264151,0.452830188679,0.433962264151,0.42,0.363636363636,0.555555555556,0.355555555556,0.4,0.406779661017,0.423076923077,0.434782608696,0.566037735849,0.6,0.362068965517,0.571428571429,0.403225806452,0.393442622951,0.612244897959,0.5,0.489795918367,0.533333333333,0.702127659574,0.520833333333,0.5,0.416666666667,0.589285714286,0.4375,0.509433962264,0.372881355932,0.636363636364,0.384615384615,0.371428571429,0.675675675676,0.6,0.551020408163,0.58,0.509803921569,0.566037735849,0.439024390244,0.488888888889,0.533333333333,0.53125,0.46875,0.444444444444,0.55737704918,0.553571428571,0.509433962264,0.477272727273,0.477272727273,0.42,0.5,0.444444444444,0.509803921569,0.466666666667,0.375,0.454545454545,0.377777777778,0.549019607843,0.612244897959,0.452380952381,0.5,0.416666666667,0.533333333333,0.480769230769,0.5,0.48275862069,0.54347826087,0.468085106383,0.5,0.5,0.425531914894,0.575,0.425531914894,0.51724137931,0.411764705882,0.561403508772,0.536585365854,0.46,0.488372093023,0.477272727273,0.454545454545,0.520833333333,0.514285714286,0.555555555556,0.404255319149,0.531914893617,0.574468085106,0.384615384615,0.478260869565,0.533333333333,0.510638297872,0.612903225806,0.583333333333,0.510638297872,0.380952380952,0.54347826087,0.342857142857,0.540540540541,0.487804878049,0.486486486486,0.545454545455,0.565789473684,0.573770491803,0.588235294118,0.6,0.541666666667,0.454545454545,0.403846153846,0.4,0.576271186441,0.403846153846,0.534482758621,0.5,0.525423728814,0.666666666667,0.578947368421,0.576923076923,0.444444444444,0.433333333333,0.483333333333,0.56,0.508771929825,0.657894736842,0.56862745098,0.52,0.457627118644,0.551020408163,0.452830188679,0.522727272727,0.545454545455,0.631578947368,0.583333333333,0.36170212766,0.5,0.581395348837,0.462962962963,0.415094339623,0.519230769231,0.395833333333,0.416666666667,0.490909090909,0.520833333333,0.448979591837,0.518518518519,0.473684210526,0.416666666667,0.384615384615,0.54,0.519230769231,0.533333333333,0.472727272727,0.491525423729,0.545454545455,0.659090909091,0.481481481481,0.6,0.45,0.452380952381,0.632653061224,0.605263157895,0.585365853659,0.58,0.551724137931,0.578947368421,0.532258064516,0.538461538462,0.545454545455,0.459459459459,0.625,0.475,0.5,0.527777777778,0.461538461538,0.459459459459,0.487179487179,0.508771929825,0.524590163934,0.630434782609,0.5,0.490196078431,0.482142857143,0.588235294118,0.530612244898,0.551020408163,0.717948717949,0.5,0.363636363636,0.48,0.4375,0.555555555556,0.461538461538,0.352941176471,0.444444444444,0.487804878049,0.462962962963,0.489795918367,0.480769230769,0.539682539683,0.431034482759,0.468085106383,0.403846153846,0.529411764706,0.492537313433,0.464285714286,0.461538461538,0.421052631579,0.675,0.35,0.471698113208,0.490196078431,0.642857142857,0.428571428571,0.530612244898,0.607843137255,0.604166666667,0.603448275862,0.487179487179,0.5,0.422222222222,0.363636363636,0.5625,0.735294117647,0.65,0.575,0.522727272727,0.45652173913,0.487804878049,0.5,0.484848484848,0.384615384615,0.551020408163,0.583333333333,0.625,0.616666666667,0.574074074074,0.615384615385,0.547169811321,0.551724137931,0.428571428571,0.490196078431,0.645161290323,0.51724137931,0.538461538462,0.454545454545,0.441860465116,0.533333333333,0.509433962264,0.522727272727,0.461538461538,0.5,0.4,0.510204081633,0.614035087719,0.522727272727,0.529411764706,0.592592592593,0.465517241379,0.575,0.510204081633,0.5,0.53488372093,0.511111111111,0.481481481481,0.43137254902,0.511111111111,0.511111111111,0.54,0.478260869565,0.511627906977,0.532258064516,0.52380952381,0.450980392157,0.448979591837,0.394736842105,0.446808510638,0.636363636364,0.489361702128,0.425925925926,0.4375,0.466666666667,0.692307692308,0.52,0.5,0.480769230769,0.571428571429,0.472727272727,0.489795918367,0.372093023256,0.457142857143,0.372881355932,0.59375,0.538461538462,0.590163934426,0.627118644068,0.625,0.466666666667,0.571428571429,0.54,0.633333333333,0.514285714286,0.6,0.555555555556,0.431818181818,0.477272727273,0.513513513514,0.769230769231,0.527777777778,0.576271186441,0.525,0.56862745098,0.578947368421,0.411764705882,0.576271186441,0.510638297872,0.472727272727,0.446808510638,0.409836065574,0.415094339623,0.411764705882,0.415094339623,0.327272727273,0.591836734694,0.459459459459,0.584905660377,0.617021276596,0.591836734694,0.595238095238,0.558823529412,0.512820512821,0.5,0.436363636364,0.514705882353,0.479166666667,0.508474576271,0.554054054054,0.547169811321,0.551724137931,0.608695652174,0.591836734694,0.538461538462,0.416666666667,0.541666666667,0.468085106383,0.585714285714,0.426470588235,0.488888888889,0.724137931034,0.720930232558,0.35,0.516666666667,0.516129032258,0.52380952381,0.288888888889,0.384615384615,0.474576271186,0.465517241379,0.613636363636,0.367346938776,0.395833333333,0.369565217391,0.434782608696,0.52380952381,0.625,0.591836734694,0.549019607843,0.472727272727,0.464285714286,0.46,0.53488372093,0.5,0.5,0.428571428571,0.412698412698,0.36170212766,0.567567567568,0.64,0.608695652174,0.625,0.56862745098,0.615384615385,0.58,0.551020408163,0.490566037736,0.46,0.43137254902,0.463414634146,0.377358490566,0.457627118644,0.581395348837,0.565217391304,0.5,0.530612244898,0.490196078431,0.463414634146,0.586956521739,0.555555555556,0.54,0.625,0.604166666667,0.52380952381,0.46,0.541666666667,0.68085106383,0.513513513514,0.441860465116,0.553191489362,0.461538461538,0.54,0.463414634146,0.550724637681,0.666666666667,0.588235294118,0.533333333333,0.585365853659,0.621621621622,0.516129032258,0.4,0.470588235294,0.484848484848,0.484848484848,0.490909090909,0.545454545455,0.446808510638,0.438596491228,0.441860465116,0.545454545455,0.618181818182,0.571428571429,0.595744680851,0.48,0.488372093023,0.489361702128,0.413793103448,0.467741935484,0.435483870968,0.462962962963,0.555555555556,0.425925925926,0.461538461538,0.477272727273,0.53488372093,0.631578947368,0.525423728814,0.414634146341,0.482142857143,0.491525423729,0.483333333333,0.415094339623,0.477272727273,0.411764705882,0.45652173913,0.634146341463,0.567567567568,0.5,0.382978723404,0.545454545455,0.444444444444,0.51724137931,0.440677966102,0.5,0.483333333333,0.467741935484,0.520833333333,0.571428571429,0.458333333333,0.521739130435,0.561403508772,0.521739130435,0.5625,0.421052631579,0.454545454545,0.52,0.54347826087,0.492063492063,0.410714285714,0.461538461538,0.462962962963,0.54347826087,0.627906976744,0.425531914894,0.607843137255,0.510638297872,0.520833333333,0.394736842105,0.441176470588,0.466666666667,0.404255319149,0.46511627907,0.516666666667,0.511111111111,0.522727272727,0.5,0.527777777778,0.514285714286,0.586956521739,0.576923076923,0.555555555556,0.5,0.486486486486,0.566037735849,0.404255319149,0.466666666667,0.537037037037,0.454545454545,0.474576271186,0.5,0.477272727273,0.540540540541,0.5,0.411764705882,0.347826086957,0.363636363636,0.410714285714,0.433962264151,0.618181818182,0.619047619048,0.636363636364,0.603174603175,0.48,0.5625,0.534482758621,0.51724137931,0.51724137931,0.482142857143,0.509433962264,0.577777777778,0.416666666667,0.44262295082,0.530612244898,0.473684210526,0.485714285714,0.560975609756,0.5,0.489795918367,0.489795918367,0.477611940299,0.4,0.386363636364,0.454545454545,0.510204081633,0.551020408163,0.490909090909,0.627450980392,0.520833333333,0.565217391304,0.425531914894,0.462962962963,0.6,0.592592592593,0.571428571429,0.560975609756,0.510204081633,0.6,0.409090909091,0.482142857143,0.508474576271,0.392156862745,0.384615384615,0.5,0.472727272727,0.5,0.52380952381,0.385964912281,0.418604651163,0.46875,0.441860465116,0.512195121951,0.482142857143,0.353846153846,0.47619047619,0.484848484848,0.568181818182,0.605263157895,0.425531914894,0.482142857143,0.481481481481,0.53488372093,0.5,0.477272727273,0.488888888889,0.605263157895,0.557692307692,0.567567567568,0.525,0.43137254902,0.45652173913,0.358974358974,0.571428571429,0.425,0.657894736842,0.621212121212,0.441860465116,0.511627906977,0.428571428571,0.509090909091,0.410256410256,0.5625,0.46,0.529411764706,0.4375,0.578947368421,0.5,0.521739130435,0.564102564103,0.491228070175,0.537037037037,0.553191489362,0.615384615385,0.740740740741,0.566666666667,0.558139534884,0.450980392157,0.431034482759,0.455882352941,0.518518518519,0.47619047619,0.540540540541,0.475,0.45,0.59375,0.596153846154,0.472727272727,0.454545454545,0.512820512821,0.563636363636,0.6875,0.619047619048,0.526315789474,0.461538461538,0.435897435897,0.333333333333,0.45,0.458333333333,0.566037735849,0.510638297872,0.527777777778,0.446428571429,0.508771929825,0.576271186441,0.4,0.529411764706,0.545454545455,0.382978723404,0.54,0.547169811321,0.531914893617,0.473684210526,0.592592592593,0.508196721311,0.538461538462,0.592592592593,0.633333333333,0.653846153846,0.5625,0.5,0.5,0.6,0.5,0.4,0.384615384615,0.509803921569,0.520833333333,0.446808510638,0.510638297872,0.540540540541,0.482142857143,0.615384615385,0.538461538462,0.564102564103,0.490196078431,0.447368421053,0.54347826087,0.5,0.469387755102,0.452380952381,0.4375,0.395833333333,0.470588235294,0.43137254902,0.452830188679,0.521739130435,0.45652173913,0.413793103448,0.393939393939,0.565217391304,0.355555555556,0.36,0.568965517241,0.520833333333,0.425925925926,0.791666666667,0.827586206897,0.357142857143,0.45652173913,0.510638297872,0.462962962963,0.564102564103,0.447368421053,0.510204081633,0.454545454545,0.571428571429,0.375,0.467741935484,0.519230769231,0.418604651163,0.492063492063,0.471698113208,0.428571428571,0.561403508772,0.288461538462,0.4375,0.526315789474,0.391304347826,0.527272727273,0.604651162791,0.54347826087,0.339622641509,0.529411764706,0.459459459459,0.545454545455,0.578947368421,0.393442622951,0.45,0.538461538462,0.538461538462,0.461538461538,0.520833333333,0.583333333333,0.5,0.395833333333,0.438596491228,0.5,0.403846153846,0.557692307692,0.466666666667,0.509090909091,0.716981132075,0.540983606557,0.561403508772,0.40350877193,0.5625,0.333333333333,0.6,0.622222222222,0.563636363636,0.520833333333,0.5,0.484848484848,0.790697674419,0.589285714286,0.480769230769,0.542372881356,0.688888888889,0.536585365854,0.5625,0.54347826087,0.545454545455,0.446808510638,0.346153846154,0.530612244898,0.589743589744,0.63829787234,0.512195121951,0.545454545455,0.515151515152,0.428571428571,0.363636363636,0.464285714286,0.413043478261,0.414634146341,0.574468085106,0.609756097561,0.45652173913,0.5625,0.490196078431,0.56862745098,0.348837209302,0.446808510638,0.46,0.528301886792,0.452830188679,0.488372093023,0.636363636364,0.555555555556,0.630434782609,0.444444444444,0.413793103448,0.490196078431,0.468085106383,0.511627906977,0.5,0.450980392157,0.46,0.603773584906,0.537037037037,0.442307692308,0.483870967742,0.5,0.371428571429,0.538461538462,0.551724137931,0.645833333333,0.448275862069,0.54347826087,0.489361702128,0.490566037736,0.490566037736,0.5625,0.526315789474,0.416666666667,0.5,0.456140350877,0.413043478261,0.461538461538,0.604651162791,0.514285714286,0.487804878049,0.450980392157,0.5,0.557692307692,0.459459459459,0.45,0.625,0.509433962264,0.428571428571,0.555555555556,0.542857142857,0.5,0.425,0.558139534884,0.5,0.478260869565,0.478260869565,0.561403508772,0.34693877551,0.34693877551,0.612903225806,0.512195121951,0.560975609756,0.525,0.537037037037,0.470588235294,0.48,0.607142857143,0.62962962963,0.5,0.535714285714,0.454545454545,0.4,0.548387096774,0.694444444444,0.526315789474,0.508474576271,0.461538461538,0.595744680851,0.54347826087,0.45,0.5,0.583333333333,0.297872340426,0.714285714286,0.71875,0.47619047619,0.475,0.48275862069,0.480769230769,0.603448275862,0.619047619048,0.521739130435,0.45652173913,0.46,0.575757575758,0.488372093023,0.533333333333,0.480769230769,0.490196078431,0.638888888889,0.565217391304,0.583333333333,0.469387755102,0.55,0.577777777778,0.568181818182,0.652173913043,0.5,0.55737704918,0.557692307692,0.615384615385,0.576271186441,0.520833333333,0.535714285714,0.653846153846,0.4375,0.555555555556,0.381818181818,0.484848484848,0.333333333333,0.417910447761,0.432835820896,0.489795918367,0.471698113208,0.463414634146,0.538461538462,0.459459459459,0.475,0.5,0.508771929825,0.5,0.630434782609,0.547169811321,0.483870967742,0.433333333333,0.607843137255,0.547169811321,0.5,0.487804878049,0.491228070175,0.512820512821,0.574468085106,0.52,0.509803921569,0.473684210526,0.604166666667,0.485714285714,0.574468085106,0.465517241379,0.611111111111,0.490566037736,0.375,0.609756097561,0.68085106383,0.489361702128,0.452830188679,0.346153846154,0.492063492063,0.488372093023,0.46511627907,0.425531914894,0.574468085106,0.609756097561,0.55,0.613636363636,0.47619047619,0.555555555556,0.6,0.627450980392,0.531914893617,0.536585365854,0.489361702128,0.472727272727,0.54347826087,0.404255319149,0.627450980392,0.545454545455,0.5,0.490196078431,0.533333333333,0.480769230769,0.5,0.5,0.4,0.522727272727,0.5,0.5,0.512195121951,0.6,0.441176470588,0.457142857143,0.421052631579,0.571428571429,0.557692307692,0.440677966102,0.421875,0.385964912281,0.634615384615,0.477272727273,0.52,0.466666666667,0.576271186441,0.55737704918,0.456140350877,0.509803921569,0.571428571429,0.448979591837,0.436363636364,0.423076923077,0.472222222222,0.409090909091,0.490196078431,0.521739130435,0.457627118644,0.5,0.508474576271,0.535714285714,0.603773584906,0.584905660377,0.657142857143,0.625,0.595744680851,0.45652173913,0.5,0.480769230769,0.444444444444,0.4375,0.581395348837,0.5,0.488372093023,0.558139534884,0.555555555556,0.487179487179,0.45652173913,0.444444444444,0.511111111111,0.431818181818,0.574074074074,0.489795918367,0.470588235294,0.479166666667,0.434782608696,0.583333333333,0.5,0.463414634146,0.547169811321,0.54347826087,0.448979591837,0.56,0.551020408163,0.4375,0.490566037736,0.522727272727,0.540540540541,0.666666666667,0.418604651163,0.457142857143,0.512195121951,0.434782608696,0.512195121951,0.52380952381,0.612244897959,0.574468085106,0.516666666667,0.62,0.390243902439,0.547169811321,0.56,0.52380952381,0.490566037736,0.474576271186,0.5,0.52,0.466666666667,0.603773584906,0.48275862069,0.53125,0.548387096774,0.457142857143,0.52,0.368421052632,0.617647058824,0.490196078431,0.4375,0.388888888889,0.370967741935,0.507936507937,0.486486486486,0.488372093023,0.6,0.411764705882,0.54347826087,0.517857142857,0.444444444444,0.526315789474,0.459016393443,0.594594594595,0.488372093023,0.363636363636,0.584905660377,0.672727272727,0.666666666667,0.603773584906,0.589285714286,0.542372881356,0.372093023256,0.413043478261,0.457142857143,0.46875,0.456140350877,0.521739130435,0.527272727273,0.393939393939,0.386363636364,0.404255319149,0.52380952381,0.5,0.560975609756,0.441860465116,0.520833333333,0.564516129032,0.478260869565,0.425,0.448979591837,0.526315789474,0.566666666667,0.481481481481,0.526315789474,0.509803921569,0.527272727273,0.444444444444,0.555555555556,0.5,0.5,0.576923076923,0.458333333333,0.4375,0.466666666667,0.516666666667,0.433962264151,0.416666666667,0.590909090909,0.439024390244,0.607843137255,0.595238095238,0.574468085106,0.44,0.575,0.583333333333,0.5,0.517857142857,0.410256410256,0.34,0.385964912281,0.444444444444,0.452380952381,0.289473684211,0.390243902439,0.461538461538,0.560975609756,0.486486486486,0.469387755102,0.575757575758,0.571428571429,0.454545454545,0.53125,0.448275862069,0.5625,0.382352941176,0.559322033898,0.5,0.41935483871,0.537037037037,0.536585365854,0.673076923077,0.487179487179,0.478260869565,0.36170212766,0.365853658537,0.58,0.537037037037,0.547169811321,0.478260869565,0.540983606557,0.4375,0.573770491803,0.521739130435,0.5,0.574074074074,0.520833333333,0.387096774194,0.489361702128,0.48,0.446428571429,0.454545454545,0.625,0.655737704918,0.6,0.490196078431,0.409090909091,0.553191489362,0.553571428571,0.452830188679,0.56862745098,0.531914893617,0.478260869565,0.413043478261,0.625,0.574468085106,0.406779661017,0.519230769231,0.425531914894,0.514705882353,0.595238095238,0.464285714286,0.5,0.63829787234,0.5,0.5,0.403846153846,0.433962264151,0.509090909091,0.43137254902,0.625,0.422222222222,0.619047619048,0.508196721311,0.508474576271,0.377358490566,0.536585365854,0.454545454545,0.321428571429,0.404255319149,0.577777777778,0.489795918367,0.4,0.44,0.508196721311,0.516666666667,0.571428571429,0.472727272727,0.555555555556,0.435483870968,0.392156862745,0.448275862069,0.616666666667,0.555555555556,0.512820512821,0.45,0.433962264151,0.428571428571,0.387755102041,0.553191489362,0.4,0.416666666667,0.404255319149,0.488888888889,0.512820512821,0.529411764706,0.473684210526,0.477272727273,0.469387755102,0.471698113208,0.489361702128,0.489795918367,0.487179487179,0.5,0.472727272727,0.444444444444,0.628571428571,0.465517241379,0.490566037736,0.434782608696,0.526315789474,0.453125,0.52380952381,0.5,0.509433962264,0.532258064516,0.452380952381,0.5,0.68085106383,0.418604651163,0.535714285714,0.397058823529,0.475409836066,0.673469387755,0.546875,0.456140350877,0.490196078431,0.410256410256,0.509433962264,0.59375,0.467741935484,0.59649122807,0.405797101449,0.536585365854,0.434782608696,0.463414634146,0.461538461538,0.444444444444,0.446808510638,0.537037037037,0.529411764706,0.604651162791,0.415094339623,0.407407407407,0.344827586207,0.545454545455,0.43137254902,0.408163265306,0.395833333333,0.487804878049,0.470588235294,0.442307692308,0.543859649123,0.517857142857,0.367346938776,0.529411764706,0.416666666667,0.484375,0.38,0.434782608696,0.547619047619,0.530612244898,0.413793103448,0.509803921569,0.608695652174,0.454545454545,0.56,0.538461538462,0.431818181818,0.473684210526,0.358974358974,0.677966101695,0.578947368421,0.391304347826,0.463414634146,0.560975609756,0.489361702128,0.589743589744,0.621621621622,0.544117647059,0.508771929825,0.5625,0.516666666667,0.38,0.56,0.54,0.409090909091,0.538461538462,0.63829787234,0.471698113208,0.5,0.551020408163,0.528301886792,0.521739130435,0.479166666667,0.538461538462,0.526315789474,0.383333333333,0.52380952381,0.509433962264,0.625,0.521739130435,0.541666666667,0.466666666667,0.4,0.415384615385,0.454545454545,0.523076923077,0.54,0.340425531915,0.326086956522,0.547619047619,0.545454545455,0.604651162791,0.529411764706,0.627906976744,0.517857142857,0.511627906977,0.446808510638,0.44,0.480769230769,0.568965517241,0.415384615385,0.53488372093,0.416666666667,0.477272727273,0.5,0.4,0.46875,0.5625,0.604651162791,0.428571428571,0.47619047619,0.52,0.463414634146,0.458333333333,0.448979591837,0.558139534884,0.611111111111,0.491228070175,0.622222222222,0.666666666667,0.340425531915,0.675675675676,0.508474576271,0.666666666667,0.576923076923,0.490196078431,0.46,0.477272727273,0.555555555556,0.483333333333,0.5,0.478260869565,0.583333333333,0.58064516129,0.432432432432,0.527272727273,0.5,0.48275862069,0.56,0.547619047619,0.568181818182,0.637931034483,0.415094339623,0.515151515152,0.470588235294,0.377777777778,0.428571428571,0.549019607843,0.442307692308,0.595744680851,0.604651162791,0.516129032258,0.547619047619,0.551020408163,0.394736842105,0.468085106383,0.574468085106,0.521739130435,0.517857142857,0.53488372093,0.489361702128,0.408163265306,0.512195121951,0.448979591837,0.552631578947,0.488888888889,0.55,0.538461538462,0.388888888889,0.54,0.488372093023,0.433333333333,0.369565217391,0.380952380952,0.551020408163,0.490196078431,0.489795918367,0.545454545455,0.525,0.436363636364,0.5,0.372549019608,0.428571428571,0.48275862069,0.416666666667,0.65625,0.458333333333,0.456140350877,0.471698113208,0.48275862069,0.526315789474,0.537037037037,0.607843137255,0.627450980392,0.632653061224,0.469387755102,0.450980392157,0.352941176471,0.571428571429,0.568181818182,0.538461538462,0.710526315789,0.509803921569,0.551020408163,0.592592592593,0.423076923077,0.461538461538,0.5,0.595238095238,0.5,0.541666666667,0.46,0.48275862069,0.407407407407,0.434782608696,0.53488372093,0.421875,0.595744680851,0.542857142857,0.51724137931,0.5,0.625,0.395348837209,0.43137254902,0.433962264151,0.53125,0.468085106383,0.448275862069,0.681818181818,0.689655172414,0.461538461538,0.520833333333,0.522727272727,0.45652173913,0.444444444444,0.5,0.553191489362,0.5625,0.492307692308,0.52,0.547619047619,0.56,0.594594594595,0.463414634146,0.522727272727,0.531914893617,0.490909090909,0.388888888889,0.4,0.361111111111,0.404255319149,0.559322033898,0.406779661017,0.546875,0.52380952381,0.63829787234,0.450980392157,0.444444444444,0.384615384615,0.603448275862,0.530612244898,0.512820512821,0.4,0.553191489362,0.565217391304,0.5,0.511627906977,0.488372093023,0.56862745098,0.54,0.619047619048,0.673913043478,0.5,0.466666666667,0.462962962963,0.438596491228,0.541666666667,0.525,0.5875,0.657142857143,0.529411764706,0.433962264151,0.295454545455,0.457142857143,0.636363636364,0.52,0.491228070175,0.553191489362,0.555555555556,0.571428571429,0.596153846154,0.434782608696,0.452380952381,0.565217391304,0.515151515152,0.53488372093,0.5,0.53125,0.315789473684,0.480769230769,0.490566037736,0.5,0.589285714286,0.381818181818,0.404761904762,0.428571428571,0.51724137931,0.543859649123,0.295454545455,0.448275862069,0.333333333333,0.454545454545,0.428571428571,0.5,0.425,0.5,0.511627906977,0.52380952381,0.4,0.541666666667,0.488888888889,0.467741935484,0.527272727273,0.472727272727,0.533333333333,0.461538461538,0.617021276596,0.516129032258,0.5,0.553846153846,0.571428571429,0.666666666667,0.69387755102,0.272727272727,0.479166666667,0.405405405405,0.348837209302,0.470588235294,0.473684210526,0.553571428571,0.425,0.634146341463,0.619047619048,0.630434782609,0.433333333333,0.657142857143,0.575757575758,0.55737704918,0.450704225352,0.489795918367,0.44,0.511111111111,0.659090909091,0.634615384615,0.461538461538,0.487804878049,0.487179487179,0.38,0.469696969697,0.471698113208,0.352941176471,0.56,0.489795918367,0.489361702128,0.608695652174,0.512195121951,0.536585365854,0.615384615385,0.465517241379,0.384615384615,0.36,0.441860465116,0.461538461538,0.491803278689,0.407407407407,0.448979591837,0.5,0.326530612245,0.396551724138,0.409090909091,0.6,0.531914893617,0.355555555556,0.333333333333,0.3,0.526315789474,0.461538461538,0.518518518519,0.511627906977,0.561403508772,0.529411764706,0.525,0.521739130435,0.558139534884,0.435897435897,0.404255319149,0.530612244898,0.46,0.385964912281,0.551020408163,0.641509433962,0.66,0.480769230769,0.571428571429,0.418181818182,0.538461538462,0.45652173913,0.450980392157,0.425531914894,0.512820512821,0.459459459459,0.56862745098,0.612244897959,0.66,0.596153846154,0.442307692308,0.535714285714,0.467741935484,0.492063492063,0.442307692308,0.471698113208,0.38,0.611111111111,0.585365853659,0.666666666667,0.627906976744,0.538461538462,0.558139534884,0.521739130435,0.509803921569,0.46,0.461538461538,0.5625,0.490196078431,0.512195121951,0.444444444444,0.452830188679,0.577777777778,0.514285714286,0.527777777778,0.46511627907,0.5,0.488888888889,0.545454545455,0.46511627907,0.52380952381,0.508771929825,0.539682539683,0.604651162791,0.463414634146,0.642857142857,0.589743589744,0.53125,0.5,0.435897435897,0.62962962963,0.614035087719,0.583333333333,0.611111111111,0.510204081633,0.513513513514,0.479166666667,0.574074074074,0.52380952381,0.474576271186,0.372881355932,0.459459459459,0.425925925926,0.464285714286,0.396226415094,0.558139534884,0.477272727273,0.44,0.487179487179,0.45652173913,0.553191489362,0.571428571429,0.509433962264,0.511111111111,0.432835820896,0.5,0.55737704918,0.46875,0.666666666667,0.372093023256,0.564516129032,0.444444444444,0.619047619048,0.386363636364,0.441176470588,0.636363636364,0.586956521739,0.441860465116,0.489361702128,0.475409836066,0.409836065574,0.473684210526,0.55,0.441860465116,0.549019607843,0.595744680851,0.5,0.425531914894,0.389830508475,0.595744680851,0.326086956522,0.384615384615,0.372093023256,0.53488372093,0.574074074074,0.558139534884,0.6,0.518518518519,0.38,0.441176470588,0.595238095238,0.414634146341,0.358974358974,0.545454545455,0.638888888889,0.5,0.448979591837,0.450980392157,0.454545454545,0.59375,0.5,0.702702702703,0.307692307692,0.647058823529,0.415094339623,0.452054794521,0.448979591837,0.592592592593,0.428571428571,0.604166666667,0.461538461538,0.414634146341,0.431818181818,0.345454545455,0.642857142857,0.491228070175,0.508771929825,0.479166666667,0.377777777778,0.526315789474,0.441860465116,0.576923076923,0.5,0.574468085106,0.489795918367,0.679245283019,0.529411764706,0.466666666667,0.595744680851,0.409836065574,0.5,0.5,0.509433962264,0.46875,0.444444444444,0.521739130435,0.487179487179,0.507042253521,0.448979591837,0.461538461538,0.489361702128,0.533333333333,0.5,0.545454545455,0.615384615385,0.58,0.428571428571,0.5,0.576923076923,0.464285714286,0.448275862069,0.512195121951,0.512820512821,0.378378378378,0.5,0.460317460317,0.380952380952,0.588235294118,0.609375,0.657894736842,0.5,0.425531914894,0.535714285714,0.446428571429,0.525423728814,0.5,0.53488372093,0.466666666667,0.53488372093,0.481481481481,0.534482758621,0.530303030303,0.510638297872,0.54,0.548387096774,0.482142857143,0.511111111111,0.673076923077,0.529411764706,0.553191489362,0.426470588235,0.653846153846,0.444444444444,0.553571428571,0.477272727273,0.473684210526,0.408163265306,0.512820512821,0.4375,0.365853658537,0.581395348837,0.578947368421,0.459459459459,0.545454545455,0.428571428571,0.441860465116,0.5,0.528301886792,0.51724137931,0.636363636364,0.526315789474,0.540540540541,0.510638297872,0.54,0.769230769231,0.510638297872,0.591836734694,0.480769230769,0.421052631579,0.512820512821,0.510204081633,0.352941176471,0.463414634146,0.510204081633,0.555555555556,0.551724137931,0.644444444444,0.578947368421,0.441860465116,0.536585365854,0.581395348837,0.486486486486,0.615384615385,0.551020408163,0.53125,0.508771929825,0.636363636364,0.468085106383,0.62,0.34693877551,0.619047619048,0.531914893617,0.354166666667,0.54347826087,0.575,0.641025641026,0.733333333333,0.658536585366,0.363636363636,0.509433962264,0.386363636364,0.638888888889,0.47619047619,0.454545454545,0.523076923077,0.459016393443,0.458333333333,0.448979591837,0.418604651163,0.488372093023,0.555555555556,0.5,0.456140350877,0.487179487179,0.508474576271,0.558139534884,0.26,0.461538461538,0.403846153846,0.489361702128,0.631578947368,0.555555555556,0.395348837209,0.560606060606,0.421052631579,0.586206896552,0.52380952381,0.507692307692,0.404255319149,0.561403508772,0.607843137255,0.489361702128,0.511627906977,0.609756097561,0.677419354839,0.71875,0.413043478261,0.4,0.351351351351,0.627450980392,0.388888888889,0.58064516129,0.535714285714,0.439024390244,0.566666666667,0.630434782609,0.583333333333,0.432835820896,0.433962264151,0.412698412698,0.482142857143,0.5,0.528301886792,0.535714285714,0.444444444444,0.475409836066,0.418181818182,0.575757575758,0.522727272727,0.454545454545,0.428571428571,0.595744680851,0.553191489362,0.535714285714,0.527272727273,0.508474576271,0.526315789474,0.375,0.510638297872,0.574468085106,0.512820512821,0.666666666667,0.577777777778,0.527777777778,0.625,0.590909090909,0.473684210526,0.478260869565,0.472222222222,0.425531914894,0.404255319149,0.489795918367,0.37037037037,0.626865671642,0.616666666667,0.532258064516,0.380952380952,0.491228070175,0.465517241379,0.658536585366,0.611111111111,0.481481481481,0.509090909091,0.484848484848,0.535714285714,0.423728813559,0.524590163934,0.630434782609,0.520833333333,0.490909090909,0.553191489362,0.526315789474,0.553571428571,0.52380952381,0.488372093023,0.458333333333,0.627906976744,0.616666666667,0.558139534884,0.363636363636,0.294117647059,0.339285714286,0.46511627907,0.529411764706,0.558139534884,0.5,0.508771929825,0.615384615385,0.590909090909,0.448979591837,0.652173913043,0.652173913043,0.538461538462,0.48,0.511627906977,0.481481481481,0.333333333333,0.508196721311,0.366666666667,0.394736842105,0.452380952381,0.521739130435,0.5,0.428571428571,0.369565217391,0.685714285714,0.5,0.524590163934,0.491228070175,0.51724137931,0.54347826087,0.526315789474,0.5,0.58,0.619047619048,0.522727272727,0.52380952381,0.613636363636,0.48,0.470588235294,0.513513513514,0.468085106383,0.53125,0.433962264151,0.525423728814,0.470588235294,0.453125,0.605263157895,0.487804878049,0.477272727273,0.461538461538,0.549019607843,0.511627906977,0.465517241379,0.62962962963,0.630434782609,0.607843137255,0.491803278689,0.565217391304,0.466666666667,0.304347826087,0.53488372093,0.519230769231,0.450980392157,0.428571428571,0.47619047619,0.524590163934,0.396551724138,0.515625,0.551724137931,0.588235294118,0.491803278689,0.381818181818,0.559322033898,0.537037037037,0.563636363636,0.524590163934,0.529411764706,0.538461538462,0.5,0.5,0.63829787234,0.486486486486,0.519230769231,0.491228070175,0.392156862745,0.469387755102,0.510638297872,0.423728813559,0.588235294118,0.527272727273,0.534482758621,0.466666666667,0.567567567568,0.537037037037,0.365384615385,0.509433962264,0.511111111111,0.446808510638,0.5,0.48275862069,0.54347826087,0.428571428571,0.384615384615,0.526315789474,0.512195121951,0.625,0.641025641026,0.446808510638,0.547619047619,0.535714285714,0.56,0.509803921569,0.529411764706,0.971428571429,0.472727272727,0.607843137255,0.642857142857,0.542372881356,0.507692307692,0.404255319149,0.44,0.558139534884,0.458333333333,0.454545454545,0.530612244898,0.433333333333,0.571428571429,0.634615384615,0.428571428571,0.622222222222,0.613636363636,0.537037037037,0.574074074074,0.63829787234,0.595238095238,0.647058823529,0.421052631579,0.878787878788,0.394736842105,0.53488372093,0.515151515152,0.392857142857,0.548387096774,0.384615384615,0.396551724138,0.690476190476,0.5,0.464285714286,0.521739130435,0.44,0.458333333333,0.4375,0.524590163934,0.622641509434,0.563636363636,0.541666666667,0.533333333333,0.452380952381,0.571428571429,0.533333333333,0.625,0.378378378378,0.511627906977,0.520833333333,0.697674418605,0.413793103448,0.317073170732,0.518518518519,0.638888888889,0.466666666667,0.357142857143,0.381818181818,0.531914893617,0.464285714286,0.586956521739,0.491228070175,0.581395348837,0.471698113208,0.632653061224,0.589285714286,0.387755102041,0.428571428571,0.441860465116,0.595744680851,0.5,0.68085106383,0.659574468085,0.673469387755,0.673469387755,0.675,0.641509433962,0.531914893617,0.575757575758,0.478260869565,0.527272727273,0.582089552239,0.474576271186,0.622641509434,0.53488372093,0.519230769231,0.478260869565,0.485714285714,0.4375,0.444444444444,0.451612903226,0.415094339623,0.5,0.4,0.457142857143,0.52380952381,0.457142857143,0.628571428571,0.638888888889,0.6875,0.547619047619,0.530612244898,0.6,0.583333333333,0.428571428571,0.51724137931,0.425531914894,0.530612244898,0.38,0.52380952381,0.434782608696,0.533333333333,0.511111111111,0.5,0.565217391304,0.525423728814,0.517857142857,0.658536585366,0.508196721311,0.441860465116,0.333333333333,0.377777777778,0.450980392157,0.534482758621,0.587301587302,0.454545454545,0.558823529412,0.652173913043,0.518518518519,0.510204081633,0.467741935484,0.789473684211,0.448979591837,0.508771929825,0.428571428571,0.590909090909,0.415094339623,0.479166666667,0.591836734694,0.581395348837,0.407407407407,0.490196078431,0.507936507937,0.4,0.5,0.490196078431,0.358974358974,0.5,0.40625,0.44262295082,0.507692307692,0.571428571429,0.519230769231,0.535714285714,0.421052631579,0.375,0.585365853659,0.5,0.571428571429,0.488372093023,0.431818181818,0.583333333333,0.535714285714,0.788461538462,0.470588235294,0.531914893617,0.559322033898,0.543859649123,0.491525423729,0.435483870968,0.5,0.382978723404,0.4,0.52380952381,0.413043478261,0.583333333333,0.565217391304,0.559322033898,0.48,0.5,0.482142857143,0.481481481481,0.581818181818,0.47619047619,0.448979591837,0.441860465116,0.511627906977,0.52380952381,0.581395348837,0.363636363636,0.560975609756,0.558139534884,0.5625,0.387096774194,0.45652173913,0.516666666667,0.52,0.454545454545,0.372549019608,0.512820512821,0.5,0.625,0.489795918367,0.453125,0.452830188679,0.5,0.53488372093,0.435483870968,0.553191489362,0.34375,0.428571428571,0.487804878049,0.596153846154,0.315789473684,0.463414634146,0.484375,0.549019607843,0.519230769231,0.468085106383,0.538461538462,0.525423728814,0.528301886792,0.46875,0.425531914894,0.517857142857,0.557692307692,0.448979591837,0.413043478261,0.526315789474,0.5,0.489361702128,0.450980392157,0.584905660377,0.516129032258,0.396226415094,0.546875,0.533333333333,0.516666666667,0.571428571429,0.444444444444,0.48,0.441176470588,0.5,0.571428571429,0.452830188679,0.558139534884,0.52380952381,0.442307692308,0.541666666667,0.566037735849,0.438596491228,0.525423728814,0.516129032258,0.586206896552,0.509433962264,0.46875,0.447368421053,0.431034482759,0.5,0.386363636364,0.492537313433,0.609756097561,0.547619047619,0.555555555556,0.546875,0.466666666667,0.577777777778,0.5,0.553571428571,0.403846153846,0.583333333333,0.564516129032,0.5,0.478260869565,0.5,0.545454545455,0.489795918367,0.6,0.525,0.421052631579,0.434782608696,0.350877192982,0.648148148148,0.589285714286,0.5,0.551020408163,0.538461538462,0.414634146341,0.478260869565,0.461538461538,0.484375,0.491525423729,0.339285714286,0.441176470588,0.673469387755,0.627450980392,0.35593220339,0.482142857143,0.52380952381,0.467741935484,0.475409836066,0.6,0.615384615385,0.436363636364,0.529411764706,0.608695652174,0.585365853659,0.388888888889,0.586206896552,0.549019607843,0.510204081633,0.490909090909,0.512195121951,0.565217391304,0.456140350877,0.55,0.469387755102,0.442307692308,0.619047619048,0.488888888889,0.538461538462,0.543859649123,0.488888888889,0.377777777778,0.342857142857,0.6,0.435897435897,0.595238095238,0.425531914894,0.448275862069,0.5,0.5,0.418604651163,0.529411764706,0.66,0.42,0.607142857143,0.415094339623,0.408163265306,0.568181818182,0.418181818182,0.53125,0.528301886792,0.471698113208,0.596153846154,0.577777777778,0.48,0.428571428571,0.469387755102,0.480769230769,0.619047619048,0.509090909091,0.65306122449,0.512820512821,0.452830188679,0.428571428571,0.4,0.470588235294,0.436363636364,0.55,0.508196721311,0.520833333333,0.479166666667,0.48,0.490566037736,0.509433962264,0.551020408163,0.465517241379,0.461538461538,0.394736842105,0.58,0.5,0.5,0.5,0.542372881356,0.479166666667,0.553191489362,0.441860465116,0.428571428571,0.512195121951,0.44776119403,0.509433962264,0.588235294118,0.416666666667,0.423076923077,0.408163265306,0.615384615385,0.454545454545,0.6,0.571428571429,0.510638297872,0.571428571429,0.592592592593,0.428571428571,0.36,0.561403508772,0.62962962963,0.625,0.470588235294,0.5,0.487804878049,0.559322033898,0.448979591837,0.5625,0.375,0.380952380952,0.365853658537,0.324324324324,0.6,0.576923076923,0.532258064516,0.518518518519,0.45,0.471698113208,0.621621621622,0.469696969697,0.535714285714,0.588235294118,0.542857142857,0.578947368421,0.622641509434,0.428571428571,0.489361702128,0.481481481481,0.5,0.538461538462,0.52,0.344827586207,0.510638297872,0.511111111111,0.5,0.448275862069,0.487179487179,0.565217391304,0.537037037037,0.450980392157,0.470588235294,0.444444444444,0.5625,0.696428571429,0.485714285714,0.492063492063,0.511627906977,0.5,0.6,0.52380952381,0.465517241379,0.54,0.553846153846,0.457142857143,0.44,0.56,0.538461538462,0.647058823529,0.526315789474,0.541666666667,0.679245283019,0.625,0.509090909091,0.53125,0.413043478261,0.348837209302,0.444444444444,0.538461538462,0.391304347826,0.522727272727,0.756756756757,0.566037735849,0.540540540541,0.614035087719,0.5,0.703703703704,0.510204081633,0.354166666667,0.541666666667,0.576923076923,0.658536585366,0.571428571429,0.468085106383,0.5,0.441860465116,0.512820512821,0.5,0.469387755102,0.484375,0.5,0.516666666667,0.651162790698,0.555555555556,0.452830188679,0.318181818182,0.458333333333,0.516666666667,0.54,0.51724137931,0.508771929825,0.56862745098,0.510638297872,0.55,0.53125,0.574468085106,0.5,0.428571428571,0.5,0.5,0.441860465116,0.509090909091,0.558823529412,0.5,0.433962264151,0.431034482759,0.58,0.478260869565,0.446428571429,0.524590163934,0.532258064516,0.433333333333,0.472727272727,0.547169811321,0.509433962264,0.517857142857,0.396551724138,0.41935483871,0.509803921569,0.4,0.489361702128,0.533333333333,0.422222222222,0.468085106383,0.466666666667,0.47619047619,0.475,0.428571428571,0.415384615385,0.568181818182,0.654545454545,0.537037037037,0.52,0.5,0.542372881356,0.509803921569,0.571428571429,0.521739130435,0.7,0.676470588235,0.634615384615,0.527777777778,0.481481481481,0.434782608696,0.458333333333,0.566037735849,0.533333333333,0.666666666667,0.485714285714,0.538461538462,0.388888888889,0.4,0.408163265306,0.45,0.583333333333,0.520833333333,0.642857142857,0.627906976744,0.6,0.541666666667,0.56338028169,0.557142857143,0.439393939394,0.465517241379,0.528301886792,0.548387096774,0.512195121951,0.564516129032,0.583333333333,0.578947368421,0.545454545455,0.536585365854,0.535714285714,0.644444444444,0.484848484848,0.53488372093,0.533333333333,0.525,0.625,0.537313432836,0.514705882353,0.386363636364,0.528301886792,0.44,0.613636363636,0.609756097561,0.519230769231,0.444444444444,0.531914893617,0.5,0.527272727273,0.52,0.448979591837,0.529411764706,0.487179487179,0.413043478261,0.522727272727,0.446808510638,0.484848484848,0.479166666667,0.589743589744,0.439024390244,0.372549019608,0.423076923077,0.431034482759,0.264705882353,0.381818181818,0.409090909091,0.436363636364,0.469387755102,0.431034482759,0.588235294118,0.541666666667,0.551020408163,0.549019607843,0.577777777778,0.522388059701,0.4,0.545454545455,0.657142857143,0.526315789474,0.6,0.5,0.5,0.380952380952,0.425925925926,0.551724137931,0.492307692308,0.516666666667,0.54347826087,0.444444444444,0.541666666667,0.617021276596,0.454545454545,0.395833333333,0.523076923077,0.409090909091,0.404255319149,0.44,0.530612244898,0.558139534884,0.578125,0.5,0.53125,0.441176470588,0.425925925926,0.452830188679,0.5,0.604651162791,0.625,0.326086956522,0.553571428571,0.636363636364,0.757575757576,0.528301886792,0.404761904762,0.52,0.607142857143,0.586206896552,0.412698412698,0.525423728814,0.471698113208,0.45652173913,0.423076923077,0.442307692308,0.450980392157,0.466666666667,0.549019607843,0.472727272727,0.532258064516,0.461538461538,0.466666666667,0.560975609756,0.510638297872,0.577777777778,0.456140350877,0.508474576271,0.575,0.395833333333,0.387755102041,0.456140350877,0.377358490566,0.531914893617,0.441860465116,0.5625,0.7,0.619047619048,0.511627906977,0.482142857143,0.531914893617,0.413043478261,0.478260869565,0.560975609756,0.333333333333,0.5,0.472727272727,0.508474576271,0.516666666667,0.525,0.413043478261,0.422222222222,0.448275862069,0.451612903226,0.525,0.5625,0.682926829268,0.441860465116,0.578125,0.5,0.410714285714,0.545454545455,0.508474576271,0.483333333333,0.440677966102,0.549019607843,0.538461538462,0.568965517241,0.510204081633,0.627906976744,0.545454545455,0.5,0.452830188679,0.584615384615,0.621212121212,0.416666666667,0.4,0.553571428571,0.345454545455,0.585365853659,0.451612903226,0.55,0.509090909091,0.408163265306,0.456140350877,0.384615384615,0.519230769231,0.388888888889,0.489795918367,0.666666666667,0.420289855072,0.576923076923,0.519230769231,0.509433962264,0.446428571429,0.479166666667,0.480769230769,0.40350877193,0.490909090909,0.54,0.571428571429,0.64,0.470588235294,0.46,0.406779661017,0.320754716981,0.491228070175,0.4,0.596153846154,0.52380952381,0.666666666667,0.439024390244,0.489795918367,0.42,0.411764705882,0.44,0.557692307692,0.4,0.520833333333,0.487804878049,0.425531914894,0.510204081633,0.483333333333,0.62962962963,0.56862745098,0.509803921569,0.491228070175,0.537037037037,0.585365853659,0.512820512821,0.553571428571,0.428571428571,0.484375,0.565217391304,0.55,0.530612244898,0.547169811321,0.558139534884,0.533333333333,0.54,0.483333333333,0.568965517241,0.590163934426,0.508474576271,0.486486486486,0.347826086957,0.326530612245,0.44262295082,0.512195121951,0.518518518519,0.516129032258,0.396226415094,0.462686567164,0.459016393443,0.378378378378,0.5625,0.46,0.488888888889,0.487179487179,0.428571428571,0.651162790698,0.458333333333,0.5,0.553191489362,0.634146341463,0.425,0.571428571429,0.586206896552,0.508771929825,0.551020408163,0.485714285714,0.542372881356,0.586956521739,0.475409836066,0.425925925926,0.581395348837,0.595238095238,0.58,0.509090909091,0.521739130435,0.5,0.607142857143,0.5625,0.531914893617,0.469696969697,0.490196078431,0.538461538462,0.490909090909,0.413793103448,0.326923076923,0.425,0.444444444444,0.6,0.514285714286,0.47619047619,0.470588235294,0.533333333333,0.51724137931,0.571428571429,0.38,0.542372881356,0.428571428571,0.530612244898,0.555555555556,0.453125,0.446808510638,0.585365853659,0.552631578947,0.414634146341,0.571428571429,0.528301886792,0.561403508772,0.533333333333,0.462962962963,0.45,0.588235294118,0.584615384615,0.578947368421,0.48275862069,0.441860465116,0.435897435897,0.566666666667,0.48,0.416666666667,0.391304347826,0.462962962963,0.507936507937,0.587301587302,0.531914893617,0.51724137931,0.540983606557,0.611111111111,0.518518518519,0.622222222222,0.58064516129,0.536585365854,0.5,0.379310344828,0.406779661017,0.534482758621,0.518518518519,0.491228070175,0.468085106383,0.438596491228,0.607142857143,0.446808510638,0.620689655172,0.5,0.47619047619,0.55,0.469387755102,0.480769230769,0.551020408163,0.568965517241,0.475409836066,0.5,0.487179487179,0.543859649123,0.511111111111,0.416666666667,0.531914893617,0.533333333333,0.473684210526,0.595238095238,0.56862745098,0.566037735849,0.431034482759,0.461538461538,0.478260869565,0.466666666667,0.507936507937,0.547169811321,0.454545454545,0.524590163934,0.478260869565,0.489361702128,0.452830188679,0.454545454545,0.45652173913,0.392156862745,0.382978723404,0.416666666667,0.425531914894,0.551020408163,0.458333333333,0.549019607843,0.568181818182,0.414634146341,0.55,0.521739130435,0.462962962963,0.51724137931,0.558139534884,0.571428571429,0.519230769231,0.518518518519,0.517857142857,0.387096774194,0.454545454545,0.45,0.509433962264,0.5,0.525423728814,0.491228070175,0.490909090909,0.892857142857,0.576923076923,0.530612244898,0.529411764706,0.559322033898,0.529411764706,0.509433962264,0.47619047619,0.614035087719,0.607142857143,0.511111111111,0.516129032258,0.571428571429,0.418604651163,0.452380952381,0.36,0.553571428571,0.489795918367,0.52380952381,0.45652173913,0.5,0.573770491803,0.490196078431,0.528301886792,0.574074074074,0.508771929825,0.526315789474,0.55,0.62,0.561403508772,0.535714285714,0.512820512821,0.54347826087,0.591836734694,0.519230769231,0.549019607843,0.527272727273,0.492307692308,0.491228070175,0.458333333333,0.458333333333,0.333333333333,0.588235294118,0.596153846154,0.510204081633,0.446428571429,0.452830188679,0.480769230769,0.462962962963,0.44,0.488372093023,0.581395348837,0.404761904762,0.418604651163,0.468085106383,0.6,0.533333333333,0.583333333333,0.510638297872,0.607843137255,0.916666666667,0.557692307692,0.619047619048,0.658536585366,0.6,0.608695652174,0.822222222222,0.857142857143,0.825,0.868421052632,0.923076923077,0.564102564103,0.705882352941,0.540540540541,0.340909090909,0.395833333333,0.5,0.384615384615,0.383333333333,0.465517241379,0.566666666667,0.534482758621,0.508474576271,0.441176470588,0.531914893617,0.43137254902,0.425,0.566666666667,0.357142857143,0.486486486486,0.612903225806,0.416666666667,0.372093023256,0.666666666667,0.578947368421,0.583333333333,0.589743589744,0.48275862069,0.435897435897,0.5,0.48,0.25,0.358974358974,0.588235294118,0.59375,0.477272727273,0.560975609756,0.555555555556,0.55,0.622222222222,0.595744680851,0.688888888889,0.621621621622,0.5,0.46511627907,0.454545454545,0.540540540541,0.589743589744,0.581395348837,0.469387755102,0.487179487179,0.478260869565,0.380952380952,0.4,0.511111111111,0.553191489362,0.5,0.434782608696,0.382978723404,0.551724137931,0.469387755102,0.479166666667,0.568181818182,0.488372093023,0.409090909091,0.442307692308,0.532258064516,0.53125,0.594202898551,0.367346938776,0.571428571429,0.611111111111,0.35593220339,0.488372093023,0.576923076923,0.535714285714,0.586206896552,0.490196078431,0.511627906977,0.463414634146,0.483333333333,0.52,0.440677966102,0.5,0.469387755102,0.454545454545,0.488888888889,0.424242424242,0.673913043478,0.558823529412,0.705882352941,0.559322033898,1.0,0.509803921569,0.528301886792,0.517857142857,0.472222222222,0.441860465116,0.551724137931,0.47619047619,0.463414634146,0.448979591837,0.46,0.543859649123,0.551020408163,0.508474576271,0.454545454545,0.40625,0.575757575758,0.466666666667,0.675675675676,0.692307692308,1.0,0.90625,0.710526315789,0.51724137931,0.5,0.510638297872,0.5,0.508474576271,0.573770491803,0.607843137255,0.536231884058,0.605263157895,0.561403508772,0.609756097561,0.459459459459,0.44262295082,0.344827586207,0.357142857143,0.557692307692,0.534482758621,0.351351351351,0.736842105263,0.382978723404,0.422222222222,0.545454545455,0.418181818182,0.628571428571,0.5,0.5,0.52380952381,0.48275862069,0.5,0.481481481481,0.454545454545,0.5,0.5,0.4,0.542372881356,0.5,0.484848484848,0.40350877193,0.627118644068,0.418604651163,0.566037735849,0.395348837209,0.377777777778,0.525,0.454545454545,0.4,0.448979591837,0.610169491525,0.604166666667,0.416666666667,0.479166666667,0.446808510638,0.388888888889,0.47619047619,0.473684210526,0.66,0.666666666667,0.547619047619,0.488888888889,0.521739130435,0.470588235294,0.615384615385,0.51724137931,0.492063492063,0.471698113208,0.4375,0.450980392157,0.511627906977,0.615384615385,0.541666666667,0.549019607843,0.520833333333,0.645833333333,0.444444444444,0.521739130435,0.509803921569,0.606557377049,0.404761904762,0.533333333333,0.578947368421,0.465517241379,0.530612244898,0.527272727273,0.3125,0.59649122807,0.508771929825,0.557692307692,0.566666666667,0.555555555556,0.588235294118,0.568965517241,0.59375,0.676923076923,0.391304347826,0.431034482759,0.45,0.428571428571,0.629032258065,0.446428571429,0.5,0.354166666667,0.433333333333,0.553191489362,0.565217391304,0.42,0.528301886792,0.342857142857,0.491525423729,0.486486486486,0.425925925926,0.396226415094,0.529411764706,0.5,0.535714285714,0.510638297872,0.525423728814,0.457627118644,0.528571428571,0.479452054795,0.486486486486,0.492063492063,0.413043478261,0.584905660377,0.531914893617,0.525,0.470588235294,0.515151515152,0.5,0.529411764706,0.564516129032,0.481481481481,0.594594594595,0.537037037037,0.509090909091,0.54,0.542857142857,0.43137254902,0.448979591837,0.533333333333,0.561403508772,0.545454545455,0.575,0.481481481481,0.473684210526,0.518518518519,0.492063492063,0.508196721311,0.470588235294,0.532258064516,0.673469387755,0.513513513514,0.596153846154,0.418604651163,0.482142857143,0.648648648649,0.58,0.509433962264,0.488372093023,0.58,0.459459459459,0.530612244898,0.435483870968,0.679245283019,0.461538461538,0.537037037037,0.563636363636,0.52380952381,0.59649122807,0.460526315789,0.541666666667,0.512820512821,0.490566037736,0.468085106383,0.5625,0.591836734694,0.576923076923,0.54,0.530612244898,0.450980392157,0.480519480519,0.578947368421,0.469387755102,0.56862745098,0.4,0.480769230769,0.466666666667,0.470588235294,0.54347826087,0.492307692308,0.448979591837,0.508196721311,0.491525423729,0.545454545455,0.553191489362,0.395348837209,0.553191489362,0.471698113208,0.411764705882,0.545454545455,0.433333333333,0.409836065574,0.446428571429,0.450980392157,0.678571428571,0.461538461538,0.555555555556,0.472727272727,0.625,0.413793103448,0.5,0.5,0.433333333333,0.590909090909,0.43137254902,0.56862745098,0.516129032258,0.575,0.533333333333,0.53125,0.522727272727,0.428571428571,0.477611940299,0.549019607843,0.518518518519,0.553571428571,0.395833333333,0.446808510638,0.591836734694,0.471428571429,0.521739130435,0.477611940299,0.5,0.524590163934,0.52380952381,0.472727272727,0.448275862069,0.461538461538,0.658536585366,0.54347826087,0.541666666667,0.47619047619,0.585365853659,0.377777777778,0.512195121951,0.5,0.44262295082,0.392857142857,0.5,0.461538461538,0.508771929825,0.509090909091,0.466666666667,0.575,0.524590163934,0.48275862069,0.422222222222,0.391304347826,0.52380952381,0.441860465116,0.634146341463,0.489795918367,0.413793103448,0.396226415094,0.4,0.527777777778,0.522727272727,0.590909090909,0.690909090909,0.641509433962,0.38,0.444444444444,0.630434782609,0.478260869565,0.431818181818,0.510204081633,0.431818181818,0.52,0.4,0.58,0.538461538462,0.5,0.518518518519,0.581818181818,0.510638297872,0.466666666667,0.571428571429,0.625,0.547169811321,0.53125,0.529411764706,0.641025641026,0.538461538462,0.384615384615,0.487179487179,0.466666666667,0.408163265306,0.432432432432,0.415094339623,0.612244897959,0.447368421053,0.571428571429,0.509433962264,0.59375,0.510204081633,0.534482758621,0.489795918367,0.375,0.566037735849,0.584905660377,0.549019607843,0.51724137931,0.533333333333,0.565217391304,0.481481481481,0.459459459459,0.454545454545,0.456140350877,0.444444444444,0.553191489362,0.531914893617,0.454545454545,0.53488372093,0.48,0.461538461538,0.622222222222,0.294117647059,0.489795918367,0.616666666667,0.515625,0.454545454545,0.507936507937,0.44,0.391304347826,0.555555555556,0.444444444444,0.461538461538,0.532258064516,0.527272727273,0.487804878049,0.392857142857,0.529411764706,0.512820512821,0.555555555556,0.5,0.617647058824,0.5,0.406779661017,0.574074074074,0.518518518519,0.528301886792,0.478260869565,0.625,0.53488372093,0.576923076923,0.513513513514,0.5,0.52380952381,0.523076923077,0.410256410256,0.475409836066,0.415094339623,0.488372093023,0.596774193548,0.532258064516,0.477272727273,0.394366197183,0.551020408163,0.575757575758,0.440677966102,0.43137254902,0.339285714286,0.375,0.534482758621,0.512820512821,0.529411764706,0.525423728814,0.478260869565,0.48275862069,0.619047619048,0.444444444444,0.566666666667,0.480769230769,0.461538461538,0.470588235294,0.347826086957,0.536585365854,0.531914893617,0.342857142857,0.520833333333,0.470588235294,0.475,0.565217391304,0.396226415094,0.439024390244,0.394736842105,0.363636363636,0.548387096774,0.415094339623,0.396226415094,0.5,0.468085106383,0.387755102041,0.404255319149,0.619047619048,0.595744680851,0.508771929825,0.518518518519,0.54347826087,0.783783783784,0.610169491525,0.511111111111,0.425925925926,0.431034482759,0.373134328358,0.441176470588,0.396551724138,0.433333333333,0.439024390244,0.487804878049,0.448979591837,0.590909090909,0.510638297872,0.508771929825,0.411764705882,0.510204081633,0.595744680851,0.421052631579,0.531914893617,0.365853658537,0.463414634146,0.381818181818,0.45,0.492063492063,0.431818181818,0.509433962264,0.447368421053,0.530612244898,0.415094339623,0.575,0.511627906977,0.466666666667,0.416666666667,0.515151515152,0.522727272727,0.648648648649,0.571428571429,0.473684210526,0.5,0.468085106383,0.481481481481,0.5,0.428571428571,0.407407407407,0.462962962963,0.423076923077,0.413793103448,0.475409836066,0.482142857143,0.5,0.487804878049,0.588235294118,0.414634146341,0.56862745098,0.341463414634,0.396551724138,0.450980392157,0.458333333333,0.514285714286,0.545454545455,0.536585365854,0.552631578947,0.517857142857,0.679245283019,0.645833333333,0.583333333333,0.408163265306,0.58,0.527272727273,0.603773584906,0.595744680851,0.450704225352,0.655737704918,0.596153846154,0.547169811321,0.47619047619,0.509803921569,0.510204081633,0.507936507937,0.52,0.533333333333,0.512820512821,0.627906976744,0.645833333333,0.558139534884,0.555555555556,0.512820512821,0.621621621622,0.469387755102,0.58,0.512195121951,0.526315789474,0.571428571429,0.756756756757,0.589743589744,0.509803921569,0.368421052632,0.325581395349,0.46,0.509803921569,0.411764705882,0.442307692308,0.527777777778,0.428571428571,0.492307692308,0.480769230769,0.46,0.490566037736,0.474576271186,0.586956521739,0.641025641026,0.617647058824,0.612903225806,0.435897435897,0.403846153846,0.403846153846,0.507462686567,0.52380952381,0.538461538462,0.46,0.590909090909,0.5,0.446808510638,0.531914893617,0.410714285714,0.491228070175,0.411764705882,0.4,0.462962962963,0.530612244898,0.5,0.625,0.585365853659,0.68,0.530612244898,0.645833333333,0.358024691358,0.578947368421,0.555555555556,0.641509433962,0.484375,0.488372093023,0.466666666667,0.493150684932,0.555555555556,0.55737704918,0.603448275862,0.34,0.596153846154,0.492063492063,0.5,0.592592592593,0.659090909091,0.487804878049,0.511111111111,0.660377358491,0.561403508772,0.461538461538,0.507936507937,0.428571428571,0.272727272727,0.392156862745,0.396226415094,0.462962962963,0.448275862069,0.481481481481,0.575757575758,0.563636363636,0.587301587302,0.535211267606,0.55,0.631578947368,0.877551020408,0.755102040816,0.415094339623,0.490909090909,0.439393939394,0.421052631579,0.528571428571,0.622950819672,0.573529411765,0.551020408163,0.448275862069,0.410714285714,0.448275862069,0.392156862745,0.589743589744,0.566037735849,0.473684210526,0.571428571429,0.588235294118,0.525,0.5,0.539682539683,0.588235294118,0.535714285714,0.5,0.435897435897,0.511627906977,0.432432432432,0.276595744681,0.441860465116,0.425,0.48,0.555555555556,0.547619047619,0.608695652174,0.468085106383,0.5,0.481481481481,0.413043478261,0.46511627907,0.660377358491,0.672727272727,0.574468085106,0.394736842105,0.4,0.621621621622,0.422222222222,0.571428571429,0.292682926829,0.529411764706,0.521739130435,0.489361702128,0.472727272727,0.48,0.541666666667,0.525,0.553846153846,0.590163934426,0.462962962963,0.523076923077,0.576271186441,0.553571428571,0.54,0.578947368421,0.511627906977,0.511627906977,0.418604651163,0.478260869565,0.555555555556,0.40625,0.530612244898,0.51724137931,0.48275862069,0.508196721311,0.391304347826,0.529411764706,0.436363636364,0.462962962963,0.4,0.415094339623,0.520833333333,0.538461538462,0.5,0.5,0.548387096774,0.5,0.410256410256,0.466666666667,0.444444444444,0.575,0.516666666667,0.46,0.511627906977,0.5625,0.541666666667,0.538461538462,0.537037037037,0.358208955224,0.428571428571,0.493150684932,0.666666666667,0.487179487179,0.459459459459,0.384615384615,0.525423728814,0.564102564103,0.530612244898,0.517857142857,0.416666666667,0.65625,0.434782608696,0.588235294118,0.586206896552,0.384615384615,0.382352941176,0.481481481481,0.489361702128,0.553571428571,0.508474576271,0.616666666667,0.521739130435,0.5,0.56,0.425,0.52,0.64,0.525,0.508474576271,0.423076923077,0.509803921569,0.512195121951,0.5,0.403225806452,0.542857142857,0.552631578947,0.604166666667,0.447368421053,0.434782608696,0.520833333333,0.431818181818,0.442307692308,0.5625,0.608695652174,0.407407407407,0.51724137931,0.461538461538,0.382978723404,0.574468085106,0.459459459459,0.583333333333,0.557692307692,0.404255319149,0.489795918367,0.411764705882,0.355555555556,0.6,0.512820512821,0.568181818182,0.510204081633,0.439393939394,0.5,0.588235294118,0.454545454545,0.588235294118,0.5,0.537037037037,0.421052631579,0.484848484848,0.510204081633,0.539682539683,0.538461538462,0.633333333333,0.530612244898,0.561403508772,0.511111111111,0.431818181818,0.510204081633,0.47619047619,0.541666666667,0.511627906977,0.551724137931,0.618181818182,0.583333333333,0.491228070175,0.422222222222,0.4,0.537037037037,0.444444444444,0.577777777778,0.543859649123,0.628571428571,0.515151515152,0.396551724138,0.604166666667,0.605263157895,0.516666666667,0.551724137931,0.375,0.5,0.462962962963,0.5,0.54,0.509803921569,0.480769230769,0.490566037736,0.37037037037,0.403846153846,0.529411764706,0.490196078431,0.511111111111,0.38,0.46511627907,0.666666666667,0.519230769231,0.46,0.440677966102,0.507936507937,0.56,0.463414634146,0.387755102041,0.4375,0.461538461538,0.491803278689,0.525423728814,0.518987341772,0.410714285714,0.644444444444,0.438596491228,0.507462686567,0.551724137931,0.471698113208,0.56,0.571428571429,0.426229508197,0.326530612245,0.477272727273,0.5,0.606060606061,0.675675675676,0.509090909091,0.62,0.45,0.457627118644,0.418181818182,0.456140350877,0.5,0.488888888889,0.444444444444,0.527777777778,0.48,0.481481481481,0.528301886792,0.509090909091,0.55,0.5,0.379310344828,0.56,0.447368421053,0.473684210526,0.545454545455,0.508196721311,0.488372093023,0.521739130435,0.568965517241,0.466666666667,0.45,0.521739130435,0.421052631579,0.4,0.787878787879,0.408163265306,0.622222222222,0.425531914894,0.388888888889,0.511627906977,0.529411764706,0.516129032258,0.525423728814,0.5,0.625,0.458333333333,0.540540540541,0.560975609756,0.520833333333,0.5,0.382978723404,0.583333333333,0.483870967742,0.652173913043,0.564102564103,0.538461538462,0.5,0.341463414634,0.53488372093,0.510204081633,0.466666666667,0.5,0.613636363636,0.584905660377,0.594594594595,0.311111111111,0.47619047619,0.392857142857,0.4,0.508196721311,0.5,0.4375,0.457142857143,0.457142857143,0.567567567568,0.560975609756,0.574074074074,0.512820512821,0.526315789474,0.576923076923,0.666666666667,0.317073170732,0.591836734694,0.5,0.511627906977,0.435897435897,0.489361702128,0.490196078431,0.510638297872,0.53125,0.605263157895,0.473684210526,0.487804878049,0.6,0.444444444444,0.425,0.521739130435,0.411764705882,0.5,0.5,0.5,0.589743589744,0.5,0.466666666667,0.47619047619,0.513513513514,0.619047619048,0.545454545455,0.434782608696,0.617021276596,0.553191489362,0.675,0.425,0.483333333333,0.5,0.509433962264,0.536585365854,0.5,0.474576271186,0.469387755102,0.46,0.458333333333,0.6,0.365853658537,0.480769230769,0.424242424242,0.486486486486,0.529411764706,0.405405405405,0.489361702128,0.385714285714,0.5,0.6,0.538461538462,0.543859649123,0.607142857143,0.516129032258,0.645833333333,0.454545454545,0.421052631579,0.59649122807,0.450980392157,0.442307692308,0.472727272727,0.458333333333,0.63829787234,0.543859649123,0.404255319149,0.404255319149,0.519230769231,0.435897435897,0.472222222222,0.586206896552,0.690476190476,0.5,0.535714285714,0.533333333333,0.612244897959,0.530612244898,0.56862745098,0.538461538462,0.482142857143,0.510204081633,0.446808510638,0.446153846154,0.612903225806,0.55,0.43137254902,0.53125,0.704545454545,0.4,0.473684210526,0.480769230769,0.51724137931,0.490909090909,0.5,0.53488372093,0.537037037037,0.492307692308,0.482142857143,0.435483870968,0.583333333333,0.4,0.528301886792,0.483333333333,0.566666666667,0.483870967742,0.553191489362,0.448979591837,0.519230769231,0.491228070175,0.442307692308,0.622222222222,0.58,0.64,0.509090909091,0.555555555556,0.482142857143,0.481481481481,0.5,0.652173913043,0.454545454545,0.462962962963,0.452830188679,0.492537313433,0.54,0.509803921569,0.627450980392,0.583333333333,0.604651162791,0.576271186441,0.612244897959,0.604166666667,0.529411764706,0.396226415094,0.5,0.423076923077,0.515151515152,0.483870967742,0.439393939394,0.537313432836,0.483333333333,0.454545454545,0.596153846154,0.705882352941,0.68,0.586956521739,0.557692307692,0.5,0.511627906977,0.522727272727,0.56862745098,0.440677966102,0.462962962963,0.403846153846,0.533333333333,0.6,0.333333333333,0.571428571429,0.455882352941,0.425925925926,0.344827586207,0.406779661017,0.590909090909,0.457142857143,0.571428571429,0.507936507937,0.545454545455,0.441176470588,0.46511627907,0.5,0.471698113208,0.4,0.59649122807,0.571428571429,0.612244897959,0.630434782609,0.65625,0.440677966102,0.416666666667,0.472727272727,0.527272727273,0.56,0.581395348837,0.58,0.48275862069,0.423076923077,0.371428571429,0.47619047619,0.571428571429,0.545454545455,0.525,0.452380952381,0.333333333333,0.444444444444,0.347826086957,0.532258064516,0.430769230769,0.620689655172,0.482142857143,0.63829787234,0.46511627907,0.396551724138,0.52380952381,0.463414634146,0.487179487179,0.51724137931,0.480769230769,0.526315789474,0.5,0.575,0.571428571429,0.609756097561,0.485714285714,0.589743589744,0.475,0.448979591837,0.465517241379,0.522727272727,0.627906976744,0.596153846154,0.490566037736,0.481481481481,0.5,0.5,0.447368421053,0.388888888889,0.403225806452,0.508771929825,0.5,0.517857142857,0.465517241379,0.455882352941,0.511111111111,0.466666666667,0.394736842105,0.475,0.5,0.508771929825,0.625,0.6,0.588235294118,0.54347826087,0.511627906977,0.43137254902,0.452830188679,0.461538461538,0.537037037037,0.672131147541,0.586956521739,0.481481481481,0.387755102041,0.534246575342,0.557692307692,0.482142857143,0.527272727273,0.509433962264,0.545454545455,0.468085106383,0.468085106383,0.631578947368,0.708333333333,0.511111111111,0.521739130435,0.432432432432,0.333333333333,0.585365853659,0.586206896552,0.545454545455,0.557142857143,0.566037735849,0.566666666667,0.6,0.411764705882,0.5,0.622641509434,0.571428571429,0.431818181818,0.53488372093,0.5,0.55223880597,0.521739130435,0.490909090909,0.490196078431,0.390243902439,0.462962962963,0.545454545455,0.595744680851,0.52,0.54347826087,0.416666666667,0.478260869565,0.606557377049,0.567164179104,0.48275862069,0.428571428571,0.64,0.469387755102,0.6,0.558823529412,0.575757575758,0.590163934426,0.547619047619,0.385964912281,0.510204081633,0.403846153846,0.5,0.467741935484,0.479166666667,0.446808510638,0.517857142857,0.463768115942,0.509090909091,0.391304347826,0.557692307692,0.588235294118,0.604166666667,0.552631578947,0.56862745098,0.44262295082,0.388888888889,0.519230769231,0.633333333333,0.604166666667,0.53488372093,0.545454545455,0.535714285714,0.538461538462,0.507936507937,0.540983606557,0.540983606557,0.605633802817,0.461538461538,0.510638297872,0.383333333333,0.440677966102,0.53488372093,0.511627906977,0.442307692308,0.574468085106,0.559322033898,0.568181818182,0.510638297872,0.442307692308,0.52,0.533333333333,0.481481481481,0.555555555556,0.492537313433,0.541666666667,0.537037037037,0.45,0.574468085106,0.589285714286,0.433962264151,0.622641509434,0.558139534884,0.421052631579,0.617021276596,0.56862745098,0.509090909091,0.546875,0.379310344828,0.64406779661,0.622222222222,0.5,0.461538461538,0.425,0.522388059701,0.647058823529,0.425925925926,0.434782608696,0.512195121951,0.470588235294,0.636363636364,0.462962962963,0.526315789474,0.6,0.444444444444,0.418181818182,0.508771929825,0.457627118644,0.575,0.431818181818,0.63829787234,0.488372093023,0.547619047619,0.512820512821,0.658536585366,0.52,0.472222222222,0.52380952381,0.392156862745,0.575,0.423728813559,0.466666666667,0.464285714286,0.511627906977,0.466666666667,0.470588235294,0.553571428571,0.45652173913,0.5,0.48275862069,0.475,0.645161290323,0.529411764706,0.544117647059,0.551020408163,0.396226415094,0.421875,0.428571428571,0.466666666667,0.423728813559,0.533333333333,0.404255319149,0.543859649123,0.607142857143,0.62,0.614035087719,0.370967741935,0.463768115942,0.558139534884,0.54,0.564516129032,0.444444444444,0.541666666667,0.444444444444,0.603773584906,0.368421052632,0.560975609756,0.490196078431,0.535211267606,0.545454545455,0.58,0.485294117647,0.4,0.53125,0.569230769231,0.62,0.584905660377,0.484848484848,0.551020408163,0.507936507937,0.559322033898,0.56862745098,0.566037735849,0.511111111111,0.38,0.5,0.5,0.576923076923,0.424242424242,0.363636363636,0.416666666667,0.523076923077,0.59375,0.390243902439,0.52380952381,0.413793103448,0.363636363636,0.414634146341,0.472222222222,0.413043478261,0.486486486486,0.365384615385,0.365079365079,0.422222222222,0.586206896552,0.690909090909,0.666666666667,0.5,0.452380952381,0.314285714286,0.448275862069,0.5,0.425,0.571428571429,0.547169811321,0.510204081633,0.571428571429,0.288461538462,0.489795918367,0.527777777778,0.533333333333,0.612244897959,0.56,0.44776119403,0.5,0.52380952381,0.53488372093,0.480769230769,0.5,0.551724137931,0.5,0.479166666667,0.555555555556,0.536585365854,0.391304347826,0.508474576271,0.342857142857,0.454545454545,0.404761904762,0.48275862069,0.519230769231,0.355555555556,0.465517241379,0.555555555556,0.5,0.507462686567,0.666666666667,0.547619047619,0.5625,0.574468085106,0.584615384615,0.481481481481,0.463414634146,0.428571428571,0.595238095238,0.463414634146,0.355555555556,0.409090909091,0.595744680851,0.51724137931,0.409090909091,0.461538461538,0.659090909091,0.525423728814,0.6875,0.5,0.459459459459,0.547169811321,0.615384615385,0.425925925926,0.533333333333,0.55,0.59649122807,0.357142857143,0.488372093023,0.44,0.514285714286,0.58,0.416666666667,0.46,0.537037037037,0.479166666667,0.516129032258,0.459459459459,0.471698113208,0.578947368421,0.530612244898,0.557692307692,0.617021276596,0.468085106383,0.473684210526,0.432432432432,0.466666666667,0.551020408163,0.518518518519,0.413043478261,0.489361702128,0.515151515152,0.395833333333,0.386363636364,0.411764705882,0.461538461538,0.5,0.413043478261,0.5,0.471698113208,0.549019607843,0.594594594595,0.473684210526,0.48,0.4,0.605263157895,0.473684210526,0.409836065574,0.519230769231,0.411764705882,0.609756097561,0.491228070175,0.571428571429,0.545454545455,0.574468085106,0.450980392157,0.44262295082,0.617021276596,0.521739130435,0.436363636364,0.51724137931,0.445945945946,0.489795918367,0.574468085106,0.488372093023,0.574468085106,0.463414634146,0.577777777778,0.390243902439,0.485714285714,0.606557377049,0.477272727273,0.451612903226,0.585365853659,0.557692307692,0.333333333333,0.446808510638,0.411764705882,0.459459459459,0.545454545455,0.422222222222,0.551724137931,0.375,0.586666666667,0.610169491525,0.389830508475,0.421052631579,0.609756097561,0.578947368421,0.458333333333,0.5,0.46511627907,0.528301886792,0.459459459459,0.471698113208,0.509803921569,0.454545454545,0.486486486486,0.457142857143,0.634615384615,0.414634146341,0.490196078431,0.446428571429,0.410714285714,0.537037037037,0.418181818182,0.352941176471,0.5,0.452830188679,0.472222222222,0.596153846154,0.407407407407,0.512195121951,0.533333333333,0.488888888889,0.5,0.46511627907,0.5,0.607142857143,0.466666666667,0.513513513514,0.454545454545,0.538461538462,0.59375,0.406779661017,0.5625,0.446808510638,0.511627906977,0.457142857143,0.489795918367,0.621621621622,0.387755102041,0.46,0.530612244898,0.457142857143,0.581818181818,0.547619047619,0.447368421053,0.424242424242,0.578947368421,0.571428571429,0.257142857143,0.5,0.509090909091,0.517857142857,0.55,0.413793103448,0.488372093023,0.490566037736,0.254545454545,0.581395348837,0.475,0.533333333333,0.435897435897,0.47619047619,0.425925925926,0.557692307692,0.6,0.5,0.5,0.5,0.541666666667,0.526315789474,0.421052631579,0.578947368421,0.571428571429,0.41935483871,0.574074074074,0.357142857143,0.451612903226,0.5,0.384615384615,0.375,0.611111111111,0.377358490566,0.404761904762,0.586206896552,0.4375,0.521739130435,0.463414634146,0.390243902439,0.28125,0.520833333333,0.528301886792,0.457627118644,0.366666666667,0.45652173913,0.452380952381,0.413043478261,0.513888888889,0.448979591837,0.485714285714,0.403846153846,0.5,0.5625,0.448979591837,0.295454545455,0.5,0.561403508772,0.413043478261,0.591836734694,0.446808510638,0.459459459459,0.435897435897,0.541666666667,0.515151515152,0.447368421053,0.536585365854,0.3125,0.365384615385,0.444444444444,0.583333333333,0.565217391304,0.577777777778,0.333333333333,0.528571428571,0.341463414634,0.382978723404,0.5,0.5,0.474576271186,0.525,0.470588235294,0.470588235294,0.553571428571,0.52380952381,0.441176470588,0.358490566038,0.473684210526,0.403225806452,0.46511627907,0.574468085106,0.619047619048,0.432432432432,0.568181818182,0.47619047619,0.404255319149,0.56,0.568181818182,0.482142857143,0.515151515152,0.472222222222,0.461538461538,0.490566037736,0.421052631579,0.441860465116,0.444444444444,0.590909090909,0.577777777778,0.5,0.545454545455,0.59649122807,0.436363636364,0.428571428571,0.632653061224,0.62962962963,0.515151515152,0.434782608696,0.433333333333,0.53125,0.606060606061,0.666666666667,0.588235294118,0.321428571429,0.3125,0.439024390244,0.518518518519,0.585365853659,0.58,0.452830188679,0.436363636364,0.464285714286,0.4,0.571428571429,0.456140350877,0.382352941176,0.611111111111,0.576923076923,0.5,0.642857142857,0.627906976744,0.551724137931,0.55,0.48,0.46,0.423076923077,0.543859649123,0.511111111111,0.45,0.525,0.52,0.527777777778,0.542857142857,0.465517241379,0.391304347826,0.5,0.425,0.522727272727,0.473684210526,0.529411764706,0.541666666667,0.483870967742,0.441176470588,0.413793103448,0.447368421053,0.510638297872,0.65,0.465517241379,0.446808510638,0.358490566038,0.425531914894,0.488888888889,0.542857142857,0.857142857143,0.446808510638,0.413043478261,0.481481481481,0.533333333333,0.581818181818,0.536585365854,0.585365853659,0.333333333333,0.466666666667,0.511627906977,0.489795918367,0.52380952381,0.577777777778,0.516666666667,0.543859649123,0.435897435897,0.384615384615,0.357142857143,0.54,0.452380952381,0.56862745098,0.446428571429,0.45652173913,0.608695652174,0.666666666667,0.490566037736,0.444444444444,0.5,0.622222222222,0.542857142857,0.608695652174,0.577777777778,0.489795918367,0.571428571429,0.483870967742,0.484848484848,0.513513513514,0.464285714286,0.5,0.34375,0.697674418605,0.454545454545,0.421052631579,0.344827586207,0.555555555556,0.521739130435,0.421052631579,0.5,0.518518518519,0.452380952381,0.447368421053,0.468085106383,0.375,0.655172413793,0.489795918367,0.490566037736,0.472222222222,0.464285714286,0.45,0.423076923077,0.403846153846,0.622222222222,0.391304347826,0.428571428571,0.363636363636,0.382978723404,0.448275862069,0.5625,0.490196078431,0.510204081633,0.511627906977,0.553191489362,0.589743589744,0.342105263158,0.451612903226,0.488888888889,0.421052631579,0.511627906977,0.513513513514,0.4375,0.566666666667,0.470588235294,0.522727272727,0.6,0.512195121951,0.529411764706,0.46,0.342105263158,0.384615384615,0.5,0.475,0.555555555556,0.567567567568,0.675,0.54,0.441860465116,0.525,0.35,0.5,0.486486486486,0.483333333333,0.619047619048,0.516666666667,0.411764705882,0.4375,0.559322033898,0.553191489362,0.484848484848,0.40350877193,0.526315789474,0.5625,0.413793103448,0.444444444444,0.4375,0.537037037037,0.588235294118,0.72,0.326923076923,0.423076923077,0.436363636364,0.5,0.456140350877,0.531914893617,0.391304347826,0.488372093023,0.55,0.695652173913,0.485714285714,0.629032258065,0.560975609756,0.411764705882,0.530612244898,0.593220338983,0.472222222222,0.458333333333,0.466666666667,0.512820512821,0.436363636364,0.659090909091,0.387096774194,0.571428571429,0.6,0.522727272727,0.454545454545,0.688888888889,0.536585365854,0.574468085106,0.363636363636,0.592592592593,0.545454545455,0.508196721311,0.534482758621,0.617647058824,0.450980392157,0.547619047619,0.589743589744,0.477272727273,0.382978723404,0.42,0.625,0.510638297872,0.473684210526,0.472727272727,0.557692307692,0.54,0.526315789474,0.5,0.622222222222,0.5,0.444444444444,0.615384615385,0.387755102041,0.531914893617,0.558139534884,0.428571428571,0.586956521739,0.563636363636,0.560975609756,0.48275862069,0.542857142857,0.488372093023,0.594594594595,0.692307692308,0.444444444444,0.4,0.472727272727,0.625,0.58064516129,0.54347826087,0.395348837209,0.674418604651,0.47619047619,0.56862745098,0.478260869565,0.489795918367,0.613636363636,0.529411764706,0.5,0.477272727273,0.431818181818,0.717391304348,0.512820512821,0.7,0.488888888889,0.618181818182,0.487179487179,0.508771929825,0.431818181818,0.512820512821,0.512195121951,0.54347826087,0.446808510638,0.592592592593,0.571428571429,0.594594594595,0.555555555556,0.47619047619,0.416666666667,0.365853658537,0.521126760563,0.534482758621,0.525423728814,0.56,0.507936507937,0.454545454545,0.489361702128,0.520833333333,0.581818181818,0.358490566038,0.483870967742,0.461538461538,0.4,0.740740740741,0.416666666667,0.6,0.446428571429,0.533333333333,0.555555555556,0.425,0.5,0.585365853659,0.52,0.444444444444,0.5,0.5,0.492307692308,0.577777777778,0.537037037037,0.578947368421,0.586206896552,0.510204081633,0.365853658537,0.384615384615,0.375,0.439024390244,0.509803921569,0.518518518519,0.508474576271,0.444444444444,0.630434782609,0.573770491803,0.405405405405,0.611111111111,0.568181818182,0.478260869565,0.522727272727,0.5,0.333333333333,0.534482758621,0.479166666667,0.47619047619,0.456140350877,0.517857142857,0.489361702128,0.6,0.567567567568,0.450980392157,0.647058823529,0.527777777778,0.666666666667,0.551020408163,0.459459459459,0.468085106383,0.435897435897,0.490909090909,0.551724137931,0.433333333333,0.555555555556,0.5,0.575,0.468085106383,0.465517241379,0.560975609756,0.414634146341,0.470588235294,0.565217391304,0.366666666667,0.53488372093,0.428571428571,0.432432432432,0.574468085106,0.444444444444,0.540540540541,0.382978723404,0.5625,0.587301587302,0.446428571429,0.566037735849,0.611111111111,0.607843137255,0.586956521739,0.541666666667,0.5,0.625,0.58,0.483333333333,0.391304347826,0.585365853659,0.617647058824,0.6,0.516666666667,0.428571428571,0.55,0.509090909091,0.47619047619,0.619047619048,0.459016393443,0.4,0.571428571429,0.543859649123,0.532258064516,0.458333333333,0.45652173913,0.533333333333,0.410714285714,0.6,0.418604651163,0.472727272727,0.525423728814,0.482142857143,0.526315789474,0.446153846154,0.53125,0.5,0.459459459459,0.517857142857,0.453125,0.558139534884,0.365384615385,0.527272727273,0.534482758621,0.453125,0.68,0.824561403509,0.5,0.411764705882,0.590909090909,0.377777777778,0.517857142857,0.588235294118,0.594594594595,0.6,0.411764705882,0.528301886792,0.530612244898,0.489361702128,0.492063492063,0.4375,0.482142857143,0.377777777778,0.422222222222,0.688524590164,0.442307692308,0.5,0.431034482759,0.484375,0.480769230769,0.393939393939,0.609756097561,0.483870967742,0.536585365854,0.619047619048,0.521739130435,0.709677419355,0.471698113208,0.617021276596,0.568965517241,0.425,0.526315789474,0.425925925926,0.575,0.521739130435,0.54347826087,0.446808510638,0.46875,0.66,0.404255319149,0.357142857143,0.56862745098,0.428571428571,0.482142857143,0.771428571429,0.568181818182,0.509433962264,0.509803921569,0.59375,0.46,0.380952380952,0.387755102041,0.40350877193,0.666666666667,0.451612903226,0.46875,0.630434782609,0.489361702128,0.395348837209,0.542857142857,0.645161290323,0.491228070175,0.571428571429,0.529411764706,0.477272727273,0.55,0.48,0.645161290323,0.537037037037,0.555555555556,0.538461538462,0.576271186441,0.560606060606,0.516129032258,0.485714285714,0.571428571429,0.466666666667,0.509090909091,0.586206896552,0.558139534884,0.452380952381,0.484848484848,0.486486486486,0.526315789474,0.636363636364,0.5,0.434782608696,0.529411764706,0.42,0.472222222222,0.46,0.479166666667,0.354166666667,0.51724137931,0.461538461538,0.486486486486,0.490566037736,0.434782608696,0.553191489362,0.410256410256,0.641025641026,0.543859649123,0.658536585366,0.425,0.564102564103,0.521739130435,0.5,0.423076923077,0.589743589744,0.54347826087,0.40625,0.529411764706,0.531914893617,0.547619047619,0.577777777778,0.469387755102,0.5,0.590163934426,0.357142857143,0.47619047619,0.520833333333,0.431818181818,0.581395348837,0.466666666667,0.391304347826,0.418604651163,0.459459459459,0.533333333333,0.518518518519,0.472222222222,0.404255319149,0.459459459459,0.549019607843,0.489795918367,0.323529411765,0.475,0.461538461538,0.473684210526,0.422222222222,0.428571428571,0.609756097561,0.351351351351,0.487804878049,0.516666666667,0.518518518519,0.454545454545,0.5,0.622222222222,0.507936507937,0.489361702128,0.415094339623,0.5,0.448275862069,0.510204081633,0.55,0.5,0.468085106383,0.472727272727,0.666666666667,0.586956521739,0.55,0.5,0.509090909091,0.478260869565,0.593220338983,0.54347826087,0.575757575758,0.5,0.525423728814,0.444444444444,0.387755102041,0.516666666667,0.5625,0.297872340426,0.47619047619,0.489795918367,0.527777777778,0.425925925926,0.476923076923,0.540540540541,0.446428571429,0.617647058824,0.603448275862,0.431034482759,0.551724137931,0.40625,0.491803278689,0.508771929825,0.48275862069,0.479166666667,0.488888888889,0.51724137931,0.472727272727,0.525423728814,0.465517241379,0.58064516129,0.652173913043,0.659090909091,0.408163265306,0.5,0.285714285714,0.436363636364,0.45,0.537037037037,0.48275862069,0.5,0.4375,0.447368421053,0.527272727273,0.577777777778,0.547169811321,0.54347826087,0.532258064516,0.510638297872,0.3125,0.553191489362,0.510638297872,0.35,0.423076923077,0.565217391304,0.509803921569,0.508771929825,0.509803921569,0.657142857143,0.65306122449,0.4,0.526315789474,0.333333333333,0.521739130435,0.384615384615,0.426229508197,0.547619047619,0.38,0.5,0.461538461538,0.5,0.58,0.510638297872,0.538461538462,0.476923076923,0.526315789474,0.487179487179,0.46511627907,0.583333333333,0.479166666667,0.385964912281,0.509090909091,0.689655172414,0.551724137931,0.447368421053,0.526315789474,0.488888888889,0.488372093023,0.666666666667,0.470588235294,0.510204081633,0.521739130435,0.567567567568,0.411764705882,0.470588235294,0.457627118644,0.425,0.458333333333,0.425531914894,0.542857142857,0.425531914894,0.416666666667,0.4,0.43137254902,0.583333333333,0.425,0.575,0.490566037736,0.75,1.0,0.557692307692,0.787878787879,0.35,0.24,0.475073313783,0.255319148936,0.227848101266,0.128205128205,0.160377358491,0.132231404959,0.405405405405,0.58064516129,0.45652173913,0.450980392157,0.492307692308,0.425531914894,0.333333333333,0.617021276596,0.477272727273,0.358974358974,0.541666666667,0.489795918367,0.411764705882,0.425531914894,0.5,0.425531914894,0.448979591837,0.395348837209,0.361111111111,0.382978723404,0.386363636364,0.488888888889,0.379310344828,0.561403508772,0.660714285714,0.685185185185,0.515625,0.5,0.475,0.461538461538,0.583333333333,0.58,0.485714285714,0.538461538462,0.464285714286,0.518518518519,0.56,0.5,0.536585365854,0.537037037037,0.54,0.511111111111,0.555555555556,0.458333333333,0.581818181818,0.549019607843,0.48275862069,0.535714285714,0.62,0.348484848485,0.46875,0.536231884058,0.54,0.461538461538,0.380952380952,0.490909090909,0.569230769231,0.450980392157,0.574468085106,0.458333333333,0.418604651163,0.521739130435,0.533333333333,0.533333333333,0.450980392157,0.540540540541,0.479166666667,0.4,0.509433962264,0.484848484848,0.526315789474,0.574074074074,0.558139534884,0.516666666667,0.466666666667,0.426229508197,0.545454545455,0.5625,0.379310344828,0.454545454545,0.45652173913,0.542372881356,0.475409836066,0.457142857143,0.575,0.59649122807,0.526315789474,0.55,0.612903225806,0.492957746479,0.457627118644,0.5,0.574468085106,0.514285714286,0.461538461538,0.472222222222,0.531914893617,0.532258064516,0.392156862745,0.54,0.54347826087,0.472727272727,0.586956521739,0.547169811321,0.480769230769,0.444444444444,0.472222222222,0.545454545455,0.5625,0.738095238095,0.645161290323,0.56862745098,0.5,0.466666666667,0.547169811321,0.333333333333,0.441860465116,0.409090909091,0.44262295082,0.575757575758,0.565217391304,0.428571428571,0.405405405405,0.444444444444,0.487804878049,0.414634146341,0.452380952381,0.479166666667,0.555555555556,0.574074074074,0.492753623188,0.652173913043,0.647058823529,0.555555555556,0.514285714286,0.388059701493,0.5,0.54347826087,0.539682539683,0.538461538462,0.615384615385,0.413793103448,0.54347826087,0.567567567568,0.634146341463,0.382352941176,0.583333333333,0.479166666667,0.59649122807,0.553846153846,0.448979591837,0.474576271186,0.666666666667,0.508771929825,0.511111111111,0.36,0.472222222222,0.4375,0.567567567568,0.475,0.461538461538,0.473684210526,0.404255319149,0.625,0.58,0.525,0.634146341463,0.553191489362,0.520833333333,0.487804878049,0.422222222222,0.481481481481,0.571428571429,0.441860465116,0.5,0.528301886792,0.541666666667,0.463414634146,0.586956521739,0.644444444444,0.469387755102,0.528301886792,0.5,0.522727272727,0.557692307692,0.549019607843,0.568181818182,0.575,0.551020408163,0.571428571429,0.4,0.609756097561,0.596153846154,0.473684210526,0.456140350877,0.490566037736,0.525,0.5,0.354166666667,0.483870967742,0.53125,0.441860465116,0.511111111111,0.545454545455,0.578947368421,0.565217391304,0.43137254902,0.52380952381,0.45,0.595238095238,0.46875,0.448979591837,0.6,0.4375,0.421052631579,0.606060606061,0.611111111111,0.584905660377,0.714285714286,0.716981132075,0.5,0.633333333333,0.551020408163,0.511111111111,0.487179487179,0.577777777778,0.471698113208,0.461538461538,0.516666666667,0.490566037736,0.473684210526,0.340425531915,0.378378378378,0.5,0.485294117647,0.6,0.444444444444,0.448275862069,0.74,0.58064516129,0.348837209302,0.5,0.516666666667,0.360655737705,0.528301886792,0.285714285714,0.339622641509,0.619047619048,0.578947368421,0.546875,0.472727272727,0.528571428571,0.375,0.55,0.512820512821,0.452380952381,0.409090909091,0.391304347826,0.574074074074,0.431034482759,0.409090909091,0.30612244898,0.555555555556,0.564102564103,0.537313432836,0.595238095238,0.5,0.567567567568,0.466666666667,0.428571428571,0.514285714286,0.595238095238,0.551020408163,0.44,0.547169811321,0.292682926829,0.378378378378,0.466666666667,0.512820512821,0.487804878049,0.487179487179,0.606060606061,0.5,0.457142857143,0.526315789474,0.657142857143,0.439024390244,0.366666666667,0.47619047619,0.571428571429,0.545454545455,0.51724137931,0.367346938776,0.42,0.481481481481,0.463414634146,0.560975609756,0.512820512821,0.489795918367,0.418604651163,0.470588235294,0.531914893617,0.471698113208,0.389830508475,0.509803921569,0.469387755102,0.5,0.509090909091,0.519230769231,0.447368421053,0.48,0.444444444444,0.5,0.447368421053,0.55,0.4,0.44262295082,0.375,0.426229508197,0.487179487179,0.470588235294,0.488372093023,0.488888888889,0.355555555556,0.533333333333,0.454545454545,0.633333333333,0.704545454545,0.454545454545,0.533333333333,0.591836734694,0.612244897959,0.560975609756,0.46875,0.257142857143,0.414634146341,0.486486486486,0.473684210526,0.537037037037,0.489361702128,0.45652173913,0.695652173913,0.473684210526,0.418181818182,0.519230769231,0.478260869565,0.477272727273,0.442307692308,0.346153846154,0.47619047619,0.4375,0.395833333333,0.463414634146,0.536585365854,0.574468085106,0.447368421053,0.542372881356,0.517857142857,0.531914893617,0.53125,0.52380952381,0.5,0.64,0.511111111111,0.561403508772,0.423076923077,0.527272727273,0.541666666667,0.536585365854,0.536585365854,0.551020408163,0.567567567568,0.5,0.359375,0.426229508197,0.594594594595,0.542857142857,0.450980392157,0.458333333333,0.34375,0.479166666667,0.405405405405,0.526315789474,0.545454545455,0.464285714286,0.695652173913,0.636363636364,0.527777777778,0.325,0.516666666667,0.487804878049,0.58,0.433962264151,0.536585365854,0.513513513514,0.673469387755,0.529411764706,0.529411764706,0.509090909091,0.458333333333,0.461538461538,0.558139534884,0.5,0.571428571429,0.482142857143,0.540983606557,0.56,0.647058823529,0.592592592593,0.528571428571,0.525423728814,0.516666666667,0.333333333333,0.585365853659,0.586206896552,0.472727272727,0.526315789474,0.484375,0.46875,0.456140350877,0.561403508772,0.509433962264,0.483333333333,0.463414634146,0.5,0.55,0.690909090909,0.541666666667,0.573770491803,0.634146341463,1.0,0.53125,0.509433962264,0.4,0.47619047619,0.482142857143,0.53488372093,0.438596491228,0.414634146341,0.545454545455,0.582089552239,0.586956521739,0.631578947368,0.537037037037,0.529411764706,0.5,0.651162790698,0.621621621622,0.431818181818,0.546875,0.530303030303,0.606557377049,0.66,0.475409836066,0.625,0.394736842105,0.428571428571,0.448275862069,0.545454545455,0.404761904762,0.426229508197,0.519230769231,0.545454545455,0.568965517241,0.48,0.447368421053,0.588235294118,0.53488372093,0.508474576271,0.507462686567,0.557692307692,0.446428571429,0.490566037736,0.571428571429,0.576923076923,0.472222222222,0.387096774194,0.551724137931,0.493975903614,0.488372093023,0.525,0.530612244898,0.509803921569,0.571428571429,0.627450980392,0.574468085106,0.435897435897,0.420289855072,0.545454545455,0.433962264151,0.404255319149,0.681818181818,0.492063492063,0.436363636364,0.387755102041,0.545454545455,0.6,0.672131147541,0.672727272727,0.483870967742,0.467741935484,0.565217391304,0.507936507937,0.465517241379,0.368421052632,0.481481481481,0.615384615385,0.528301886792,0.52380952381,0.593220338983,0.43137254902,0.48275862069,0.470588235294,0.547169811321,0.5,0.539682539683,0.440677966102,0.612244897959,0.430769230769,0.440677966102,0.507246376812,0.5,0.351851851852,0.407407407407,0.487804878049,0.508196721311,0.456140350877,0.490566037736,0.507042253521,0.511627906977,0.489361702128,0.403846153846,0.555555555556,0.509803921569,0.475,0.533333333333,0.529411764706,0.655172413793,0.63829787234,0.409836065574,0.461538461538,0.582089552239,0.475409836066,0.545454545455,0.584905660377,0.425531914894,0.586956521739,0.607843137255,0.4,0.545454545455,0.588235294118,0.518518518519,0.375,0.5,0.387755102041,0.462962962963,0.571428571429,0.477272727273,0.525423728814,0.462686567164,0.428571428571,0.491228070175,0.487179487179,0.68085106383,0.542372881356,0.553191489362,0.40625,0.618181818182,0.471698113208,0.483870967742,0.584905660377,0.382978723404,0.508196721311,0.490196078431,0.460317460317,0.52380952381,0.603448275862,0.428571428571,0.471698113208,0.490909090909,0.534482758621,0.446808510638,0.355555555556,0.553191489362,0.347826086957,0.571428571429,0.387755102041,0.549019607843,0.25,0.439024390244,0.425,0.541666666667,0.45652173913,0.442307692308,0.418181818182,0.77358490566,0.612903225806,0.615384615385,0.48275862069,0.446808510638,0.363636363636,0.611111111111,0.422222222222,0.488372093023,0.487179487179,0.408163265306,0.553846153846,0.508196721311,0.489795918367,0.564516129032,0.610169491525,0.625,0.555555555556,0.555555555556,0.589743589744,0.512820512821,0.577777777778,0.5,0.5,0.520833333333,0.340909090909,0.395348837209,0.369565217391,0.325581395349,0.436363636364,0.468085106383,0.565217391304,0.521739130435,0.608695652174,0.611111111111,0.761904761905,0.622222222222,0.46511627907,0.47619047619,0.444444444444,0.454545454545,0.358974358974,0.452380952381,0.512195121951,0.545454545455,0.533333333333,0.42,0.481481481481,0.564516129032,0.525641025641,0.367346938776,0.309523809524,0.553571428571,0.372549019608,0.403846153846,0.536585365854,0.52,0.469387755102,0.452054794521,0.584905660377,0.581818181818,0.461538461538,0.621621621622,0.522727272727,0.481481481481,0.392156862745,0.527272727273,0.4,0.428571428571,0.489795918367,0.53488372093,0.568181818182,0.422222222222,0.466666666667,0.630434782609,0.52380952381,0.512195121951,0.508771929825,0.508771929825,0.630434782609,0.527272727273,0.5,0.54347826087,0.45652173913,0.460317460317,0.46511627907,0.552631578947,0.530303030303,0.545454545455,0.473684210526,0.5,0.576271186441,0.384615384615,0.595744680851,0.368421052632,0.439024390244,0.588235294118,0.40625,0.489361702128,0.454545454545,0.444444444444,0.438596491228,0.444444444444,0.458333333333,0.475409836066,0.452830188679,0.559322033898,0.375,0.34375,0.604166666667,0.553191489362,0.627450980392,0.447368421053,0.660377358491,0.469387755102,0.327272727273,0.404255319149,0.5,0.441176470588,0.380952380952,0.543859649123,0.436363636364,0.576923076923,0.490566037736,0.491803278689,0.469387755102,0.51724137931,0.461538461538,0.435897435897,0.409090909091,0.387755102041,0.35,0.589285714286,0.581818181818,0.52,0.46511627907,0.404255319149,0.518518518519,0.622222222222,0.511111111111,0.448979591837,0.571428571429,0.52,0.546875,0.533333333333,0.51724137931,0.511111111111,0.458333333333,0.434782608696,0.424242424242,0.611111111111,0.538461538462,0.4375,0.333333333333,0.540983606557,0.470588235294,0.585365853659,0.571428571429,0.488888888889,0.512195121951,0.5,0.418181818182,0.451612903226,0.428571428571,0.538461538462,0.551020408163,0.48,0.34,0.6,0.481481481481,0.425925925926,0.428571428571,0.5,0.632653061224,0.577777777778,0.521739130435,0.552631578947,0.549019607843,0.513513513514,0.6,0.518518518519,0.450980392157,0.596774193548,0.534246575342,0.422222222222,0.438596491228,0.589285714286,0.393442622951,0.355555555556,0.461538461538,0.414634146341,0.571428571429,0.446808510638,0.487179487179,0.488888888889,0.533333333333,0.43137254902,0.428571428571,0.333333333333,0.509803921569,0.543859649123,0.53488372093,0.5,0.553191489362,0.457627118644,0.512195121951,0.539682539683,0.438596491228,0.425925925926,0.470588235294,0.509433962264,0.428571428571,0.448275862069,0.518518518519,0.576923076923,0.46,0.585365853659,0.432432432432,0.627450980392,0.511627906977,0.589743589744,0.571428571429,0.531914893617,0.390243902439,0.588235294118,0.517857142857,0.538461538462,0.537037037037,0.40350877193,0.42,0.473684210526,0.645833333333,0.5,0.388059701493,0.485714285714,0.52,0.350877192982,0.4375,0.480769230769,0.547619047619,0.563636363636,0.536585365854,0.326530612245,0.491525423729,0.55,0.514705882353,0.410714285714,0.489361702128,0.6,0.461538461538,0.52,0.492537313433,0.456140350877,0.477272727273,0.45,0.555555555556,0.591836734694,0.490566037736,0.551020408163,0.536585365854,0.652173913043,0.5,0.625,0.566037735849,0.549019607843,0.416666666667,0.5,0.461538461538,0.567567567568,0.5,0.433962264151,0.627450980392,0.486486486486,0.509433962264,0.5,0.408163265306,0.5,0.577777777778,0.409090909091,0.415094339623,0.591836734694,0.487179487179,0.51724137931,0.545454545455,0.422222222222,0.462686567164,0.574074074074,0.421052631579,0.448979591837,0.392156862745,0.48275862069,0.457627118644,0.571428571429,0.43137254902,0.46,0.509090909091,0.458333333333,0.433333333333,0.490909090909,0.607843137255,0.566666666667,0.377049180328,0.543859649123,0.647058823529,0.395348837209,0.618181818182,0.473684210526,0.507042253521,0.490909090909,0.471698113208,0.478873239437,0.473684210526,0.1875,0.555555555556,0.480769230769,0.52,0.543859649123,0.5,0.430555555556,0.490909090909,0.583333333333,0.492063492063,0.3,0.408163265306,0.379310344828,0.511627906977,0.457627118644,0.487804878049,0.377358490566,0.44,0.576923076923,0.617647058824,0.518518518519,0.45,0.561403508772,0.441860465116,0.564516129032,0.517857142857,0.619047619048,0.531914893617,0.666666666667,0.462962962963,0.469387755102,0.462962962963,0.543859649123,0.5,0.384615384615,0.469387755102,0.405405405405,0.478260869565,0.351351351351,0.412698412698,0.581395348837,0.450704225352,0.4,0.444444444444,0.525,0.482142857143,0.384615384615,0.431818181818,0.511111111111,0.547169811321,0.66,0.489361702128,0.468085106383,0.509433962264,0.558823529412,0.517857142857,0.545454545455,0.446428571429,0.525423728814,0.529411764706,0.405405405405,0.451612903226,0.527777777778,0.473684210526,0.515151515152,0.514285714286,0.512820512821,0.5,0.488372093023,0.45652173913,0.441176470588,0.549295774648,0.422222222222,0.473684210526,0.5,0.520833333333,0.52,0.452830188679,0.471698113208,0.307692307692,0.481481481481,0.25,0.642857142857,0.585365853659,0.634615384615,0.513513513514,0.533333333333,0.488372093023,0.404255319149,0.659574468085,0.532258064516,0.566037735849,0.452830188679,0.64,0.614035087719,0.5,0.446428571429,0.36170212766,0.489361702128,0.444444444444,0.604651162791,0.522727272727,0.510638297872,0.563636363636,0.541666666667,0.52,0.533333333333,0.5,0.564102564103,0.586206896552,0.485294117647,0.396226415094,0.422222222222,0.454545454545,0.411764705882,0.704545454545,0.526315789474,0.47619047619,0.381818181818,0.527272727273,0.461538461538,0.549019607843,0.616666666667,0.641509433962,0.519230769231,0.470588235294,0.518518518519,0.591836734694,0.487179487179,0.6,0.395348837209,0.54347826087,0.53125,0.511627906977,0.566666666667,0.452380952381,0.608695652174,0.52,0.513513513514,0.387096774194,0.418181818182,0.470588235294,0.540983606557,0.435897435897,0.458333333333,0.75,0.54,0.446808510638,0.478260869565,0.5,0.448979591837,0.555555555556,0.509090909091,0.469387755102,0.422222222222,0.5,0.51724137931,0.559322033898,0.52380952381,0.519230769231,0.510638297872,0.414634146341,0.413043478261,0.411764705882,0.63829787234,0.552631578947,0.628571428571,0.463414634146,0.491525423729,0.454545454545,0.574074074074,0.538461538462,0.483870967742,0.490196078431,0.516129032258,0.522727272727,0.363636363636,0.522727272727,0.520833333333,0.480769230769,0.442307692308,0.35,0.588235294118,0.405405405405,0.537037037037,0.425531914894,0.458333333333,0.414634146341,0.351351351351,0.545454545455,0.5,0.583333333333,0.45,0.576923076923,0.441176470588,0.536231884058,0.527272727273,0.518518518519,0.5,0.547169811321,0.541666666667,0.527777777778,0.486486486486,0.54347826087,0.46511627907,0.533333333333,0.512820512821,0.4375,0.44,0.454545454545,0.6,0.473684210526,0.571428571429,0.59375,0.452380952381,0.594594594595,0.478260869565,0.46,0.462962962963,0.285714285714,0.408163265306,0.408163265306,0.4,0.472222222222,0.48,0.405405405405,0.448979591837,0.439393939394,0.469696969697,0.47619047619,0.461538461538,0.561403508772,0.512820512821,0.514705882353,0.5,0.574468085106,0.433333333333,0.553191489362,0.545454545455,0.595238095238,0.396226415094,0.404255319149,0.538461538462,0.591836734694,0.512195121951,0.590909090909,0.53488372093,0.607142857143,0.514285714286,0.45,0.5625,0.597014925373,0.491525423729,0.333333333333,0.488372093023,0.333333333333,0.521739130435,0.464285714286,0.46511627907,0.464285714286,0.5,0.459459459459,0.425,0.42,0.581395348837,0.466666666667,0.489361702128,0.327272727273,0.619047619048,0.5,0.483870967742,0.622641509434,0.469387755102,0.551020408163,0.535714285714,0.52380952381,0.583333333333,0.555555555556,0.46875,0.490566037736,0.41935483871,0.477272727273,0.441860465116,0.408163265306,0.537037037037,0.492957746479,0.403225806452,0.518518518519,0.511627906977,0.555555555556,0.564102564103,0.513513513514,0.522727272727,0.441860465116,0.5,0.604166666667,0.697674418605,0.464285714286,0.471698113208,0.526315789474,0.651515151515,0.546875,0.5625,0.488372093023,0.521739130435,0.405405405405,0.439024390244,0.489795918367,0.488372093023,0.297872340426,0.4,0.577777777778,0.487804878049,0.545454545455,0.545454545455,0.470588235294,0.489361702128,0.5,0.571428571429,0.463414634146,0.472222222222,0.466666666667,0.466666666667,0.567567567568,0.525,0.622222222222,0.531914893617,0.487804878049,0.52380952381,0.423076923077,0.521739130435,0.574074074074,0.422222222222,0.45652173913,0.565217391304,0.571428571429,0.411764705882,0.55,0.540540540541,0.6,0.396551724138,0.489361702128,0.4375,0.414634146341,0.42,0.351851851852,0.584905660377,0.581818181818,0.414634146341,0.547169811321,0.418604651163,0.589743589744,0.44,0.481481481481,0.448275862069,0.5,0.454545454545,0.56,0.516129032258,0.666666666667,0.418604651163,0.526315789474,0.54347826087,0.552631578947,0.531914893617,0.548387096774,0.489361702128,0.576923076923,0.418181818182,0.368421052632,0.423076923077,0.5,0.481481481481,0.410714285714,0.519230769231,0.508771929825,0.591836734694,0.642857142857,0.642857142857,0.514285714286,0.415094339623,0.446808510638,0.441860465116,0.5,0.551020408163,0.520833333333,0.442307692308,0.56,0.56,0.5,0.47619047619,0.34693877551,0.464285714286,0.323529411765,0.581818181818,0.551020408163,0.62,0.536585365854,0.333333333333,0.292682926829,0.36170212766,0.392156862745,0.684210526316,0.488888888889,0.583333333333,0.46875,0.377049180328,0.5,0.489361702128,0.538461538462,0.47619047619,0.518518518519,0.549019607843,0.575757575758,0.4,0.653846153846,0.565217391304,0.491228070175,0.603448275862,0.475409836066,0.461538461538,0.451612903226,0.462962962963,0.462962962963,0.540983606557,0.36,0.583333333333,0.462686567164,0.444444444444,0.452830188679,0.448979591837,0.487179487179,0.614035087719,0.5,0.488372093023,0.436363636364,0.433962264151,0.651162790698,0.533333333333,0.514285714286,0.466666666667,0.6,0.473684210526,0.528301886792,0.583333333333,0.586956521739,0.471698113208,0.586956521739,0.488372093023,0.6,0.659090909091,0.511627906977,0.46511627907,0.511627906977,0.421052631579,0.473684210526,0.5,0.52,0.403846153846,0.430769230769,0.58064516129,0.540540540541,0.558139534884,0.526315789474,0.564102564103,0.40350877193,0.622641509434,0.6,0.525,0.470588235294,0.416666666667,0.48,0.446153846154,0.222222222222,0.243243243243,0.585365853659,0.605263157895,0.488888888889,0.479166666667,0.490909090909,0.395833333333,0.365853658537,0.354166666667,0.423076923077,0.43137254902,0.409090909091,0.371428571429,0.531914893617,0.5,0.678571428571,0.675675675676,0.638888888889,0.666666666667,0.657894736842,0.627906976744,0.542857142857,0.631578947368,0.615384615385,0.558823529412,0.621621621622,0.473684210526,0.473684210526,0.515151515152,0.487804878049,0.531914893617,0.520833333333,0.632653061224,0.466666666667,0.567164179104,0.527272727273,0.425531914894,0.54347826087,0.5,0.508771929825,0.461538461538,0.54347826087,0.467741935484,0.574468085106,0.5625,0.386363636364,0.4375,0.470588235294,0.547169811321,0.666666666667,0.56862745098,0.490196078431,0.529411764706,0.568181818182,0.540540540541,0.442307692308,0.405405405405,0.42,0.458333333333,0.442307692308,0.521739130435,0.489795918367,0.458333333333,0.538461538462,0.510204081633,0.614035087719,0.58064516129,0.585714285714,0.491525423729,0.585365853659,0.418604651163,0.636363636364,0.433962264151,0.521739130435,0.563636363636,0.451612903226,0.571428571429,0.442307692308,0.441860465116,0.490196078431,0.527272727273,0.454545454545,0.394736842105,0.651162790698,0.522727272727,0.538461538462,0.5,0.459459459459,0.471698113208,0.54347826087,0.595238095238,0.684210526316,0.862068965517,0.56,0.457142857143,0.468085106383,0.592592592593,0.342857142857,0.555555555556,0.545454545455,0.552631578947,0.584905660377,0.571428571429,0.517857142857,0.46511627907,0.34375,0.245283018868,0.345454545455,0.481481481481,0.660714285714,0.4375,0.487179487179,0.547619047619,0.56862745098,0.72,0.375,0.529411764706,0.510204081633,0.454545454545,0.435897435897,0.488372093023,0.621621621622,0.540983606557,0.527777777778,0.367346938776,0.628571428571,0.5,0.875,0.560975609756,0.567567567568,0.5,0.411764705882,0.531914893617,0.549019607843,0.5,0.5,0.538461538462,0.487804878049,0.522727272727,0.536585365854,0.489795918367,0.48,0.45652173913,0.548387096774,0.425,0.520833333333,0.547169811321,0.52380952381,0.54347826087,0.490566037736,0.51724137931,0.444444444444,0.545454545455,0.428571428571,0.589285714286,0.566037735849,0.474576271186,0.547945205479,0.471698113208,0.639344262295,0.395833333333,0.551724137931,0.46875,0.451612903226,0.458333333333,0.465517241379,0.576923076923,0.581395348837,0.434782608696,0.595744680851,0.48275862069,0.5,0.414634146341,0.415094339623,0.5,0.64,0.52380952381,0.605263157895,0.652173913043,0.5,0.531914893617,0.450980392157,0.482142857143,0.6,0.52,0.435483870968,0.547619047619,0.547619047619,0.439393939394,0.508771929825,0.588235294118,0.583333333333,0.462962962963,0.390243902439,0.641025641026,0.531914893617,0.257142857143,0.53164556962,0.507462686567,0.45,0.409090909091,0.453125,0.625,0.428571428571,0.489795918367,0.488888888889,0.4,0.450980392157,0.6,0.511111111111,0.560975609756,0.581395348837,0.628571428571,0.489361702128,0.428571428571,0.689655172414,0.568181818182,0.45,0.5,0.460317460317,0.468085106383,0.607843137255,0.488372093023,0.411764705882,0.424242424242,0.428571428571,0.709677419355,0.428571428571,0.423728813559,0.491803278689,0.555555555556,0.6,0.537313432836,0.451612903226,0.444444444444,0.54347826087,0.558139534884,0.560975609756,0.566666666667,0.507692307692,0.553191489362,0.45652173913,0.549019607843,0.592592592593,0.442857142857,0.521739130435,0.473684210526,0.5,0.490196078431,0.709677419355,0.491228070175,0.48275862069,0.527272727273,0.48,0.466666666667,0.472727272727,0.521739130435,0.509090909091,0.466666666667,0.5,0.444444444444,0.489361702128,0.478260869565,0.46,0.5,0.571428571429,0.487804878049,0.424242424242,0.424242424242,0.441176470588,0.511627906977,0.520833333333,0.425925925926,0.433962264151,0.490196078431,0.609756097561,0.577777777778,0.454545454545,0.605263157895,0.533333333333,0.520833333333,0.58,0.436363636364,0.549019607843,0.529411764706,0.547619047619,0.415094339623,0.470588235294,0.468085106383,0.47619047619,0.463414634146,0.441860465116,0.522727272727,0.511111111111,0.477272727273,0.428571428571,0.518518518519,0.6,0.5,0.534482758621,0.510204081633,0.490196078431,0.464285714286,0.520833333333,0.525423728814,0.555555555556,0.477272727273,0.482142857143,0.462962962963,0.4,0.477611940299,0.381818181818,0.408163265306,0.43137254902,0.386363636364,0.42,0.58,0.533333333333,0.574468085106,0.634146341463,0.552631578947,0.5,0.48,0.531914893617,0.545454545455,0.5,0.514285714286,0.603448275862,0.484375,0.488372093023,0.537037037037,0.5,0.604166666667,0.6,0.421052631579,0.461538461538,0.454545454545,0.423076923077,0.489795918367,0.511627906977,0.53488372093,0.565217391304,0.510204081633,0.424242424242,0.566666666667,0.47619047619,0.553191489362,0.536585365854,0.526315789474,0.631578947368,0.564102564103,0.541666666667,0.409090909091,0.488372093023,0.55,0.428571428571,0.555555555556,0.434782608696,0.522727272727,0.409090909091,0.536585365854,0.571428571429,0.5,0.571428571429,0.431818181818,0.5,0.442307692308,0.538461538462,0.538461538462,0.5,0.395348837209,0.365853658537,0.40625,0.418604651163,0.568965517241,0.475409836066,0.472222222222,0.530612244898,0.43137254902,0.5,0.4375,0.544117647059,0.591836734694,0.431818181818,0.458333333333,0.526315789474,0.487804878049,0.342857142857,0.535714285714,0.531914893617,0.5,0.46,0.358974358974,0.633333333333,0.471428571429,0.542372881356,0.431034482759,0.538461538462,0.5,0.474576271186,0.5625,0.483870967742,0.490196078431,0.604651162791,0.54347826087,0.533333333333,0.541666666667,0.487804878049,0.487179487179,0.52,0.448979591837,0.448979591837,0.5,0.333333333333,0.446808510638,0.302325581395,0.526315789474,0.462962962963,0.617647058824,0.508474576271,0.542372881356,0.325,0.684210526316,0.520833333333,0.3125,0.511627906977,0.612244897959,0.44,0.43137254902,0.395833333333,0.375,0.392156862745,0.452830188679,0.51724137931,0.577777777778,0.639344262295,0.725490196078,0.578947368421,0.739726027397,0.614035087719,0.585365853659,0.448979591837,0.612244897959,0.65,0.608695652174,0.690476190476,0.692307692308,0.603773584906,0.897435897436,0.911764705882,0.653846153846,0.814814814815,0.62962962963,0.489795918367,0.5,0.436363636364,0.428571428571,0.634615384615,0.888888888889,0.472222222222,0.5,0.657894736842,0.641791044776,0.542857142857,0.449275362319,0.716666666667,0.4375,0.666666666667,0.681818181818,0.892857142857,0.4,0.5,0.517857142857,0.59649122807,0.808988764045,0.607843137255,0.56338028169,0.536585365854,0.9,0.688888888889,0.615384615385,0.527272727273,0.611111111111,0.742857142857,0.606557377049,1.0,0.701492537313,0.5,0.905882352941,0.837209302326,0.512195121951,0.477272727273,0.642857142857,0.5,0.64,0.725,0.742424242424,0.666666666667,0.942857142857,0.625,0.390243902439,0.804347826087,0.555555555556,0.355555555556,0.848484848485,0.46,0.51724137931,0.872727272727,0.620689655172,0.571428571429,0.918367346939,0.720588235294,0.704545454545,0.848484848485,0.459459459459,0.613636363636,0.818181818182,0.59649122807,0.80487804878,0.692307692308,0.64,0.542857142857,0.782608695652,0.358024691358,0.85393258427,0.75,0.777777777778,0.723076923077,0.890909090909,0.662162162162,0.652173913043,0.622641509434,0.35593220339,0.555555555556,0.967741935484,0.813953488372,0.897435897436,0.911111111111,0.894736842105,0.864864864865,0.631578947368,0.767441860465,0.571428571429,0.791666666667,0.838709677419,0.787878787879,0.651685393258,0.631578947368,0.828358208955,0.864406779661,0.916666666667,0.948051948052,0.882352941176,0.875862068966,0.86524822695,0.87323943662,0.703125,0.814285714286,0.868852459016,0.673076923077,0.878048780488,0.9,0.316666666667,0.610169491525,0.806451612903,0.666666666667,0.625,0.705882352941,0.836363636364,0.785714285714,0.529411764706,0.703703703704,0.623529411765,0.328947368421,0.771084337349,0.849315068493,0.441176470588,0.568181818182,0.5,0.546875,0.391891891892,0.588235294118,0.576923076923,0.381818181818,0.417910447761,0.356164383562,0.35,0.413043478261,0.389473684211,0.443037974684,0.324675324675,0.223529411765,0.228260869565,0.233333333333,0.23595505618,0.354838709677,0.4625,0.354838709677,0.708860759494,0.333333333333,0.373333333333,0.421686746988,0.30487804878,0.323529411765,0.41975308642,0.393442622951,0.262295081967,0.764705882353,0.34328358209,0.32967032967,0.287671232877,0.453125,0.576271186441,0.584905660377,0.449438202247,0.346153846154,0.291139240506,0.434210526316,0.363636363636,0.348837209302,0.4,0.469387755102,0.409836065574,0.370967741935,0.5875,0.5625,0.396226415094,0.324324324324,0.364864864865,0.40350877193,0.379310344828,0.375,0.403846153846,0.307692307692,0.333333333333,0.328571428571,0.272727272727,0.423728813559,0.333333333333,0.409090909091,0.298245614035,0.369230769231,0.403846153846,0.442307692308,0.522727272727,0.489795918367,0.465517241379,0.744186046512,0.714285714286,0.313432835821,0.333333333333,0.369863013699,0.604938271605,0.333333333333,0.297872340426,0.630136986301,0.380281690141,0.381818181818,0.638888888889,0.529411764706,0.314814814815,0.347826086957,0.43956043956,0.367647058824,0.375,0.410256410256,0.412698412698,0.444444444444,0.40350877193,0.275862068966,0.372881355932,0.283783783784,0.285714285714,0.253731343284,0.772727272727,0.3,0.415094339623,0.4,0.263157894737,0.444444444444,0.441860465116,0.641791044776,0.434782608696,0.378048780488,0.260273972603,0.311475409836,0.369565217391,0.492063492063,0.432432432432,0.584615384615,0.409090909091,0.423076923077,0.542553191489,0.392405063291,0.538461538462,0.523076923077,0.236842105263,0.181818181818,0.831578947368,0.82,0.723404255319,0.719298245614,0.741935483871,0.711111111111,0.833333333333,0.745098039216,0.693548387097,0.653333333333,0.853333333333,0.619047619048,0.743902439024,0.741379310345,0.820512820513,0.818181818182,0.828571428571,0.857142857143,0.689655172414,0.666666666667,0.640449438202,0.707865168539,0.739726027397,0.337078651685,0.602150537634,0.511363636364,0.727272727273,0.744444444444,0.785714285714,0.690476190476,0.704225352113,0.650602409639,0.685185185185,0.672413793103,0.779661016949,0.746478873239,0.753846153846,0.765957446809,0.732558139535,0.675324675325,0.689655172414,0.682352941176,0.686274509804,0.671875,0.654545454545,0.722222222222,0.709090909091,0.924528301887,0.785714285714,0.630136986301,0.604166666667,0.712121212121,0.75,0.852941176471,0.903225806452,0.923076923077,0.974358974359,0.884615384615,0.789473684211,0.677777777778,0.776699029126,0.817073170732,0.761363636364,0.434782608696,0.650793650794,0.267326732673,0.358490566038,0.76,0.351351351351,0.352112676056,0.309090909091,0.394736842105,0.472972972973,0.4,0.328125,0.304347826087,0.469135802469,0.296296296296,0.514705882353,0.5,0.529411764706,0.531914893617,0.391304347826,0.483870967742,0.389830508475,0.392857142857,0.44262295082,0.409090909091,0.409090909091,0.964285714286,0.409836065574,0.402985074627,0.421875,0.402985074627,0.28813559322,0.37037037037,0.509090909091,0.575757575758,0.965517241379,0.514285714286,0.5,0.452830188679,0.444444444444,0.634146341463,0.607142857143,0.5,0.432432432432,0.4,0.425925925926,0.323529411765,0.444444444444,0.397435897436,0.397058823529,0.375,0.364864864865,0.356164383562,0.767441860465,0.333333333333,0.451612903226,0.282352941176,0.367088607595,0.325581395349,0.310344827586,0.438356164384,0.409638554217,0.392405063291,0.438596491228,0.439655172414,0.397260273973,0.420289855072,0.368932038835,0.385714285714,0.329268292683,0.31884057971,0.297619047619,0.253012048193,0.4,0.424657534247,0.447368421053,0.506329113924,0.376470588235,0.356164383562,0.338709677419,0.5,0.431034482759,0.5,0.553846153846,0.397058823529,0.460317460317,0.365853658537,0.346153846154,0.403225806452,0.310344827586,0.418918918919,0.402777777778,0.32,0.47619047619,0.521126760563,0.373333333333,0.270588235294,0.256097560976,0.272727272727,0.560606060606,0.645161290323,0.685714285714,0.65306122449,0.362068965517,0.341176470588,0.269230769231,0.333333333333,0.486842105263,0.276315789474,0.269841269841,0.361111111111,0.329411764706,0.585106382979,0.5,0.5,0.793103448276,0.763636363636,0.757142857143,0.614285714286,0.688311688312,0.651162790698,0.458823529412,0.378787878788,0.8,0.764705882353,0.509090909091,0.390625,0.666666666667,0.311111111111,0.306451612903,0.4,0.307692307692,0.333333333333,0.305882352941,0.357142857143,0.926829268293,0.423529411765,0.274193548387,0.811594202899,0.293333333333,0.396825396825,0.817391304348,0.315789473684,0.589743589744,0.77380952381,0.420560747664,0.266666666667,0.391891891892,0.689189189189,0.263157894737,0.376811594203,0.36,0.489795918367,0.368421052632,0.361111111111,0.91935483871,0.534246575342,0.921568627451,0.553191489362,0.521739130435,0.698113207547,0.688888888889,0.673913043478,0.704545454545,0.604166666667,0.30985915493,0.3625,0.386666666667,0.675,0.320987654321,0.367647058824,0.280898876404,0.448275862069,0.641509433962,0.234375,0.38,0.387755102041,0.421052631579,0.322580645161,0.694444444444,0.245901639344,0.619047619048,0.333333333333,0.229166666667,0.642857142857,0.785714285714,0.431818181818,0.925925925926,0.692307692308,0.612244897959,0.604166666667,0.838709677419,0.707317073171,0.461538461538,0.694444444444,0.5,0.842105263158,0.916666666667,0.810810810811,0.967741935484,0.846153846154,0.459016393443,0.65625,0.794117647059,0.818181818182,0.886363636364,0.848484848485,0.84375,0.6,0.72972972973,0.764705882353,0.763157894737,0.863636363636,1.0,0.761904761905,0.78125,0.877192982456,0.909090909091,0.9,0.840909090909,0.804347826087,0.965517241379,1.0,0.896551724138,0.921052631579,1.0,1.0,0.785714285714,0.794117647059,0.8,1.0,0.93023255814,0.95,0.861111111111,0.866666666667,1.0,0.823529411765,0.789473684211,1.0,0.925925925926,0.825,0.8,0.823529411765,0.685714285714,0.878787878788,0.837209302326,0.85,0.822222222222,0.775510204082,0.911764705882,0.807692307692,0.860465116279,0.842105263158,0.84375,0.820512820513,0.76,0.80487804878,0.829268292683,0.777777777778,0.864864864865,0.827586206897,0.711538461538,0.9375,0.734693877551,0.744680851064,0.909090909091,0.714285714286,0.423076923077,0.891304347826,0.4,0.58064516129,0.59375,0.387096774194,0.821428571429,0.45,0.675,0.725,0.84,0.814814814815,0.866666666667,0.666666666667,0.604651162791,0.724137931034,1.0,0.745762711864,0.564102564103,0.7,0.821428571429,0.85,0.760869565217,0.620689655172,0.907407407407,0.744680851064,0.783783783784,0.948717948718,0.540540540541,0.828571428571,0.78125,0.848484848485,0.821428571429,0.780487804878,0.418181818182,0.345238095238,0.524590163934,0.292682926829,1.0,0.695652173913,0.525,0.298245614035,0.679487179487,0.77,0.92,0.925925925926,0.756097560976,0.793103448276,0.363636363636,0.724137931034,0.617647058824,0.735294117647,0.918367346939,0.916666666667,0.72,0.8125,0.8,0.787234042553,0.925,1.0,0.769230769231,0.741935483871,0.903225806452,0.96,0.9,0.823529411765,1.0,0.931034482759,0.612903225806,0.574074074074,0.771428571429,0.666666666667,0.676923076923,0.911764705882,1.0,0.824175824176,0.918367346939,0.921568627451,0.716981132075,0.375,0.307692307692,0.743243243243,0.911764705882,0.701030927835,0.754716981132,0.78431372549,0.843137254902,0.723684210526,0.912280701754,0.914893617021,0.844444444444,0.804347826087,0.913793103448,0.780821917808,0.607594936709,0.690476190476,0.830188679245,0.80487804878,0.671875,0.826666666667,0.793103448276,0.74358974359,0.760869565217,0.857142857143,0.775510204082,0.724137931034,0.917808219178,0.840909090909,0.9,0.909090909091,0.763157894737,0.833333333333,0.870967741935,0.8,0.933333333333,0.644444444444,0.74,0.877192982456,0.835616438356,0.826666666667,0.739726027397,0.793103448276,0.818181818182,0.877551020408,0.8,0.891304347826,0.831168831169,0.775510204082,0.8125,0.902777777778,0.805970149254,0.954545454545,0.837837837838,0.744186046512,0.844444444444,0.795918367347,0.775,0.791666666667,0.833333333333,0.764705882353,0.851063829787,0.869565217391,0.816091954023,0.541666666667,0.80303030303,0.85,0.787234042553,0.739130434783,0.822222222222,0.9,0.225806451613,0.901960784314,0.83950617284,0.648648648649,0.77358490566,0.789473684211,0.793103448276,0.803278688525,0.823529411765,0.84,0.705882352941,0.863636363636,0.816326530612,0.575757575758,0.769230769231,0.806451612903,0.875,0.774193548387,0.9,0.736842105263,0.578947368421,0.405797101449,0.733333333333,0.365853658537,0.941176470588,0.630434782609,0.666666666667,0.719298245614,0.619047619048,0.931034482759,0.724137931034,0.614457831325,1.0,0.898550724638,0.625,0.466666666667,1.0,0.72972972973,0.857142857143,0.719512195122,0.901234567901,0.706666666667,0.981481481481,1.0,0.852459016393,0.508771929825,0.630769230769,0.53488372093,0.666666666667,0.690909090909,0.65625,0.555555555556,0.887323943662,0.86,0.630434782609,0.621621621622,0.767441860465,0.888888888889,0.732142857143,0.88679245283,0.823529411765,0.888888888889,0.884615384615,0.622950819672,0.780487804878,0.833333333333,0.287671232877,0.840909090909,0.6875,0.814814814815,0.878048780488,0.795454545455,0.597014925373,0.810344827586,0.725490196078,0.859649122807,0.890909090909,0.774193548387,0.666666666667,0.660714285714,0.62962962963,0.794117647059,0.830985915493,0.763888888889,0.776315789474,0.904761904762,0.75,0.821052631579,0.83,1.0,0.775862068966,0.772727272727,0.728813559322,0.885416666667,0.761904761905,0.825581395349,0.789473684211,0.758064516129,0.772727272727,0.623376623377,0.827586206897,0.8,0.828125,0.803571428571,0.7875,0.777777777778,0.764705882353,0.868421052632,0.772727272727,0.68,0.806451612903,0.810344827586,0.85,0.677966101695,0.66,0.708333333333,0.741379310345,0.813186813187,0.870967741935,0.894736842105,0.735849056604,0.920634920635,0.884615384615,0.842105263158,0.818181818182,0.686274509804,0.636363636364,0.703703703704,0.804347826087,0.541666666667,0.68253968254,0.266666666667,0.75,0.810810810811,0.590163934426,0.646153846154,0.774193548387,0.431034482759,0.453125,0.746478873239,0.786885245902,0.5,0.65,0.833333333333,0.54347826087,0.744680851064,0.612244897959,0.9,0.48,0.738461538462,0.857142857143,0.6875,0.714285714286,0.746031746032,0.754385964912,0.745454545455,0.685714285714,0.652173913043,0.647058823529,0.653846153846,0.727272727273,0.806451612903,0.577777777778,0.545454545455,0.782608695652,0.868421052632,0.732142857143,0.672727272727,0.610169491525,0.714285714286,0.708737864078,0.75,0.590909090909,0.675675675676,0.675675675676,0.828125,0.775510204082,0.516129032258,0.767857142857,0.853658536585,0.862068965517,0.655172413793,0.595744680851,0.716981132075,0.672413793103,0.621621621622,0.727272727273,0.780487804878,0.772727272727,0.62962962963,0.672413793103,0.714285714286,0.628571428571,0.692307692308,0.678571428571,0.653846153846,0.757575757576,0.872340425532,0.6,0.666666666667,0.425531914894,0.672727272727,0.622641509434,0.981818181818,0.619047619048,0.827586206897,0.584905660377,0.576923076923,0.676470588235,0.555555555556,0.557142857143,0.791666666667,0.71875,0.413043478261,0.512820512821,0.5,0.5,0.567567567568,0.545454545455,0.436363636364,0.78640776699,0.612244897959,0.684210526316,0.769230769231,0.553571428571,0.448979591837,0.541666666667,0.954545454545,0.686274509804,0.489361702128,0.567567567568,0.510638297872,0.630434782609,0.452380952381,0.458333333333,0.473684210526,0.473684210526,0.880952380952,0.459016393443,0.542372881356,0.52380952381,0.571428571429,0.508771929825,0.418604651163,0.5,0.636363636364,0.755102040816,0.547619047619,0.434782608696,0.548387096774,0.428571428571,0.5,0.508771929825,0.760869565217,0.830508474576,0.479166666667,0.58,0.545454545455,0.785714285714,0.767441860465,0.755555555556,0.615384615385,0.8,0.857142857143,0.808510638298,0.805555555556,0.732142857143,0.926829268293,0.763636363636,0.717948717949,0.705882352941,0.45,0.78125,0.7,0.677419354839,0.888888888889,0.923076923077,0.571428571429,0.844444444444,0.555555555556,0.4375,0.8,0.897435897436,0.833333333333,0.514285714286,0.475,0.767441860465,0.875,0.702702702703,0.543859649123,0.590909090909,0.682926829268,0.563636363636,0.59649122807,0.604651162791,0.648648648649,0.738095238095,0.907407407407,0.710526315789,0.926470588235,0.596774193548,0.5,0.397058823529,0.761194029851,0.285714285714,0.291666666667,0.806451612903,0.36170212766,0.830188679245,0.673469387755,0.539682539683,0.466666666667,0.666666666667,0.588235294118,0.754098360656,0.810810810811,0.807692307692,0.742857142857,0.684210526316,0.722222222222,0.414634146341,0.577777777778,0.8,0.5625,0.540540540541,0.444444444444,0.644444444444,0.340909090909,0.521739130435,0.518518518519,0.637931034483,0.452380952381,0.508474576271,0.620689655172,0.513513513514,0.459459459459,0.638888888889,0.735294117647,0.733333333333,0.777777777778,0.75,0.633333333333,0.47619047619,0.472222222222,0.557692307692,0.6,0.43137254902,0.461538461538,0.452830188679,0.526315789474,0.566666666667,0.452830188679,0.433962264151,0.458333333333,0.673076923077,0.410714285714,0.631578947368,0.5,0.8125,0.490566037736,0.547169811321,0.571428571429,0.603773584906,0.46,0.477272727273,0.585365853659,0.433333333333,0.511111111111,0.460317460317,0.629032258065,0.645833333333,0.604651162791,0.804347826087,0.529411764706,0.612244897959,0.5625,0.525,0.709677419355,0.633333333333,0.439024390244,0.431818181818,0.540540540541,0.564102564103,0.774193548387,0.525,0.520833333333,0.612244897959,0.547619047619,0.577777777778,0.516129032258,0.871794871795,0.702702702703,0.589743589744,0.595238095238,0.836734693878,0.828571428571,0.518518518519,0.710526315789,0.707317073171,0.894736842105,0.571428571429,0.63768115942,0.767441860465,0.702127659574,0.75,0.788461538462,0.837209302326,0.8,0.575,0.5,0.56862745098,0.732142857143,0.619047619048,0.576923076923,0.666666666667,0.666666666667,0.666666666667,0.628571428571,0.6,0.564102564103,0.775,0.833333333333,0.62962962963,0.470588235294,0.757575757576,0.75,0.468085106383,0.725,0.63829787234,0.698113207547,0.641509433962,0.625,0.657894736842,0.621621621622,0.611111111111,0.666666666667,0.666666666667,0.65625,0.488888888889,0.921052631579,0.923076923077,0.918918918919,0.575757575758,0.846153846154,0.85,0.805555555556,0.8,0.761904761905,0.388888888889,0.56,0.719298245614,0.608695652174,0.861111111111,0.923076923077,0.90625,0.84,0.833333333333,0.838709677419,0.821428571429,0.628571428571,0.647058823529,0.703703703704,0.829268292683,0.485714285714,0.742424242424,0.739130434783,0.849056603774,0.903225806452,0.797297297297,0.802631578947,0.441176470588,0.529411764706,0.533333333333,0.84375,0.625,0.655172413793,0.633333333333,0.568181818182,0.833333333333,0.853658536585,0.886363636364,0.90243902439,0.789473684211,0.616279069767,0.757575757576,0.736111111111,0.6,0.823529411765,0.490909090909,0.6,0.485714285714,0.689655172414,0.825,0.708333333333,0.868421052632,0.766666666667,0.675,0.944444444444,0.84375,0.785714285714,0.870967741935,0.787234042553,0.809523809524,0.666666666667,0.9,0.857142857143,0.724137931034,0.638888888889,0.71875,0.942307692308,0.777777777778,0.74358974359,0.625,0.793103448276,0.617647058824,0.677419354839,0.630434782609,0.883720930233,0.782608695652,0.545454545455,0.388888888889,0.682926829268,0.833333333333,0.814814814815,0.923076923077,0.703703703704,0.6,0.711111111111,0.869565217391,0.727272727273,0.666666666667,0.363636363636,0.709677419355,0.8,0.535714285714,1.0,0.777777777778,0.535714285714,0.69696969697,0.615384615385,0.78125,0.636363636364,0.603448275862,0.876712328767,0.728813559322,0.586206896552,0.844827586207,0.878787878788,0.975,0.844444444444,0.813333333333,0.830769230769,0.75,1.0,0.775510204082,0.5,0.724137931034,0.736842105263,0.824561403509,0.754716981132,0.815217391304,0.775280898876,0.753846153846,0.848484848485,0.830508474576,0.730158730159,0.833333333333,0.604651162791,0.762711864407,0.8,0.714285714286,0.558139534884,0.829268292683,0.828571428571,0.783333333333,0.636363636364,0.727272727273,0.566666666667,0.814814814815,0.659090909091,0.764705882353,0.6,0.285714285714,0.5625,0.277777777778,0.333333333333,0.787878787879,0.8125,0.595744680851,1.0,0.928571428571,0.819444444444,0.849056603774,0.695652173913,0.774193548387,0.965517241379,1.0,0.827586206897,0.95,0.827586206897,0.815789473684,0.839285714286,0.92,0.645161290323,0.677419354839,0.909090909091,0.6,0.857142857143,0.942857142857,0.820512820513,0.777777777778,0.722222222222,0.80487804878,0.769230769231,0.565217391304,0.7,0.795918367347,0.823529411765,1.0,0.697674418605,0.714285714286,1.0,0.804347826087,0.757575757576,0.888888888889,0.829787234043,0.771428571429,0.757575757576,0.829268292683,0.833333333333,0.764705882353,0.803571428571,0.514285714286,0.731707317073,0.692307692308,0.685714285714,0.828571428571,0.684210526316,0.625,0.714285714286,0.655172413793,0.5,0.68,0.714285714286,0.913043478261,0.594594594595,0.612903225806,0.681818181818,0.857142857143,0.64,0.592592592593,0.690476190476,0.807692307692,0.769230769231,0.833333333333,0.95652173913,0.806451612903,0.8125,0.88,0.853658536585,0.825,0.769230769231,0.64,0.941176470588,0.769230769231,0.785714285714,0.72,0.789473684211,0.965517241379,0.888888888889,0.6,0.769230769231,0.75,1.0,0.74358974359,1.0,0.848484848485,0.777777777778,0.724137931034,0.869565217391,0.843137254902,0.875,0.866666666667,0.756097560976,0.862068965517,0.866666666667,0.896551724138,0.896551724138,0.875,0.9375,0.833333333333,0.882352941176,0.918918918919,0.85,0.833333333333,1.0,0.828571428571,0.714285714286,1.0,1.0,0.897959183673,0.829787234043,0.842105263158,0.745454545455,0.872340425532,0.951219512195,0.875,1.0,0.885714285714,0.805555555556,0.84,0.863636363636,0.870967741935,0.918918918919,0.875,0.7,0.782608695652,0.807692307692,0.830188679245,0.827586206897,0.75,0.941176470588,0.758620689655,0.823529411765,0.742857142857,0.764705882353,0.833333333333,0.882352941176,0.880952380952,0.894736842105,0.80701754386,0.513513513514,0.55,0.472222222222,0.176470588235,0.885714285714,0.764705882353,0.395348837209,0.236842105263,0.382352941176,0.512195121951,0.742857142857,0.714285714286,0.735294117647,0.724137931034,0.451612903226,0.620689655172,0.769230769231,0.75,0.93023255814,0.857142857143,0.958333333333,0.833333333333,0.853658536585,0.725,1.0,0.785714285714,0.677419354839,0.78125,0.923076923077,0.809523809524,0.820512820513,0.731707317073,0.837837837838,0.84126984127,0.847826086957,0.869565217391,0.761904761905,0.84126984127,0.823529411765,0.826086956522,0.89552238806,0.814814814815,0.90243902439,0.755102040816,0.935483870968,0.77358490566,0.962962962963,0.927536231884,0.934782608696,0.756756756757,0.92,0.694444444444,0.454545454545,0.852941176471,0.507692307692,0.491803278689,0.605263157895,0.615384615385,0.623529411765,0.948275862069,0.870503597122,0.853658536585,0.765957446809,0.777777777778,0.888888888889,0.892857142857,0.527777777778,0.873417721519,0.834951456311,0.936842105263,1.0,0.872340425532,0.813333333333,0.910256410256,0.761363636364,0.907407407407,0.911392405063,0.877551020408,0.852631578947,0.860759493671,0.862903225806,0.781609195402,0.88785046729,0.808219178082,0.810218978102,0.790055248619,0.866666666667,0.950980392157,0.490909090909,0.510638297872,0.466666666667,0.510204081633,0.525,0.375,0.68085106383,0.566037735849,0.484848484848,0.405405405405,0.444444444444,0.463414634146,0.535714285714,0.526315789474,0.571428571429,0.529411764706,0.518518518519,0.5,0.511627906977,0.680412371134,0.840579710145,0.763157894737,0.80303030303,0.74025974026,0.876404494382,0.857142857143,0.820512820513,0.866071428571,0.844444444444,0.8,0.690476190476,0.842105263158,0.794871794872,0.854545454545,0.786885245902,0.892307692308,0.821428571429,0.877551020408,0.825,0.95,0.966101694915,0.852631578947,0.752293577982,0.794117647059,0.764705882353,0.886597938144,0.877192982456,0.885714285714,0.951612903226,0.805970149254,0.729411764706,0.83908045977,1.0,0.8625,0.787234042553,0.84375,0.836956521739,0.752380952381,0.397727272727,0.888888888889,0.902777777778,0.75,0.818181818182,0.842696629213,0.803571428571,0.592592592593,0.581395348837,0.857142857143,0.75,0.639534883721,0.830769230769,0.481481481481,0.5,0.605633802817,0.613636363636,0.811594202899,0.852459016393,0.827586206897,0.730158730159,0.75,0.775,0.792207792208,0.921052631579,0.8,0.692307692308,0.8,0.535714285714,0.730769230769,0.333333333333,1.0,0.373626373626,0.32,0.40625,0.441176470588,1.0,0.625,0.295454545455,0.626865671642,0.777777777778,0.641509433962,0.617647058824,0.702127659574,0.634146341463,0.642857142857,0.944444444444,0.833333333333,0.913043478261,0.8,0.888888888889,0.944444444444,0.816326530612,0.854838709677,0.833333333333,0.905660377358,0.929824561404,0.890410958904,0.810344827586,0.763157894737,0.77358490566,0.733333333333,0.815384615385,0.78,0.86,0.836206896552,0.906976744186,0.988372093023,0.8875,0.879120879121,0.886075949367,0.849056603774,0.865168539326,0.851351351351,0.720588235294,0.866666666667,0.861111111111,0.846153846154,0.681818181818,0.854545454545,0.923076923077,1.0,0.833333333333,0.56,0.711111111111,0.730769230769,0.633333333333,0.68085106383,0.26,0.291666666667,0.857142857143,0.619047619048,0.84375,0.794871794872,0.790322580645,0.755102040816,0.884615384615,0.628571428571,0.763157894737,0.765957446809,0.535714285714,0.774193548387,0.787234042553,0.855769230769,0.636363636364,1.0,0.985915492958,0.869047619048,0.890625,0.9,0.755395683453,0.886956521739,0.836538461538,0.869047619048,0.898936170213,0.723404255319,0.822222222222,0.892857142857,0.803921568627,0.821782178218,0.914285714286,0.876288659794,0.8,0.796296296296,0.843373493976,0.893617021277,0.833333333333,0.891304347826,0.841584158416,0.860465116279,0.785714285714,0.68,0.795918367347,0.795918367347,0.645161290323,0.439024390244,0.904761904762,0.703703703704,0.851851851852,0.909090909091,0.854166666667,0.978723404255,0.633333333333,0.792207792208,0.819277108434,0.88,0.666666666667,0.59375,0.758620689655,0.835164835165,0.852272727273,0.850574712644,0.880503144654,0.811594202899,0.724137931034,0.894736842105,0.808823529412,0.87323943662,0.815384615385,0.802469135802,0.8,0.78431372549,0.898305084746,0.806451612903,0.808823529412,0.731707317073,0.6875,0.679487179487,0.696202531646,0.285714285714,0.736111111111,0.181818181818,0.716666666667,0.440677966102,0.820512820513,0.689655172414,0.709677419355,0.59375,0.705882352941,0.766666666667,0.642857142857,0.681818181818,0.65,0.8,0.361111111111,0.62962962963,0.857142857143,0.708333333333,0.658536585366,0.631578947368,0.411764705882,0.951219512195,0.741935483871,0.30303030303,0.705882352941,0.833333333333,0.90625,0.333333333333,0.892857142857,0.958333333333,0.823529411765,0.666666666667,0.642857142857,0.703703703704,0.75,0.714285714286,0.672413793103,0.704225352113,0.59375,0.595238095238,0.827586206897,0.954545454545,0.71875,0.76,0.791666666667,0.685714285714,0.705882352941,0.90625,0.233333333333,0.261538461538,0.619047619048,0.64,0.464285714286,0.769230769231,0.64,0.689655172414,0.714285714286,0.785714285714,0.72,0.606060606061,0.703703703704,0.702702702703,0.172413793103,0.925925925926,0.171428571429,0.911764705882,0.620689655172,0.769230769231,0.735294117647,0.777777777778,0.736842105263,0.608695652174,0.685714285714,0.338235294118,0.736842105263,0.684210526316,0.645569620253,0.274509803922,1.0,0.761904761905,0.894736842105,0.730769230769,0.217391304348,0.887096774194,0.147540983607,0.691358024691,0.405405405405,1.0,0.910714285714,0.7375,0.632183908046,0.666666666667,0.272727272727,0.735849056604,0.253968253968,0.75,0.74,0.697368421053,0.865384615385,0.82,0.653333333333,0.702702702703,0.790322580645,0.257142857143,0.671428571429,0.703703703704,0.52,0.743243243243,0.735849056604,0.704545454545,0.444444444444,0.878787878788,0.729166666667,0.84126984127,0.733333333333,0.733333333333,0.529411764706,0.95652173913,0.645833333333,0.849056603774,0.534482758621,0.72972972973,0.770833333333,0.846153846154,0.846153846154,0.966666666667,1.0,0.787234042553,0.790697674419,0.9,0.888888888889,0.730769230769,0.846153846154,0.827586206897,0.884615384615,0.942857142857,0.8,0.727272727273,0.636363636364,0.862745098039,0.811320754717,0.727272727273,0.769230769231,0.693069306931,0.694444444444,0.522727272727,0.95,0.952380952381,0.761904761905,0.7,0.677966101695,0.396226415094,0.709090909091,0.714285714286,0.486486486486,0.137931034483,0.814814814815,0.789473684211,0.6,0.725806451613,0.807692307692,0.658536585366,0.864864864865,0.351351351351,0.666666666667,0.409090909091,0.78125,0.537037037037,0.678571428571,0.638554216867,0.939393939394,0.76,0.232142857143,0.879310344828,0.883333333333,0.671875,0.827586206897,0.733333333333,0.884615384615,0.711538461538,0.9,0.952380952381,0.7,0.705882352941,0.697674418605,0.903846153846,0.133333333333,0.425531914894,0.853333333333,0.767857142857,0.795454545455,0.396226415094,0.685714285714,0.671875,0.666666666667,0.842105263158,0.790697674419,0.6,0.931034482759,0.594594594595,0.694915254237,0.6875,0.825242718447,0.843373493976,0.926470588235,0.936507936508,0.862068965517,1.0,0.480769230769,0.770833333333,0.769230769231,0.615384615385,0.8,0.71875,0.760563380282,0.753424657534,0.786885245902,0.786885245902,0.775510204082,0.851063829787,0.783783783784,0.782608695652,0.65306122449,0.833333333333,0.846153846154,0.792452830189,0.68,0.746031746032,0.767441860465,0.75,1.0,0.443037974684,0.454545454545,0.621621621622,0.708333333333,0.725,0.558823529412,0.260869565217,0.860465116279,0.4375,0.487804878049,0.538461538462,0.474576271186,0.552631578947,0.589743589744,0.617021276596,0.617647058824,0.514285714286,0.464285714286,0.736842105263,0.94,0.945945945946,0.80701754386,0.782608695652,0.714285714286,0.85,0.703703703704,0.826666666667,0.825581395349,0.837837837838,0.708333333333,0.645833333333,0.469696969697,0.893939393939,0.745454545455,0.791666666667,0.479166666667,1.0,0.872727272727,0.95652173913,0.681818181818,0.739130434783,0.821917808219,1.0,0.843137254902,0.888888888889,0.777777777778,0.794871794872,0.404761904762,0.765957446809,0.875,0.645161290323,0.8,0.755102040816,0.739130434783,0.918032786885,0.756097560976,0.851063829787,0.783333333333,0.912087912088,0.798076923077,0.789473684211,0.755319148936,0.806451612903,0.842592592593,0.86301369863,0.4,0.792207792208,0.73786407767,0.967741935484,0.885964912281,0.880733944954,0.91,0.708333333333,0.875,0.832061068702,0.564102564103,0.766666666667,0.7875,0.622950819672,0.763157894737,0.984615384615,0.857142857143,0.882352941176,1.0,0.766666666667,1.0,0.727272727273,0.779069767442,0.868421052632,0.911392405063,0.898734177215,0.878378378378,0.982456140351,0.772727272727,0.819444444444,0.983606557377,0.868421052632,0.868852459016,0.761194029851,0.941176470588,0.77358490566,0.891304347826,0.973684210526,0.916666666667,0.384615384615,0.878048780488,0.821428571429,0.923076923077,0.904761904762,0.586206896552,0.804347826087,0.857142857143,0.823529411765,0.816326530612,0.484848484848,0.603773584906,0.538461538462,0.269230769231,0.461538461538,0.714285714286,0.658823529412,0.512820512821,0.519230769231,0.442307692308,0.604651162791,0.613636363636,0.489361702128,0.65,0.509803921569,0.589743589744,0.592592592593,0.711538461538,0.594594594595,0.549019607843,0.471698113208,0.545454545455,0.6,0.58,0.593220338983,0.596774193548,0.568181818182,0.575757575758,0.90625,0.466666666667,0.529411764706,0.628571428571,0.450980392157,0.522727272727,0.573770491803,0.720930232558,0.363636363636,1.0,0.746031746032,0.619047619048,0.738095238095,0.454545454545,0.75,0.540540540541,0.425,0.519230769231,0.404255319149,0.574468085106,0.395348837209,0.482142857143,0.483870967742,0.46511627907,0.5,0.645833333333,0.627450980392,0.478260869565,0.666666666667,0.671052631579,0.828125,0.473684210526,0.394736842105,0.620689655172,0.416666666667,0.555555555556,0.698113207547,0.810810810811,0.448275862069,0.483870967742,0.535714285714,0.5,0.485714285714,0.491228070175,0.433962264151,0.294117647059,0.454545454545,0.511111111111,0.555555555556,0.688524590164,0.538461538462,0.4,0.5,0.7,0.577777777778,0.688888888889,0.574074074074,0.478260869565,0.571428571429,0.542857142857,0.431818181818,0.59375,0.410714285714,0.617647058824,0.680555555556,0.660714285714,0.6,0.467741935484,0.661764705882,0.484848484848,0.44,0.46,0.365384615385,0.456140350877,0.5,0.62,0.433962264151,0.5,0.538461538462,0.5,0.571428571429,0.586956521739,0.464285714286,0.377358490566,0.575757575758,0.75,0.788461538462,0.95,0.333333333333,0.363636363636,0.516129032258,0.473684210526,0.431818181818,0.521739130435,0.509090909091,0.526315789474,0.5,0.45,0.6875,0.538461538462,0.574074074074,0.44,0.567567567568,0.5625,0.75,0.288461538462,0.545454545455,0.541666666667,0.472727272727,0.466666666667,0.641509433962,0.522727272727,0.666666666667,0.645833333333,0.592592592593,0.678571428571,0.944444444444,0.784615384615,0.810810810811,0.322033898305,0.807692307692,0.984375,0.846153846154,0.911764705882,0.789473684211,0.829268292683,0.763157894737,0.828125,0.835294117647,0.853658536585,0.822222222222,0.81,0.717391304348,0.878787878788,0.919191919192,0.576923076923,0.931034482759,0.85046728972,0.883720930233,0.873563218391,0.753424657534,0.706896551724,0.723404255319,0.789473684211,0.771084337349,0.980392156863,0.844444444444,0.829787234043,0.934782608696,0.775,0.796296296296,0.836363636364,0.692307692308,0.84126984127,0.822222222222,0.753846153846,0.838709677419,0.902777777778,0.839285714286,0.885714285714,0.893617021277,0.826923076923,0.760869565217,0.863636363636,1.0,0.843137254902,0.814285714286,0.828571428571,0.825,0.912621359223,0.767441860465,0.85393258427,0.84126984127,0.634146341463,0.583333333333,0.697674418605,0.631578947368,0.317073170732,0.617647058824,0.896551724138,0.666666666667,0.657894736842,0.714285714286,0.689655172414,0.686274509804,0.766666666667,0.34375,0.58064516129,0.615384615385,0.848484848485,0.666666666667,0.677419354839,0.352941176471,0.321428571429,0.625,0.645161290323,0.459459459459,0.441176470588,0.40625,0.884615384615,0.962962962963,0.384615384615,0.730769230769,0.581395348837,0.807692307692,0.833333333333,0.36,0.857142857143,0.72972972973,0.8,0.758620689655,0.821428571429,0.307692307692,0.653846153846,0.72,0.444444444444,0.84,0.84,0.6,0.538461538462,0.653846153846,0.678571428571,0.791666666667,0.791666666667,0.72,0.769230769231,0.84,0.863636363636,0.75,0.793103448276,0.766666666667,0.772727272727,0.724137931034,0.642857142857,0.84,0.347826086957,0.714285714286,1.0,0.678571428571,0.896551724138,0.848484848485,0.95,0.923076923077,0.714285714286,0.814814814815,1.0,0.965517241379,0.785714285714,0.866666666667,0.826086956522,0.742857142857,0.678571428571,0.793103448276,0.828571428571,0.727272727273,0.815789473684,0.815789473684,0.75,0.821428571429,0.709677419355,0.636363636364,0.703703703704,0.708333333333,0.84,0.766666666667,0.481481481481,0.769230769231,0.444444444444,0.592592592593,0.730769230769,0.833333333333,0.465517241379,0.375,0.547619047619,0.651162790698,0.5,0.447368421053,0.541666666667,0.463414634146,0.4,0.4375,0.448979591837,0.555555555556,0.648148148148,0.535714285714,0.416666666667,0.872340425532,0.833333333333,0.758064516129,0.571428571429,0.666666666667,0.589743589744,0.607843137255,0.426229508197,0.540540540541,0.547619047619,0.578947368421,0.59375,0.62962962963,0.820512820513,0.814432989691,0.843373493976,0.46875,0.472222222222,0.5,0.488888888889,0.575,0.551724137931,0.526315789474,0.603448275862,0.5,0.518867924528,0.444444444444,0.742574257426,0.792079207921,0.8,0.769230769231,0.73,0.911764705882,0.820512820513,0.708737864078,0.67032967033,0.723684210526,0.8,0.855072463768,0.797297297297,0.855263157895,0.86301369863,0.897435897436,0.84693877551,0.857142857143,0.857142857143,0.8125,0.7625,0.931506849315,0.855769230769,0.766666666667,0.806451612903,0.774193548387,0.796610169492,0.793650793651,0.768,0.631147540984,0.717647058824,0.837209302326,0.825581395349,0.847826086957,0.762376237624,0.707317073171,0.75,0.765625,0.866666666667,0.865671641791,0.75641025641,0.861538461538,0.876923076923,0.154639175258,0.722891566265,0.948717948718,0.988235294118,0.936708860759,0.925,0.919540229885,0.757575757576,0.802083333333,0.80412371134,0.688888888889,0.809523809524,0.795698924731,0.854368932039,0.871428571429,0.867647058824,0.77380952381,0.265306122449,0.898550724638,0.8875,0.866666666667,0.936842105263,0.57264957265,0.575,0.625,0.714285714286,0.540540540541,0.363636363636,0.617647058824,0.63829787234,1.0,0.566666666667,0.588235294118,0.694915254237,0.785714285714,0.634615384615,0.6,0.545454545455,0.446808510638,0.5625,0.533333333333,0.659090909091,0.459459459459,0.45652173913,0.5,0.589743589744,0.384615384615,0.555555555556,0.566037735849,0.560975609756,0.425531914894,0.481481481481,0.58904109589,0.527777777778,0.414634146341,0.447368421053,0.454545454545,0.760416666667,0.8,0.475,0.461538461538,0.549019607843,0.263157894737,0.511627906977,0.472222222222,0.63829787234,0.6,0.428571428571,0.511627906977,0.666666666667,0.473684210526,0.595238095238,0.620689655172,0.425,0.564102564103,0.454545454545,0.424242424242,0.41935483871,0.574074074074,0.72,0.58,0.46,0.630434782609,0.473684210526,0.75,0.772727272727,0.595744680851,0.774193548387,0.645161290323,0.655172413793,0.818181818182,0.949152542373,0.863636363636,0.78125,0.666666666667,0.615384615385,0.741935483871,0.69696969697,0.71875,0.677419354839,0.901960784314,0.829268292683,0.8125,0.846153846154,0.814814814815,0.513513513514,0.588235294118,0.648648648649,0.75,0.755555555556,0.761904761905,1.0,0.75,0.93023255814,0.877551020408,0.878787878788,0.853658536585,0.857142857143,0.765957446809,0.5,0.0666666666667,0.222222222222,0.212121212121,0.37037037037,0.666666666667,0.241379310345,0.5,0.134615384615,0.823529411765,0.291666666667,0.261904761905,0.206896551724,0.179487179487,0.244897959184,0.545454545455,0.931034482759,0.962962962963,0.757575757576,0.987012987013,1.0,1.0,1.0,1.0,1.0,0.75,0.896551724138,0.833333333333,0.735294117647,0.973684210526,0.4,0.568181818182,0.666666666667,0.714285714286,0.702702702703,0.777777777778,0.736842105263,0.803571428571,0.712121212121,0.695652173913,0.662790697674,0.646341463415,0.4125,0.685185185185,0.622222222222,0.729166666667,0.83908045977,0.96,0.892857142857,0.365853658537,0.660377358491,0.576923076923,0.658227848101,0.818181818182,0.826923076923,0.117647058824,0.730158730159,0.709677419355,0.823529411765,0.82,0.821917808219,0.829268292683,0.833333333333,0.818181818182,0.862068965517,0.409090909091,0.785714285714,0.341772151899,0.826666666667,0.796296296296,0.87037037037,0.771929824561,0.878787878788,0.757575757576,0.783783783784,0.606060606061,0.529411764706,0.875,0.857142857143,0.771428571429,0.636363636364,1.0,0.730769230769,0.975,0.795454545455,0.911764705882,0.829787234043,0.918367346939,0.954545454545,0.867924528302,0.88679245283,0.897435897436,0.706896551724,0.816326530612,0.866666666667,0.935483870968,0.871794871795,0.857142857143,0.914285714286,0.842105263158,0.818181818182,0.785714285714,0.767441860465,0.84375,0.5,0.770833333333,0.848484848485,0.8,0.916666666667,0.861111111111,0.871951219512,0.89156626506,0.710659898477,0.654545454545,0.863157894737,0.597222222222,0.603448275862,0.671428571429,0.686746987952,0.803738317757,1.0,0.548387096774,0.476744186047,0.658536585366,0.711340206186,0.839416058394,0.820143884892,0.666666666667,0.644736842105,0.760869565217,0.650485436893,0.746987951807,0.813333333333,0.72602739726,0.947368421053,0.823529411765,0.753246753247,0.80701754386,0.911764705882,0.641975308642,0.916666666667,0.315068493151,0.793650793651,0.756097560976,0.705882352941,0.605633802817,0.779661016949,0.72131147541,0.657534246575,0.7,0.685714285714,0.796296296296,0.464912280702,0.724770642202,0.802816901408,0.8,0.888888888889,0.747126436782,0.7,0.694915254237,0.688524590164,0.825581395349,0.9375,0.754098360656,0.566265060241,0.730769230769,0.814814814815,0.705882352941,0.819277108434,0.661764705882,0.757009345794,0.723404255319,0.8,0.844660194175,0.719298245614,0.8,0.686274509804,0.555555555556,0.670886075949,0.826923076923,0.755555555556,0.75641025641,0.802197802198,0.825,0.714285714286,0.868852459016,0.661538461538,0.712328767123,0.73786407767,0.862903225806,0.85,0.178571428571,0.75,0.739130434783,0.660714285714,0.59375,0.8,0.802631578947,0.864197530864,0.897196261682,0.830769230769,0.851485148515,0.639534883721,0.738095238095,0.784946236559,0.662790697674,0.820512820513,0.720930232558,0.511111111111,0.717948717949,0.879120879121,0.854166666667,0.872340425532,0.870967741935,0.903225806452,1.0,0.586956521739,0.305555555556,0.842105263158,0.809523809524,0.826086956522,0.760416666667,0.838709677419,0.65306122449,0.922077922078,0.777777777778,0.851851851852,0.784615384615,0.75641025641,0.833333333333,0.509803921569,0.69387755102,0.962264150943,0.689655172414,0.775862068966,0.824324324324,0.78,0.857142857143,0.634920634921,0.875,0.775,0.827272727273,0.868421052632,0.826923076923,0.777777777778,0.584415584416,0.78431372549,0.71186440678,0.872549019608,0.753424657534,0.713043478261,0.987654320988,0.739583333333,0.885245901639,0.881578947368,0.352941176471,0.911764705882,0.866666666667,0.827160493827,0.47619047619,0.753623188406,0.8,0.777777777778,0.686274509804,0.894736842105,0.76,0.833333333333,0.787878787879,0.89898989899,0.822916666667,0.843137254902,0.864864864865,0.831460674157,0.780952380952,0.88785046729,0.472727272727,1.0,0.620689655172,0.716417910448,0.941176470588,0.942857142857,0.692307692308,0.842105263158,0.833333333333,0.186046511628,0.304347826087,0.4375,0.903225806452,0.121212121212,0.5875,0.65,0.647058823529,0.781818181818,0.666666666667,0.888888888889,0.925,0.8,0.351351351351,1.0,0.828571428571,0.742857142857,0.891304347826,0.828571428571,0.846153846154,0.788461538462,0.780487804878,0.695652173913,0.694915254237,0.788461538462,0.895833333333,1.0,0.822580645161,0.76,0.75,0.854166666667,0.703703703704,0.516129032258,0.830508474576,0.809523809524,0.861386138614,0.607843137255,0.654320987654,0.972972972973,0.785714285714,0.516129032258,0.625,0.965517241379,0.838235294118,0.795698924731,1.0,0.72972972973,0.928571428571,0.522727272727,0.837209302326,1.0,1.0,0.75,0.88,0.866666666667,0.730769230769,0.6,0.55,0.542372881356,0.616666666667,0.541666666667,1.0,0.325,1.0,1.0,0.5,0.52,0.958333333333,0.673913043478,0.282608695652,0.612903225806,0.119047619048,0.2625,0.842857142857,0.571428571429,0.225806451613,0.333333333333,0.829268292683,0.830188679245,0.911764705882,0.871428571429,0.393939393939,0.208333333333,0.884615384615,0.09375,0.159090909091,0.916666666667,0.844660194175,0.9,0.90625,1.0,0.605263157895,0.625,0.666666666667,0.2,0.0392156862745,0.777777777778,0.2,0.206896551724,0.478260869565,0.838709677419,0.984375,0.868421052632,0.696428571429,0.821428571429,0.8,0.846153846154,0.85,0.547169811321,0.969696969697,0.666666666667,0.595744680851,0.83606557377,0.73417721519,0.666666666667,0.588235294118,0.340659340659,0.377777777778,0.323529411765,0.615384615385,0.655737704918,0.395348837209,0.583333333333,0.31914893617,0.433333333333,0.685714285714,0.7,0.797101449275,0.78125,0.830508474576,0.766666666667,0.607142857143,0.697674418605,0.816666666667,0.863636363636,0.819047619048,0.844155844156,0.878048780488,0.906666666667,0.821917808219,0.894736842105,0.76,0.807692307692,0.785714285714,0.8125,0.813559322034,0.814814814815,0.577777777778,0.195652173913,0.878378378378,0.9,0.842105263158,0.444444444444,0.829787234043,0.826530612245,0.776595744681,0.830188679245,0.925925925926,0.863636363636,0.808823529412,0.5,0.934210526316,0.895238095238,0.930555555556,0.79012345679,0.893617021277,0.875,0.928571428571,0.853658536585,0.916666666667,0.826923076923,0.894736842105,0.784810126582,0.761194029851,0.830188679245,0.833333333333,0.707317073171,0.890909090909,0.837209302326,0.75,0.545454545455,0.852941176471,0.564102564103,0.905405405405,0.519480519481,0.794117647059,0.74,0.654545454545,0.671641791045,0.817204301075,0.867469879518,0.785714285714,0.821428571429,0.754098360656,0.853107344633,0.824742268041,0.859154929577,0.775,0.881355932203,0.8375,0.740740740741,0.894736842105,0.8,0.842105263158,0.887096774194,0.87012987013,0.808823529412,0.803921568627,0.898550724638,0.892857142857,0.839285714286,0.814814814815,0.803921568627,0.840909090909,0.617647058824,0.774193548387,0.819672131148,0.8,0.820512820513,0.925,0.735294117647,0.901960784314,0.772727272727,0.707317073171,0.840909090909,0.888888888889,0.833333333333,0.888888888889,0.645161290323,0.862068965517,0.5,0.653846153846,0.808510638298,0.64,0.8125,0.645161290323,0.933333333333,0.558823529412,0.714285714286,0.515625,0.435897435897,0.76,0.714285714286,0.931034482759,0.879120879121,0.898148148148,0.903614457831,0.7875,0.295081967213,0.838235294118,0.5,0.7,0.518518518519,0.659090909091,0.761904761905,0.737373737374,0.775700934579,0.403225806452,0.423076923077,0.377777777778,0.688524590164,0.24358974359,0.776119402985,0.69696969697,0.734693877551,0.623188405797,0.763636363636,0.711111111111,0.275,0.275862068966,0.666666666667,0.873563218391,0.684210526316,0.816666666667,0.759493670886,0.679245283019,0.672131147541,0.6,0.703703703704,0.758064516129,0.5,0.703703703704,0.746835443038,0.606557377049,0.831460674157,0.684210526316,0.895833333333,0.724137931034,0.643835616438,0.828125,0.855421686747,0.882352941176,0.727272727273,0.36,0.68,0.80303030303,0.807692307692,0.428571428571,0.8,0.869565217391,0.714285714286,0.3,0.898305084746,0.929824561404,0.912280701754,0.903846153846,0.872340425532,0.775,0.720930232558,0.820512820513,0.728813559322,0.733333333333,0.583333333333,0.525,0.776119402985,0.72972972973,0.864406779661,0.859649122807,0.775,0.942857142857,0.833333333333,0.90625,0.805555555556,0.895833333333,0.863636363636,0.770833333333,0.709677419355,0.763888888889,0.857142857143,0.698113207547,0.836363636364,0.627906976744,0.813559322034,0.851063829787,0.857142857143,0.730769230769,0.846153846154,0.8,0.970588235294,0.666666666667,0.769230769231,0.731707317073,0.769230769231,0.75,0.590909090909,0.862068965517,0.867924528302,0.882352941176,0.619047619048,0.862068965517,0.433333333333,0.5,0.842105263158,0.678571428571,0.72972972973,0.785714285714,0.757575757576,0.875,0.882352941176,0.795918367347,0.660714285714,0.921875,0.947368421053,0.846153846154,1.0,0.6875,0.825,0.702127659574,0.625,0.765957446809,0.94,0.354838709677,0.631578947368,0.6875,0.788461538462,0.896551724138,0.939393939394,0.764705882353,0.74358974359,0.829787234043,0.803921568627,0.739130434783,0.710526315789,0.789473684211,0.821428571429,0.655172413793,0.8,0.788461538462,0.852941176471,0.88,0.923076923077,0.80487804878,0.921052631579,0.854166666667,0.833333333333,0.90243902439,0.673469387755,0.84375,0.862068965517,0.826086956522,0.9,0.847826086957,0.777777777778,0.952380952381,0.827586206897,0.848484848485,0.853658536585,0.859375,0.836734693878,0.893617021277,0.658227848101,0.823529411765,0.763888888889,0.575757575758,0.75,0.8,0.971428571429,0.811764705882,0.736111111111,1.0,0.893939393939,0.787878787879,0.862068965517,0.878787878788,0.666666666667,0.6,0.7,1.0,0.857142857143,0.878787878788,0.607142857143,0.730769230769,0.730769230769,0.766666666667,0.636363636364,0.604651162791,0.75,0.717948717949,0.824561403509,0.76,0.769230769231,0.826086956522,0.852941176471,0.733333333333,0.625,0.620689655172,0.666666666667,0.642857142857,0.8125,0.9,0.722222222222,0.886363636364,0.878048780488,0.744680851064,0.769230769231,1.0,0.671428571429,0.705882352941,0.225,0.914893617021,0.65671641791,0.641509433962,0.693548387097,0.666666666667,0.709677419355,0.894736842105,0.730769230769,0.732558139535,0.854545454545,0.839622641509,0.809917355372,0.744897959184,0.908256880734,0.889830508475,0.381578947368,1.0,0.567164179104,0.909090909091,0.881188118812,0.783783783784,0.877358490566,0.830357142857,0.924369747899,0.877777777778,0.87037037037,0.83908045977,0.776119402985,1.0,0.8125,0.885714285714,0.801470588235,0.2375,0.828571428571,0.88,0.847457627119,0.844444444444,0.314285714286,0.771084337349,0.77027027027,0.8,0.760869565217,0.980392156863,0.979591836735,0.80487804878,0.728813559322,0.666666666667,0.739130434783,1.0,0.735294117647,0.63768115942,0.776119402985,0.571428571429,0.698113207547,0.622641509434,0.703125,0.425,0.689655172414,0.872340425532,0.891304347826,0.981132075472,0.732558139535,0.761363636364,0.705882352941,0.7125,0.735849056604,0.595238095238,0.8,0.906666666667,0.678571428571,0.671052631579,0.754098360656,0.595238095238,0.694915254237,0.661764705882,0.555555555556,0.981481481481,0.722222222222,0.810126582278,0.770491803279,0.740740740741,0.763636363636,0.734375,0.78,0.746987951807,0.717647058824,0.693548387097,0.8,0.746478873239,0.802816901408,0.666666666667,0.723684210526,0.619718309859,0.833333333333,0.684782608696,0.833333333333,0.75,0.733333333333,0.658536585366,0.737704918033,0.827160493827,0.829545454545,1.0,0.788461538462,0.692307692308,0.921568627451,0.816666666667,0.85,0.689189189189,0.787878787879,1.0,0.757575757576,0.872340425532,0.837837837838,0.833333333333,0.766666666667,0.717948717949,0.860465116279,0.854545454545,0.947368421053,0.942857142857,0.893617021277,0.738095238095,0.875,0.782608695652,0.666666666667,0.742857142857,0.738095238095,0.533333333333,0.608695652174,0.575,0.647058823529,0.730769230769,0.579710144928,0.815789473684,0.8,0.75,0.890909090909,0.823529411765,0.205128205128,0.791666666667,0.872340425532,0.772727272727,0.846153846154,0.805555555556,0.894736842105,0.809523809524,0.829268292683,0.772727272727,0.822222222222,0.775510204082,0.811594202899,0.9,0.742857142857,0.836363636364,0.702702702703,0.794117647059,0.833333333333,0.862745098039,0.821428571429,0.72,0.857142857143,0.75,0.707317073171,0.605263157895,0.697674418605,0.87037037037,0.788461538462,0.881355932203,0.85,0.675,0.714285714286,0.708333333333,0.744680851064,0.291666666667,0.769230769231,0.588235294118,0.644444444444,0.844444444444,0.844444444444,0.833333333333,0.867924528302,0.302325581395,0.192307692308,0.217391304348,0.642857142857,0.828571428571,0.75,0.861538461538,0.742424242424,0.727272727273,0.88,0.655172413793,0.865671641791,0.898734177215,0.888888888889,0.903225806452,0.761194029851,0.7,0.767441860465,0.791666666667,0.65625,0.617647058824,0.777777777778,0.808510638298,0.785714285714,0.756756756757,0.794117647059,0.853333333333,0.695652173913,0.645161290323,0.883495145631,0.764705882353,0.921875,0.848484848485,0.775510204082,0.815217391304,0.852459016393,0.834862385321,1.0,0.833333333333,0.873015873016,0.818181818182,0.925,0.867924528302,0.83606557377,0.85,0.459459459459,0.857142857143,0.864583333333,0.724137931034,0.857142857143,0.821428571429,0.681818181818,0.80487804878,1.0,0.769230769231,0.846153846154,0.833333333333,0.655172413793,0.914285714286,0.875,0.666666666667,0.769230769231,0.6,0.638888888889,0.870967741935,0.8,0.794117647059,0.842857142857,0.769230769231,0.566666666667,0.744680851064,0.790697674419,0.8,0.869565217391,0.941176470588,0.875,0.847826086957,0.808510638298,0.755102040816,0.375,0.978723404255,0.857142857143,0.821428571429,0.870967741935,0.807692307692,0.848484848485,0.738095238095,0.862068965517,0.830508474576,0.877192982456,0.818181818182,0.954545454545,0.7,0.84,0.941176470588,0.886075949367,0.843373493976,0.854545454545,0.84375,0.844827586207,0.696428571429,0.901408450704,0.810126582278,0.8,0.844444444444,0.623188405797,0.515625,0.803278688525,0.724637681159,0.840579710145,0.805194805195,0.847457627119,0.786885245902,0.913043478261,0.888888888889,0.9,0.811320754717,0.811320754717,0.684210526316,0.802631578947,0.896551724138,0.888888888889,0.82,0.846153846154,0.8125,0.806451612903,0.837209302326,0.833333333333,0.772727272727,0.82,0.795454545455,1.0,0.883720930233,0.909090909091,0.71875,0.642857142857,0.875,0.777777777778,0.8,0.791666666667,0.769230769231,0.766666666667,0.735294117647,0.661016949153,0.703703703704,0.581395348837,0.942857142857,0.615384615385,0.756097560976,0.548387096774,0.863636363636,0.84375,0.894736842105,0.827586206897,0.925,0.811594202899,0.818181818182,0.87037037037,0.760869565217,0.744680851064,0.522727272727,0.56,0.626865671642,0.540983606557,0.650793650794,0.404761904762,0.515625,0.696428571429,0.46511627907,0.824324324324,0.808080808081,0.568181818182,0.673913043478,0.792207792208,0.594594594595,0.714285714286,0.509433962264,0.469387755102,0.5,0.52380952381,0.52,0.642857142857,0.666666666667,0.666666666667,0.62962962963,0.85635359116,0.857954545455,0.885906040268,0.860215053763,0.887755102041,0.869318181818,0.816666666667,0.911330049261,0.896907216495,0.764227642276,0.791540785498,0.738738738739,0.906976744186,0.899613899614,0.814960629921,0.833333333333,0.777777777778,0.887218045113,0.817567567568,0.918181818182,0.866666666667,0.871428571429,0.965517241379,0.824858757062,0.295238095238,0.923566878981,0.869565217391,0.886363636364,0.880952380952,0.452380952381,0.868613138686,0.846625766871,0.852760736196,0.342105263158,0.788461538462,0.89156626506,0.85401459854,0.0909090909091,0.0969696969697,0.879746835443,0.127906976744,0.17679558011,0.882352941176,0.198717948718,0.152941176471,0.867924528302,0.769230769231,0.866666666667,0.129943502825,0.191082802548,0.83850931677,0.873333333333,0.75845410628,0.868421052632,0.421686746988,0.886075949367,0.877192982456,0.880681818182,0.835897435897,0.880681818182,0.296703296703,0.203703703704,1.0,0.959183673469,0.886666666667,0.863309352518,0.8,0.457142857143,0.967032967033,0.792792792793,0.919191919192,0.888888888889,1.0,0.735632183908,0.706896551724,1.0,0.897435897436,0.902777777778,0.56,0.27397260274,0.847058823529,0.882352941176,0.862068965517,0.831168831169,0.961538461538,0.944444444444,0.793103448276,0.883333333333,0.794117647059,0.875,0.9,0.796875,0.818181818182,0.942028985507,0.829787234043,0.915887850467,0.833333333333,0.862595419847,0.745762711864,0.821782178218,0.873563218391,0.710526315789,0.514285714286,0.666666666667,0.694444444444,0.653846153846,0.666666666667,0.878048780488,0.74,0.548387096774,0.657894736842,0.674418604651,0.821428571429,0.724637681159,0.625,0.3,0.741935483871,0.83606557377,0.727272727273,0.538461538462,0.858974358974,0.65,0.814814814815,0.71875,0.666666666667,0.72972972973,0.829787234043,0.686868686869,0.682352941176,0.488372093023,0.6625,0.806451612903,0.928571428571,0.59649122807,0.7,0.651515151515,0.589285714286,0.617021276596,0.95652173913,0.661764705882,0.756097560976,0.754385964912,0.894736842105,0.723404255319,0.843137254902,0.765957446809,0.722222222222,0.724137931034,0.696428571429,0.746666666667,0.811320754717,0.658536585366,0.468085106383,0.611111111111,0.893617021277,0.965517241379,0.673076923077,0.787234042553,1.0,0.948717948718,0.387096774194,0.796875,0.491803278689,0.854838709677,0.791666666667,0.707692307692,0.872340425532,0.662162162162,0.583333333333,0.69696969697,0.78125,1.0,0.51724137931,0.64406779661,0.893617021277,0.705882352941,0.78431372549,0.75,0.529411764706,0.561403508772,0.792452830189,0.603773584906,0.675,0.9,0.745762711864,0.7,0.983050847458,0.597014925373,0.758064516129,0.843137254902,1.0,0.547169811321,0.595744680851,0.617021276596,0.77358490566,0.777777777778,0.376623376623,0.737704918033,0.788732394366,0.45,0.75,0.6875,0.72131147541,0.849056603774,0.7125,0.710843373494,0.628205128205,0.613333333333,0.382352941176,0.815789473684,0.532467532468,0.772727272727,0.854545454545,0.706896551724,0.832116788321,0.753623188406,0.779527559055,0.809090909091,0.779527559055,0.815217391304,0.897058823529,0.837209302326,0.756097560976,0.741935483871,0.704545454545,0.918367346939,0.9375,0.858585858586,0.814159292035,0.93023255814,0.929411764706,0.719008264463,0.75,0.807692307692,0.756302521008,0.765765765766,0.823076923077,0.782258064516,0.773109243697,0.810218978102,0.822033898305,0.945054945055,0.948453608247,0.80487804878,0.744525547445,0.7734375,0.814814814815,0.81875,0.920454545455,0.837606837607,0.838709677419,0.841666666667,0.837209302326,0.728971962617,0.653846153846,0.978723404255,0.645833333333,0.537313432836,0.216216216216,0.773333333333,0.859154929577,1.0,0.896551724138,1.0,0.88,0.789473684211,0.607843137255,0.925925925926,0.730158730159,0.304347826087,0.722222222222,0.797101449275,0.774193548387,0.735294117647,0.372093023256,0.673913043478,0.878787878788,0.852941176471,0.836363636364,0.888888888889,1.0,0.911111111111,0.954545454545,0.53488372093,0.371428571429,0.903225806452,0.485714285714,0.648648648649,0.970588235294,0.760869565217,0.525,0.649122807018,0.678571428571,0.803921568627,0.839285714286,0.855072463768,0.774647887324,0.775862068966,0.781609195402,0.736111111111,0.774193548387,0.785714285714,0.760869565217,0.791044776119,0.783505154639,0.864,0.754716981132,0.84347826087,1.0,0.703296703297,0.85,0.813333333333,0.747474747475,0.783018867925,0.778846153846,0.791208791209,0.789473684211,0.753246753247,0.855670103093,0.703703703704,0.851239669421,0.865671641791,0.760869565217,0.724637681159,0.928571428571,0.880952380952,0.71875,0.787234042553,0.805970149254,0.758620689655,0.911764705882,0.769230769231,0.892857142857,0.866666666667,0.9,0.769230769231,0.5,0.888888888889,0.75,0.814814814815,0.769230769231,0.815789473684,0.666666666667,0.866666666667,0.790697674419,0.848484848485,0.844444444444,0.64,0.857142857143,0.828571428571,0.786666666667,0.842105263158,0.943396226415,0.875,0.738095238095,0.55,0.729166666667,0.807692307692,0.745454545455,0.68,0.921875,0.828125,0.844827586207,0.792792792793,0.855072463768,0.897959183673,0.884615384615,0.727272727273,0.869565217391,0.879310344828,0.864864864865,0.710843373494,0.709302325581,0.9,0.870967741935,0.666666666667,0.837209302326,0.83950617284,0.605263157895,0.678571428571,0.84375,0.890243902439,0.819444444444,0.666666666667,0.714285714286,0.48275862069,0.72,0.818181818182,0.666666666667,0.857142857143,0.555555555556,0.657142857143,0.6,0.609756097561,0.56,0.461538461538,0.613636363636,0.738461538462,0.814814814815,0.558139534884,0.71875,0.0344827586207,0.583333333333,0.15,0.107142857143,0.266666666667,0.4,0.296296296296,0.833333333333,0.74,0.857142857143,0.823529411765,1.0,0.545454545455,0.842105263158,0.779411764706,0.885714285714,0.803921568627,0.548387096774,0.769230769231,0.851351351351,0.714285714286,0.782608695652,0.897435897436,0.820512820513,0.560975609756,0.790697674419,0.931818181818,0.9,0.8,0.74358974359,0.88,0.904761904762,0.588235294118,0.725,0.684210526316,0.757142857143,0.820895522388,0.5,0.631578947368,0.55737704918,0.8125,0.869565217391,0.511627906977,0.886075949367,0.649122807018,0.842105263158,0.844827586207,0.702702702703,0.657894736842,0.9,0.767441860465,0.605263157895,0.541666666667,0.707317073171,0.851063829787,0.835294117647,0.890909090909,0.822916666667,0.869565217391,0.740384615385,0.772151898734,0.740740740741,0.860759493671,0.855421686747,0.710144927536,0.770833333333,0.857142857143,0.842105263158,0.676470588235,0.742857142857,0.8375,0.703125,0.846846846847,0.876288659794,0.761904761905,0.75,0.605633802817,0.469879518072,0.802631578947,0.859375,0.584615384615,0.860465116279,0.446808510638,0.756097560976,0.888888888889,0.876923076923,0.882352941176,0.926470588235,0.746835443038,0.826923076923,0.616666666667,0.811320754717,0.574074074074,0.637931034483,1.0,0.964285714286,0.944444444444,1.0,0.940298507463,0.716049382716,0.797872340426,0.735294117647,0.862068965517,0.810126582278,0.882352941176,0.744186046512,0.520833333333,0.859375,0.830188679245,0.706896551724,0.559322033898,0.814814814815,1.0,1.0,0.526315789474,0.5625,0.833333333333,0.941176470588,0.939393939394,0.422222222222,0.604166666667,0.53488372093,0.528301886792,0.541666666667,0.40350877193,0.571428571429,0.5,0.509433962264,0.603448275862,0.4,0.285714285714,0.581818181818,0.6,0.404761904762,0.590909090909,0.607142857143,0.463414634146,0.542857142857,0.744680851064,0.56862745098,0.587301587302,0.551724137931,0.6,0.553191489362,0.446428571429,0.5,0.710526315789,0.591836734694,0.525,0.488888888889,0.636363636364,0.413043478261,0.59375,0.575757575758,0.5,0.555555555556,0.615384615385,0.622222222222,0.551724137931,0.65,0.403846153846,0.508771929825,0.519230769231,0.408163265306,0.806201550388,0.708860759494,0.706161137441,0.991228070175,1.0,1.0,0.575,0.641509433962,0.545454545455,0.485714285714,0.653846153846,0.45652173913,0.54347826087,0.770833333333,0.645161290323,0.44,0.528301886792,0.480769230769,0.542857142857,0.647887323944,0.734375,0.677966101695,0.631578947368,0.58,0.741379310345,0.648648648649,0.568181818182,0.545454545455,0.738738738739,1.0,0.821428571429,0.808823529412,0.5,0.675,0.8125,0.920634920635,0.609375,0.730769230769,0.701754385965,0.75641025641,0.538461538462,0.763157894737,0.640625,0.809523809524,0.702380952381,0.740740740741,0.566037735849,0.833333333333,0.72602739726,0.583333333333,0.620253164557,0.514285714286,0.8,0.6,0.551020408163,0.765957446809,0.759259259259,0.5,0.64406779661,1.0,0.576923076923,0.483870967742,0.5,0.758620689655,1.0,0.86301369863,0.78431372549,0.571428571429,0.802631578947,0.530612244898,0.898305084746,0.466666666667,0.766666666667,0.434782608696,0.559322033898,0.534482758621,0.541666666667,0.454545454545,0.545454545455,0.551020408163,0.615384615385,0.85,0.767441860465,0.722222222222,0.522727272727,0.589743589744,0.534482758621,0.484848484848,0.777777777778,0.608695652174,0.65625,0.59375,0.714285714286,0.65306122449,0.814814814815,0.730158730159,0.438596491228,0.611940298507,0.631578947368,0.846153846154,0.5,0.836734693878,0.884615384615,0.698113207547,0.8,0.736842105263,0.672413793103,0.75,0.803921568627,0.795454545455,0.488372093023,0.8203125,0.817204301075,0.492307692308,0.807692307692,0.768115942029,0.383561643836,0.793103448276,0.490196078431,0.79020979021,0.87037037037,0.699115044248,0.695652173913,0.666666666667,0.909090909091,0.742857142857,0.782608695652,0.865384615385,0.671232876712,0.738095238095,0.717391304348,0.641025641026,0.651515151515,0.730769230769,0.5,0.708333333333,0.936842105263,0.690909090909,0.883116883117,1.0,0.753424657534,0.509803921569,0.75,0.38202247191,0.8,0.65625,0.438202247191,0.444444444444,1.0,0.928571428571,0.78,1.0,0.32,0.725,0.688311688312,1.0,0.4,0.609375,0.918032786885,0.357142857143,0.755102040816,0.30612244898,0.372549019608,0.711340206186,0.477477477477,0.461538461538,0.811594202899,0.860759493671,0.368421052632,0.333333333333,0.84126984127,0.633802816901,0.413793103448,0.715909090909,0.724137931034,0.928571428571,0.855072463768,0.565789473684,0.373333333333,0.588235294118,0.662162162162,0.620689655172,0.297297297297,0.317073170732,0.46875,0.83908045977,0.779411764706,0.772727272727,0.659090909091,0.849315068493,0.736842105263,0.402597402597,0.630434782609,0.287878787879,0.333333333333,0.326086956522,0.612244897959,0.636363636364,0.565789473684,0.657894736842,0.722222222222,0.371794871795,0.269230769231,0.323529411765,0.354430379747,0.294871794872,0.585365853659,0.533333333333,0.7,0.353658536585,0.368421052632,0.770833333333,0.653846153846,0.444444444444,0.905660377358,0.69014084507,0.683544303797,0.409638554217,0.7,0.702702702703,0.657534246575,0.694915254237,0.775,0.720930232558,0.709677419355,0.650793650794,0.8,0.394736842105,0.835443037975,0.716981132075,0.719298245614,0.753246753247,0.866666666667,0.779661016949,0.737704918033,0.647058823529,0.729166666667,0.912280701754,0.823529411765,0.826086956522,0.666666666667,0.21875,0.529411764706,0.593220338983,0.75,0.797619047619,0.686567164179,0.797297297297,0.822580645161,0.893617021277,0.490909090909,0.777777777778,0.666666666667,0.58024691358,0.916666666667,0.87012987013,0.782051282051,1.0,0.64,0.789473684211,0.795918367347,0.887323943662,0.811594202899,0.633333333333,0.863636363636,0.486486486486,0.785714285714,0.75,0.777777777778,0.739130434783,0.395833333333,0.731958762887,1.0,1.0,0.838709677419,0.833333333333,0.820512820513,0.703296703297,0.66,0.6,0.69387755102,0.756756756757,0.790322580645,0.573529411765,0.865671641791,0.690476190476,0.659574468085,0.724770642202,0.768292682927,0.613333333333,0.815789473684,0.789473684211,0.652631578947,0.329268292683,0.461538461538,0.520833333333,0.72641509434,0.317647058824,0.823529411765,0.746478873239,0.829268292683,0.694915254237,0.884057971014,0.414634146341,0.881720430108,0.360655737705,0.777777777778,0.653846153846,0.75,0.836734693878,0.837837837838,0.831168831169,0.881578947368,0.710526315789,0.854838709677,0.9375,0.875,0.94,0.913043478261,0.840909090909,0.348484848485,0.809523809524,0.840909090909,1.0,0.904109589041,0.777777777778,0.755395683453,0.853658536585,0.840909090909,0.93023255814,0.58064516129,0.648148148148,0.829268292683,0.728813559322,0.855421686747,0.860465116279,0.835294117647,0.981481481481,0.837209302326,0.857142857143,0.921348314607,0.605263157895,0.333333333333,0.823529411765,0.815384615385,0.741935483871,0.563636363636,0.454545454545,0.807692307692,0.833333333333,0.88,0.804347826087,0.744680851064,0.9625,0.696428571429,0.842857142857,0.515151515152,0.758064516129,0.6875,0.943396226415,1.0,0.850746268657,0.830985915493,0.842857142857,0.851851851852,0.966666666667,0.771084337349,0.868421052632,0.133333333333,0.636363636364,0.181818181818,0.848484848485,0.681818181818,0.727272727273,0.923076923077,0.571428571429,1.0,0.869565217391,0.727272727273,0.652173913043,0.932038834951,0.278350515464,0.880434782609,0.896907216495,0.607843137255,0.724489795918,0.843373493976,0.731481481481,0.349206349206,0.851239669421,0.193277310924,0.882352941176,0.277777777778,0.92,0.136363636364,0.807692307692,0.295238095238,0.242424242424,0.824561403509,0.263157894737,0.759689922481,0.201612903226,0.788461538462,0.333333333333,0.214285714286,0.797202797203,0.8,0.843137254902,0.736434108527,0.794520547945,0.236842105263,0.284552845528,0.812949640288,0.201834862385,0.454545454545,0.23,0.810344827586,0.772058823529,0.817518248175,0.820754716981,0.789115646259,0.788732394366,0.228260869565,0.801526717557,0.563636363636,0.648648648649,0.4,0.714285714286,0.53125,0.776315789474,0.783783783784,0.741935483871,0.581818181818,0.657142857143,0.68932038835,0.595238095238,0.823529411765,0.455696202532,0.536585365854,0.320388349515,0.711340206186,0.31746031746,0.5,0.5,1.0,0.302325581395,0.290697674419,0.304347826087,0.452380952381,0.762711864407,0.86,0.647058823529,0.391304347826,0.573770491803,0.472727272727,0.328571428571,0.771428571429,0.815789473684,0.407894736842,0.865671641791,0.75,0.727272727273,0.72619047619,0.820512820513,0.714285714286,0.405405405405,0.683673469388,0.784810126582,0.644736842105,0.805555555556,0.681818181818,0.836734693878,0.698412698413,0.732142857143,0.767605633803,0.781609195402,0.327868852459,0.734693877551,0.838709677419,0.833333333333,0.72619047619,0.793103448276,0.706896551724,0.645161290323,0.8,0.947368421053,0.714285714286,0.898305084746,0.753424657534,0.753086419753,0.672727272727,0.698412698413,0.709677419355,0.283018867925,0.349206349206,0.810344827586,0.758064516129,0.826666666667,0.836734693878,0.632352941176,0.854838709677,0.328125,1.0,0.703703703704,0.603448275862,0.8,0.610169491525,0.701754385965,0.379310344828,0.706666666667,0.861538461538,0.708860759494,0.705128205128,0.782051282051,0.349206349206,0.602564102564,0.7,0.724637681159,0.692307692308,0.646153846154,0.630136986301,0.693333333333,0.683544303797,0.693333333333,0.375,0.606557377049,0.65671641791,0.644444444444,0.714285714286,0.6875,0.688311688312,0.724637681159,0.579710144928,0.620253164557,0.697674418605,0.675,0.647887323944,0.608695652174,0.833333333333,0.622950819672,0.573170731707,0.675,0.653333333333,0.621621621622,0.920634920635,0.819444444444,0.649484536082,0.68085106383,0.677419354839,0.584415584416,0.88,0.630769230769,0.842857142857,0.747368421053,0.776315789474,0.854838709677,0.795698924731,0.404761904762,0.724637681159,0.810126582278,0.423076923077,0.653846153846,0.725,0.296296296296,0.888888888889,0.853333333333,0.310344827586,0.833333333333,0.857142857143,0.909090909091,0.744186046512,0.744680851064,1.0,0.634146341463,0.872340425532,0.854545454545,0.625,0.972222222222,0.764705882353,0.837209302326,0.76,0.5,0.454545454545,0.764705882353,0.678571428571,0.307692307692,0.80487804878,0.782608695652,0.36,0.196261682243,0.865671641791,1.0,0.805555555556,0.709677419355,0.833333333333,0.291666666667,0.381578947368,0.234042553191,0.666666666667,0.850877192982,0.888888888889,0.125,0.774193548387,0.44262295082,0.717391304348,0.59375,0.685185185185,0.689655172414,0.783333333333,0.763636363636,0.868421052632,0.801886792453,0.838709677419,0.766666666667,1.0,0.488372093023,0.512820512821,0.694444444444,0.714285714286,0.727272727273,0.961538461538,0.258064516129,0.767441860465,0.583333333333,0.606060606061,0.618181818182,0.657142857143,0.766666666667,0.531914893617,0.622222222222,0.897435897436,0.585714285714,0.777777777778,0.547169811321,0.594594594595,0.78,0.583333333333,0.574468085106,0.676923076923,0.571428571429,0.568181818182,0.659574468085,1.0,0.666666666667,0.666666666667,0.607843137255,0.46,0.807692307692,0.813953488372,0.828125,0.802816901408,0.881578947368,0.666666666667,0.851851851852,0.833333333333,0.787878787879,0.924528301887,0.865671641791,0.530612244898,0.54,0.491228070175,0.692307692308,0.728260869565,0.527777777778,0.730158730159,0.613636363636,0.823529411765,0.767441860465,0.6,0.821428571429,0.931034482759,0.879518072289,0.75,0.75,0.761904761905,0.620689655172,0.629032258065,0.848484848485,0.576923076923,0.558139534884,0.518518518519,0.415584415584,0.0873015873016,0.0860215053763,0.142335766423,0.836363636364,0.244186046512,0.125,0.827067669173,0.157232704403,0.320987654321,0.85,0.814814814815,0.666666666667,0.769230769231,0.6,0.62,0.731707317073,0.839622641509,0.770833333333,0.893203883495,0.681818181818,0.47619047619,0.514285714286,0.75,0.69696969697,0.894736842105,0.841121495327,0.809523809524,0.933333333333,0.78,0.813953488372,0.909090909091,0.4375,0.657894736842,0.964285714286,0.695652173913,1.0,0.978260869565,0.846153846154,0.88,0.6875,0.803571428571,0.510638297872,0.866666666667,0.88679245283,0.850574712644,0.744680851064,0.774193548387,0.964285714286,0.806451612903,0.806451612903,0.90625,1.0,0.148648648649,0.6875,0.83606557377,0.868852459016,0.764705882353,0.79347826087,0.814814814815,0.766666666667,0.892561983471,0.817073170732,0.558823529412,0.805555555556,0.844155844156,0.888888888889,0.58024691358,0.829545454545,0.720588235294,0.5,0.356164383562,0.588235294118,0.960784313725,0.583333333333,0.441176470588,0.555555555556,0.716666666667,0.700934579439,0.808219178082,0.589285714286,0.533333333333,0.675675675676,0.642857142857,0.634615384615,0.6,0.681818181818,0.671875,0.5,0.510204081633,0.603174603175,0.546875,0.760869565217,0.44262295082,0.48,0.540540540541,0.571428571429,0.630434782609,0.966666666667,0.45,0.507462686567,0.48275862069,0.454545454545,0.526315789474,0.43137254902,0.46,0.6,0.58064516129,0.528301886792,0.528301886792,0.613333333333,0.486486486486,0.403846153846,0.586956521739,0.677419354839,0.478260869565,0.426829268293,0.574074074074,0.625,0.539682539683,0.560975609756,0.593220338983,0.461538461538,0.54,0.616666666667,0.541666666667,0.490196078431,0.452830188679,0.458333333333,0.470588235294,0.616666666667,0.558823529412,0.509803921569,0.519230769231,0.490909090909,0.44,0.755555555556,0.53125,0.62,0.566037735849,0.52380952381,0.541666666667,0.382978723404,0.55,0.564516129032,0.458333333333,0.48,0.523076923077,0.333333333333,0.531914893617,0.44,0.407407407407,0.54,0.5625,0.403846153846,0.555555555556,0.5,0.684210526316,0.666666666667,0.789473684211,0.52,0.444444444444,0.392156862745,0.406779661017,0.461538461538,0.511111111111,0.566037735849,0.34375,0.48275862069,0.491803278689,0.456140350877,0.46,0.486486486486,0.5,0.391304347826,0.409090909091,0.415094339623,0.585365853659,0.733333333333,0.467741935484,0.479166666667,0.565217391304,0.389830508475,0.526315789474,0.4,0.530612244898,0.583333333333,0.431034482759,0.5,0.46,0.460317460317,0.593220338983,0.531914893617,0.477272727273,0.428571428571,0.459016393443,0.379310344828,0.529411764706,0.567567567568,0.666666666667,0.52380952381,0.459459459459,0.5,0.481481481481,0.56,0.519230769231,0.5,0.612903225806,0.490909090909,0.615384615385,0.571428571429,0.444444444444,0.516666666667,0.527777777778,0.55,0.571428571429,0.479166666667,0.441176470588,0.581818181818,0.425925925926,0.461538461538,0.473684210526,0.5,0.545454545455,0.509803921569,0.488372093023,0.463414634146,0.6,0.470588235294,0.511627906977,0.485294117647,0.47619047619,0.661290322581,0.553571428571,0.5,0.508196721311,0.487179487179,0.413043478261,0.463414634146,0.55,0.454545454545,0.5,0.545454545455,0.575,0.65306122449,0.415094339623,0.311111111111,0.56862745098,0.519230769231,0.528301886792,0.390243902439,0.480769230769,0.583333333333,0.551020408163,0.413043478261,0.45652173913,0.490566037736,0.571428571429,0.444444444444,0.435897435897,0.415094339623,0.526315789474,0.642857142857,0.566037735849,0.571428571429,0.290322580645,0.571428571429,0.395833333333,0.490196078431,0.4,0.40350877193,0.543859649123,0.384615384615,0.535714285714,0.586956521739,0.522388059701,0.465517241379,0.530612244898,0.586956521739,0.571428571429,0.553191489362,0.456140350877,0.557692307692,0.540983606557,0.4375,0.396551724138,0.5,0.588235294118,0.448275862069,0.48275862069,0.590909090909,0.59375,0.534482758621,0.452380952381,0.482142857143,0.547619047619,0.510638297872,0.508474576271,0.533333333333,0.413043478261,0.575,0.421052631579,0.517857142857,0.444444444444,0.52,0.483333333333,0.490566037736,0.47619047619,0.5,0.581395348837,0.5,0.540983606557,0.482142857143,0.555555555556,0.577777777778,0.5,0.457627118644,0.510638297872,0.604651162791,0.396226415094,0.426470588235,0.538461538462,0.555555555556,0.491525423729,0.412698412698,0.416666666667,0.339622641509,0.526315789474,0.529411764706,0.537037037037,0.632653061224,0.612903225806,0.448979591837,0.459459459459,0.5,0.578947368421,0.526315789474,0.545454545455,0.514705882353,0.6,0.55737704918,0.402985074627,0.547169811321,0.5,0.410714285714,0.578125,0.583333333333,0.491803278689,0.516666666667,0.466666666667,0.431034482759,0.507042253521,0.5,0.578947368421,0.530612244898,0.416666666667,0.41935483871,0.491228070175,0.521739130435,0.490196078431,0.588235294118,0.448979591837,0.510204081633,0.490566037736,0.434782608696,0.450980392157,0.5,0.438596491228,0.483333333333,0.333333333333,0.45,0.5,0.483333333333,0.5,0.491803278689,0.434782608696,0.689655172414,0.547169811321,0.62,0.509433962264,0.434782608696,0.485714285714,0.575,0.521739130435,0.5,0.408163265306,0.407407407407,0.416666666667,0.511111111111,0.480769230769,0.5,0.491525423729,0.44262295082,0.490196078431,0.421052631579,0.433962264151,0.4375,0.434782608696,0.440677966102,0.468085106383,0.548387096774,0.603448275862,0.589285714286,0.483333333333,0.46875,0.403846153846,0.461538461538,0.542857142857,0.561403508772,0.595238095238,0.421052631579,0.522727272727,0.552631578947,0.385964912281,0.473684210526,0.469387755102,0.578125,0.632653061224,0.45652173913,0.552631578947,0.47619047619,0.526315789474,0.456140350877,0.425925925926,0.536585365854,0.545454545455,0.514285714286,0.44,0.555555555556,0.509433962264,0.522727272727,0.441860465116,0.531914893617,0.519480519481,0.566666666667,0.538461538462,0.558823529412,0.52380952381,0.551724137931,0.625,0.533333333333,0.509803921569,0.510638297872,0.5,0.538461538462,0.434782608696,0.47619047619,0.571428571429,0.530612244898,0.537037037037,0.557692307692,0.571428571429,0.475,0.454545454545,0.444444444444,0.507462686567,0.456140350877,0.425,0.535211267606,0.465517241379,0.513513513514,0.470588235294,0.428571428571,0.59649122807,0.581395348837,0.475,0.555555555556,0.268292682927,0.575,0.568965517241,0.641025641026,0.425925925926,0.595744680851,0.395833333333,0.333333333333,0.41935483871,0.484375,0.492063492063,0.515151515152,0.568965517241,0.655172413793,0.518518518519,0.553571428571,0.483333333333,0.5,0.513513513514,0.515625,0.435897435897,0.555555555556,0.741935483871,0.514285714286,0.4,0.536585365854,0.368421052632,0.425925925926,0.627906976744,0.5,0.475,0.682926829268,0.40625,0.4375,0.561403508772,0.433962264151,0.477272727273,0.5,0.408163265306,0.522727272727,0.488888888889,0.513513513514,0.481481481481,0.446808510638,0.414634146341,0.404255319149,0.474576271186,0.43137254902,0.313725490196,0.309523809524,0.485294117647,0.428571428571,0.5,0.469387755102,0.518518518519,0.461538461538,0.454545454545,0.611111111111,0.441860465116,0.487804878049,0.41935483871,0.534482758621,0.714285714286,0.682926829268,0.585365853659,0.518518518519,0.603448275862,0.692307692308,0.704545454545,0.711111111111,0.690476190476,0.386363636364,0.526315789474,0.388888888889,0.490566037736,0.510204081633,0.4,0.435897435897,0.52380952381,0.561403508772,0.564102564103,0.471698113208,0.44262295082,0.490196078431,0.549019607843,0.5,0.521739130435,0.521739130435,0.576923076923,0.46511627907,0.558139534884,0.5,0.577777777778,0.535714285714,0.5,0.6,0.588235294118,0.58,0.576923076923,0.56862745098,0.548387096774,0.413793103448,0.5,0.529411764706,0.548387096774,0.526315789474,0.589285714286,0.451612903226,0.563636363636,0.525423728814,0.354166666667,0.348837209302,0.446428571429,0.475,0.525,0.413043478261,0.516129032258,0.511111111111,0.5,0.513513513514,0.526315789474,0.513513513514,0.565217391304,0.489361702128,0.511111111111,0.452830188679,0.477272727273,0.483333333333,0.5625,0.6,0.446808510638,0.517857142857,0.4375,0.475,0.37037037037,0.428571428571,0.461538461538,0.5,0.272727272727,0.435897435897,0.40625,0.448979591837,0.354838709677,0.48,0.46511627907,0.560975609756,0.56,0.571428571429,0.444444444444,0.4375,0.41935483871,0.432432432432,0.458333333333,0.549019607843,0.5625,0.551724137931,0.439024390244,0.424242424242,0.605263157895,0.515151515152,0.481481481481,0.405405405405,0.413043478261,0.413043478261,0.479166666667,0.595238095238,0.446153846154,0.428571428571,0.473684210526,0.604651162791,0.560975609756,0.471698113208,0.490909090909,0.365384615385,0.555555555556,0.366666666667,0.40625,0.481481481481,0.431034482759,0.415094339623,0.418181818182,0.490196078431,0.5,0.416666666667,0.52380952381,0.444444444444,0.442307692308,0.479166666667,0.292682926829,0.52,0.462962962963,0.574074074074,0.4,0.547169811321,0.658536585366,0.447368421053,0.447368421053,0.41935483871,0.608695652174,0.444444444444,0.509090909091,0.558139534884,0.519230769231,0.574074074074,0.42,0.446808510638,0.448979591837,0.458333333333,0.395348837209,0.549019607843,0.433962264151,0.242424242424,0.457142857143,0.542857142857,0.611111111111,0.42,0.510204081633,0.560975609756,0.574074074074,0.578947368421,0.583333333333,0.414634146341,0.54,0.592592592593,0.512195121951,0.5,0.6,0.558139534884,0.418604651163,0.52380952381,0.553571428571,0.479166666667,0.432432432432,0.522727272727,0.614035087719,0.483870967742,0.722222222222,0.5,0.586956521739,0.403846153846,0.476923076923,0.685714285714,0.568181818182,0.454545454545,0.551724137931,0.516129032258,0.461538461538,0.529411764706,0.369565217391,0.405405405405,0.541666666667,0.574468085106,0.462962962963,0.42,0.583333333333,0.584905660377,0.571428571429,0.54347826087,0.527272727273,0.5,0.5,0.474576271186,0.625,0.45,0.48275862069,0.558139534884,0.644444444444,0.625,0.357142857143,0.642857142857,0.404761904762,0.594594594595,0.46875,0.54347826087,0.425925925926,0.442307692308,0.553191489362,0.583333333333,0.530612244898,0.586956521739,0.591836734694,0.512195121951,0.625,0.561403508772,0.578947368421,0.424242424242,0.512195121951,0.425,0.415094339623,0.538461538462,0.56862745098,0.591836734694,0.479166666667,0.540540540541,0.509433962264,0.583333333333,0.757575757576,0.615384615385,0.511627906977,0.482142857143,0.431818181818,0.431818181818,0.55,0.372093023256,0.462962962963,0.533333333333,0.469387755102,0.617021276596,0.632653061224,0.441860465116,0.551020408163,0.578947368421,0.54,0.43137254902,0.533333333333,0.520833333333,0.540540540541,0.553191489362,0.510638297872,0.552631578947,0.5,0.5,0.553191489362,0.538461538462,0.720930232558,0.46511627907,0.431818181818,0.465517241379,0.508771929825,0.488888888889,0.48,0.586956521739,0.469387755102,0.372093023256,0.367346938776,0.441860465116,0.458333333333,0.481012658228,0.46,0.538461538462,0.558139534884,0.576271186441,0.540540540541,0.530612244898,0.403225806452,0.608695652174,0.557692307692,0.6875,0.560975609756,0.456140350877,0.557692307692,0.4,0.405405405405,0.48275862069,0.666666666667,0.555555555556,0.457142857143,0.418604651163,0.5,0.464285714286,0.542372881356,0.5,0.602941176471,0.444444444444,0.42,0.534482758621,0.521126760563,0.465517241379,0.489361702128,0.357142857143,0.450980392157,0.345454545455,0.372881355932,0.538461538462,0.566666666667,0.475409836066,0.297872340426,0.533333333333,0.530612244898,0.522727272727,0.477611940299,0.540983606557,0.42,0.509803921569,0.425925925926,0.482142857143,0.564516129032,0.44262295082,0.558823529412,0.446808510638,0.568181818182,0.545454545455,0.457142857143,0.411764705882,0.527272727273,0.448275862069,0.491525423729,0.666666666667,0.480769230769,0.436363636364,0.44,0.395348837209,0.411764705882,0.4,0.418604651163,0.448979591837,0.5,0.356164383562,0.52380952381,0.48,0.448979591837,0.481481481481,0.521739130435,0.456140350877,0.425925925926,0.458333333333,0.5,0.479166666667,0.55,0.528301886792,0.568181818182,0.45652173913,0.451612903226,0.46511627907,0.565217391304,0.483333333333,0.558139534884,0.36170212766,0.444444444444,0.371428571429,0.5,0.6,0.594594594595,0.514285714286,0.452380952381,0.44,0.565217391304,0.448979591837,0.428571428571,0.564102564103,0.5,0.418604651163,0.481481481481,0.472727272727,0.5,0.428571428571,0.527272727273,0.458333333333,0.576271186441,0.535714285714,0.54,0.535714285714,0.43137254902,0.433962264151,0.433962264151,0.44,0.432432432432,0.483870967742,0.529411764706,0.394736842105,0.489361702128,0.463414634146,0.551724137931,0.466666666667,0.714285714286,0.536585365854,0.826086956522,0.821428571429,0.6,0.552631578947,0.388888888889,0.432432432432,0.5,0.536231884058,0.5,0.5,0.428571428571,0.577777777778,0.542857142857,0.490566037736,0.529411764706,0.481481481481,0.528301886792,0.525,0.439024390244,0.45,0.393939393939,0.5,0.553571428571,0.509803921569,0.555555555556,0.392857142857,0.84375,0.56862745098,0.655737704918,0.618181818182,0.644444444444,0.896551724138,0.694444444444,0.56862745098,0.653846153846,0.592592592593,0.553571428571,0.566666666667,0.446808510638,0.511111111111,0.352941176471,0.391304347826,0.576923076923,0.533333333333,0.475409836066,0.647058823529,0.472222222222,0.473684210526,0.530612244898,0.577777777778,0.428571428571,0.541666666667,0.58064516129,0.380952380952,0.477272727273,0.588235294118,0.590909090909,0.536585365854,0.45,0.555555555556,0.490566037736,0.474576271186,0.662162162162,0.578947368421,0.407407407407,0.434782608696,0.527777777778,0.54,0.473684210526,0.459016393443,0.612244897959,0.543859649123,0.509090909091,0.466666666667,0.4375,0.440677966102,0.56,0.509803921569,0.510638297872,0.387755102041,0.5,0.433962264151,0.384615384615,0.45,0.617647058824,0.708333333333,0.48275862069,0.604651162791,0.777777777778,0.574074074074,0.595238095238,0.459459459459,0.63829787234,0.48275862069,0.564102564103,0.352941176471,0.52,0.47619047619,0.514285714286,0.491228070175,0.558139534884,0.549019607843,0.553191489362,0.62962962963,0.675675675676,0.596153846154,0.604166666667,0.589743589744,0.406779661017,0.583333333333,0.326530612245,0.483333333333,0.591836734694,0.542372881356,0.485714285714,0.551020408163,0.5,0.5,0.5,0.571428571429,0.571428571429,0.339622641509,0.512195121951,0.461538461538,0.5,0.603773584906,0.542372881356,0.571428571429,0.584615384615,0.475409836066,0.468085106383,0.483333333333,0.431034482759,0.553571428571,0.488372093023,0.478260869565,0.609756097561,0.513513513514,0.575,0.424242424242,0.408163265306,0.513513513514,0.486486486486,0.348484848485,0.538461538462,0.5,0.657894736842,0.375,0.520833333333,0.476923076923,0.515625,0.34693877551,0.4,0.433962264151,0.581818181818,0.479166666667,0.607142857143,0.518518518519,0.491525423729,0.444444444444,0.536585365854,0.46,0.527272727273,0.470588235294,0.469387755102,0.489361702128,0.475,0.491525423729,0.428571428571,0.483333333333,0.612244897959,0.423076923077,0.509433962264,0.48275862069,0.522388059701,0.426229508197,0.473684210526,0.534482758621,0.603448275862,0.396226415094,0.36170212766,0.418604651163,0.490196078431,0.4,0.405405405405,0.654545454545,0.557692307692,0.416666666667,0.446808510638,0.36,0.431034482759,0.5,0.487179487179,0.615384615385,0.547169811321,0.447368421053,0.466666666667,0.508196721311,0.51724137931,0.55737704918,0.520833333333,0.636363636364,0.448979591837,0.46,0.410256410256,0.56,0.53488372093,0.387755102041,0.590909090909,0.633333333333,0.454545454545,0.491525423729,0.619047619048,0.45652173913,0.452380952381,0.56862745098,0.491803278689,0.466666666667,0.537037037037,0.473684210526,0.591836734694,0.6,0.561403508772,0.514705882353,0.56862745098,0.545454545455,0.425531914894,0.481481481481,0.5,0.540983606557,0.416666666667,0.407407407407,0.604166666667,0.5,0.491228070175,0.348837209302,0.5,0.428571428571,0.645161290323,0.373134328358,0.514285714286,0.583333333333,0.42,0.578125,0.484375,0.530612244898,0.441176470588,0.4,0.481481481481,0.386363636364,0.62,0.588235294118,0.407407407407,0.410256410256,0.690476190476,0.4375,0.491228070175,0.575757575758,0.527777777778,0.404255319149,0.565217391304,0.288461538462,0.511111111111,0.62,0.46511627907,0.488888888889,0.363636363636,0.454545454545,0.571428571429,0.590909090909,0.464285714286,0.333333333333,0.37037037037,0.43137254902,0.52380952381,0.460317460317,0.520833333333,0.45,0.595744680851,0.444444444444,0.460317460317,0.55737704918,0.375,0.392857142857,0.344827586207,0.526315789474,0.552631578947,0.607843137255,0.639344262295,0.524590163934,0.80487804878,0.76,0.512195121951,0.428571428571,0.396551724138,0.396226415094,0.571428571429,0.454545454545,0.489795918367,0.470588235294,0.413043478261,0.568181818182,0.559322033898,0.526315789474,0.555555555556,0.509090909091,0.470588235294,0.432432432432,0.477272727273,0.510638297872,0.481481481481,0.648648648649,0.547169811321,0.555555555556,0.571428571429,0.470588235294,0.54347826087,0.450980392157,0.557692307692,0.545454545455,0.382978723404,0.446428571429,0.470588235294,0.475,0.510638297872,0.433333333333,0.5,0.477272727273,0.581818181818,0.425925925926,0.4,0.454545454545,0.490196078431,0.379310344828,0.641025641026,0.392857142857,0.480769230769,0.52380952381,0.531914893617,0.607142857143,0.648648648649,0.538461538462,0.727272727273,0.56862745098,0.473684210526,0.488888888889,0.490566037736,0.5,0.471698113208,0.512820512821,0.5,0.40350877193,0.477272727273,0.529411764706,0.488888888889,0.585365853659,0.581395348837,0.482142857143,0.560975609756,0.416666666667,0.403846153846,0.468085106383,0.478260869565,0.538461538462,0.53488372093,0.37037037037,0.45,0.382978723404,0.461538461538,0.588235294118,0.514285714286,0.52380952381,0.4,0.5,0.462962962963,0.590909090909,0.586956521739,0.541666666667,0.58064516129,0.436363636364,0.558139534884,0.62962962963,0.536585365854,0.333333333333,0.596153846154,0.531914893617,0.425531914894,0.48,0.515151515152,0.448979591837,0.5,0.641509433962,0.471698113208,0.583333333333,0.442307692308,0.352941176471,0.533333333333,0.530612244898,0.52380952381,0.514285714286,0.446808510638,0.507462686567,0.487804878049,0.510204081633,0.509090909091,0.415384615385,0.574468085106,0.5,0.5,0.586956521739,0.422222222222,0.345454545455,0.571428571429,0.490196078431,0.480769230769,0.5,0.354166666667,0.521739130435,0.509803921569,0.5,0.435897435897,0.296296296296,0.4,0.519230769231,0.477272727273,0.458333333333,0.55,0.5,0.492063492063,0.448275862069,0.423728813559,0.5,0.441860465116,0.490566037736,0.543859649123,0.508196721311,0.639344262295,0.538461538462,0.567567567568,0.489361702128,0.433962264151,0.512820512821,0.510204081633,0.557692307692,0.481481481481,0.454545454545,0.384615384615,0.46511627907,0.604651162791,0.414634146341,0.389830508475,0.481481481481,0.475,0.369565217391,0.5,0.5,0.375,0.411764705882,0.466666666667,0.51724137931,0.434782608696,0.440677966102,0.368421052632,0.508474576271,0.537313432836,0.571428571429,0.509433962264,0.421052631579,0.549019607843,0.48,0.563636363636,0.534482758621,0.611111111111,0.54,0.46,0.426229508197,0.440677966102,0.472222222222,0.368421052632,0.534482758621,0.565217391304,0.581395348837,0.675,0.658536585366,0.686274509804,0.535714285714,0.5,0.547619047619,0.485714285714,0.565217391304,0.54347826087,0.586956521739,0.618181818182,0.441860465116,0.592592592593,0.384615384615,0.478260869565,0.410256410256,0.487804878049,0.576923076923,0.584905660377,0.45652173913,0.538461538462,0.577777777778,0.377358490566,0.391304347826,0.5,0.538461538462,0.533333333333,0.519230769231,0.392857142857,0.545454545455,0.591836734694,0.568181818182,0.547619047619,0.622222222222,0.372093023256,0.304347826087,0.365384615385,0.531914893617,0.666666666667,0.571428571429,0.413043478261,0.491525423729,0.514285714286,0.450980392157,0.46,0.375,0.413793103448,0.583333333333,0.649122807018,0.386363636364,0.528301886792,0.408163265306,0.525,0.457627118644,0.517857142857,0.454545454545,0.533333333333,0.421052631579,0.405405405405,0.4375,0.391304347826,0.5,0.410256410256,0.661016949153,0.527272727273,0.581818181818,0.5,0.509803921569,0.52,0.428571428571,0.454545454545,0.527272727273,0.621621621622,0.642857142857,0.563636363636,0.632653061224,0.442307692308,0.423076923077,0.5,0.477272727273,0.510638297872,0.489795918367,0.56,0.475,0.469387755102,0.388888888889,0.458333333333,0.488372093023,0.407407407407,0.568181818182,0.642857142857,0.433333333333,0.442307692308,0.282608695652,0.446808510638,0.365853658537,0.473684210526,0.444444444444,0.44,0.545454545455,0.631578947368,0.622641509434,0.571428571429,0.411764705882,0.428571428571,0.55,0.622222222222,0.309090909091,0.526315789474,0.5625,0.450980392157,0.464285714286,0.418181818182,0.607142857143,0.52380952381,0.34693877551,0.46511627907,0.540983606557,0.539682539683,0.511627906977,0.558139534884,0.461538461538,0.411764705882,0.551020408163,0.622222222222,0.446428571429,0.426229508197,0.453125,0.444444444444,0.5,0.395348837209,0.46875,0.508771929825,0.470588235294,0.414634146341,0.395833333333,0.48,0.452830188679,0.422222222222,0.395833333333,0.511627906977,0.613636363636,0.589285714286,0.473684210526,0.574468085106,0.575,0.529411764706,0.458333333333,0.48,0.488888888889,0.452380952381,0.591836734694,0.527272727273,0.56,0.666666666667,0.645161290323,0.490566037736,0.603773584906,0.608695652174,0.5,0.673913043478,0.638888888889,0.44776119403,0.463414634146,0.625,0.509090909091,0.448979591837,0.325581395349,0.591836734694,0.48,0.5,0.507692307692,0.288461538462,0.510204081633,0.55,0.571428571429,0.571428571429,0.447368421053,0.448275862069,0.508474576271,0.467741935484,0.56862745098,0.461538461538,0.547169811321,0.540983606557,0.6,0.56862745098,0.535714285714,0.537037037037,0.596153846154,0.46511627907,0.490909090909,0.638888888889,0.289473684211,0.482142857143,0.604651162791,0.516129032258,0.474576271186,0.456140350877,0.557692307692,0.555555555556,0.54,0.545454545455,0.538461538462,0.46511627907,0.464285714286,0.571428571429,0.511111111111,0.547169811321,0.534482758621,0.456140350877,0.481481481481,0.452380952381,0.333333333333,0.475409836066,0.561403508772,0.390243902439,0.641025641026,0.625,0.520833333333,0.549019607843,0.44,0.557692307692,0.591836734694,0.5,0.509803921569,0.488888888889,0.469387755102,0.434782608696,0.560975609756,0.425531914894,0.618181818182,0.423728813559,0.477272727273,0.357142857143,0.444444444444,0.690476190476,0.483333333333,0.489795918367,0.449275362319,0.461538461538,0.490566037736,0.480769230769,0.603773584906,0.510204081633,0.377777777778,0.482142857143,0.675,0.612244897959,0.52380952381,0.603448275862,0.477272727273,0.423728813559,0.538461538462,0.5,0.561403508772,0.595744680851,0.372093023256,0.438596491228,0.382978723404,0.612244897959,0.478260869565,0.473684210526,0.479166666667,0.48,0.551724137931,0.617021276596,0.48,0.537313432836,0.555555555556,0.571428571429,0.529411764706,0.526315789474,0.484848484848,0.489361702128,0.404255319149,0.42,0.512195121951,0.507246376812,0.54,0.472727272727,0.466666666667,0.4,0.6,0.512195121951,0.415094339623,0.55,0.595238095238,0.379310344828,0.482142857143,0.5,0.672727272727,0.631578947368,0.435483870968,0.382978723404,0.586956521739,0.534482758621,0.510204081633,0.528301886792,0.6,0.675675675676,0.560975609756,0.457627118644,0.541666666667,0.510204081633,0.309523809524,0.577777777778,0.53488372093,0.54347826087,0.645161290323,0.683333333333,0.615384615385,0.421052631579,0.441860465116,0.533333333333,0.591836734694,0.448979591837,0.475409836066,0.46875,0.516129032258,0.347826086957,0.561403508772,0.425,0.48,0.428571428571,0.425925925926,0.574074074074,0.5,0.673913043478,0.577777777778,0.578947368421,0.526315789474,0.56862745098,0.513513513514,0.392156862745,0.583333333333,0.5,0.42,0.46875,0.461538461538,0.510204081633,0.487179487179,0.537037037037,0.410256410256,0.540540540541,0.508196721311,0.454545454545,0.466666666667,0.289473684211,0.48,0.463414634146,0.636363636364,0.568181818182,0.461538461538,0.547619047619,0.534482758621,0.577777777778,0.368421052632,0.545454545455,0.547619047619,0.444444444444,0.490196078431,0.44,0.491803278689,0.545454545455,0.52,0.610169491525,0.490566037736,0.625,0.52,0.526315789474,0.583333333333,0.787234042553,0.815789473684,0.805555555556,0.694444444444,0.875,0.652173913043,0.823529411765,0.551724137931,0.541666666667,0.43137254902,0.452830188679,0.537037037037,0.625,0.627906976744,0.789473684211,0.809523809524,0.820512820513,0.590909090909,0.605263157895,0.571428571429,0.518518518519,0.690909090909,0.561403508772,0.595238095238,0.615384615385,0.6,0.392857142857,0.5,0.666666666667,0.626865671642,0.509803921569,0.5,0.552631578947,0.45,0.463414634146,0.414634146341,0.681818181818,0.484848484848,0.40625,0.524590163934,0.426229508197,0.425531914894,0.421052631579,0.468085106383,0.375,0.535714285714,0.573770491803,0.566037735849,0.541666666667,0.508771929825,0.40350877193,0.509433962264,0.489795918367,0.678571428571,0.530612244898,0.551724137931,0.430769230769,0.521739130435,0.40350877193,0.38,0.428571428571,0.547169811321,0.509433962264,0.48,0.377358490566,0.487179487179,0.568181818182,0.446428571429,0.592592592593,0.486111111111,0.42,0.442307692308,0.490909090909,0.46875,0.470588235294,0.46511627907,0.4,0.530612244898,0.41935483871,0.587301587302,0.611111111111,0.568181818182,0.428571428571,0.510638297872,0.508771929825,0.528301886792,0.526315789474,0.536585365854,0.464285714286,0.48,0.525,0.459016393443,0.45652173913,0.478260869565,0.44,0.30612244898,0.5,0.545454545455,0.666666666667,0.545454545455,0.520833333333,0.4375,0.489361702128,0.404255319149,0.571428571429,0.672727272727,0.660377358491,0.634615384615,0.54,0.454545454545,0.535714285714,0.5,0.568181818182,0.448979591837,0.473684210526,0.411764705882,0.450980392157,0.488888888889,0.5,0.587301587302,0.421052631579,0.452830188679,0.59375,0.416666666667,0.409090909091,0.578947368421,0.584905660377,0.571428571429,0.56862745098,0.464285714286,0.530612244898,0.481481481481,0.327272727273,0.318181818182,0.46,0.571428571429,0.547169811321,0.642857142857,0.558823529412,0.568181818182,0.561403508772,0.463414634146,0.394736842105,0.387096774194,0.488888888889,0.571428571429,0.674418604651,0.517857142857,0.489361702128,0.488888888889,0.520833333333,0.52,0.584905660377,0.365384615385,0.479166666667,0.511627906977,0.571428571429,0.5,0.509433962264,0.488372093023,0.411764705882,0.46,0.555555555556,0.5,0.641509433962,0.592592592593,0.421052631579,0.549295774648,0.472727272727,0.477611940299,0.566037735849,0.448979591837,0.594594594595,0.594594594595,0.56862745098,0.621621621622,0.492957746479,0.486486486486,0.511111111111,0.56,0.581395348837,0.324324324324,0.486486486486,0.433962264151,0.551724137931,0.54,0.586956521739,0.618181818182,0.547169811321,0.538461538462,0.473684210526,0.52380952381,0.594594594595,0.591549295775,0.45,0.5,0.583333333333,0.389830508475,0.597014925373,0.5,0.388059701493,0.425,0.546875,0.448979591837,0.446428571429,0.484848484848,0.458333333333,0.5,0.448979591837,0.395348837209,0.537037037037,0.511111111111,0.5,0.5,0.5,0.395833333333,0.490909090909,0.42,0.466666666667,0.432432432432,0.469387755102,0.404255319149,0.547169811321,0.644444444444,0.448275862069,0.584905660377,0.471698113208,0.512195121951,0.757575757576,0.468085106383,0.538461538462,0.467741935484,0.469387755102,0.547169811321,0.36,0.5,0.457142857143,0.533333333333,0.560975609756,0.416666666667,0.56,0.612244897959,0.538461538462,0.517857142857,0.511627906977,0.565217391304,0.444444444444,0.5,0.447368421053,0.542857142857,0.578947368421,0.518518518519,0.536585365854,0.480769230769,0.480769230769,0.478260869565,0.521739130435,0.555555555556,0.54347826087,0.525,0.479166666667,0.584905660377,0.446428571429,0.5,0.511627906977,0.589285714286,0.507692307692,0.529411764706,0.44262295082,0.489795918367,0.571428571429,0.553846153846,0.588235294118,0.474576271186,0.631578947368,0.531914893617,0.487804878049,0.608695652174,0.489361702128,0.526315789474,0.611111111111,0.375,0.394736842105,0.52,0.428571428571,0.441860465116,0.435897435897,0.609756097561,0.482142857143,0.422222222222,0.509433962264,0.567567567568,0.322033898305,0.52,0.459459459459,0.489361702128,0.488372093023,0.410256410256,0.561403508772,0.515151515152,0.5,0.690476190476,0.487179487179,0.536585365854,0.608695652174,0.4,0.5,0.528301886792,0.457627118644,0.474576271186,0.509433962264,0.526315789474,0.519230769231,0.407407407407,0.472222222222,0.530612244898,0.462962962963,0.666666666667,0.694444444444,0.351851851852,0.46,0.444444444444,0.490196078431,0.567567567568,0.509803921569,0.4375,0.68085106383,0.552631578947,0.365853658537,0.593220338983,0.454545454545,0.463414634146,0.553191489362,0.508474576271,0.5,0.551724137931,0.536231884058,0.542372881356,0.428571428571,0.473684210526,0.566666666667,0.461538461538,0.555555555556,0.595744680851,0.511111111111,0.415094339623,0.509090909091,0.518518518519,0.478260869565,0.5,0.543859649123,0.466666666667,0.46,0.575,0.254901960784,0.56862745098,0.56,0.5,0.461538461538,0.574074074074,0.525423728814,0.450980392157,0.551020408163,0.520833333333,0.466666666667,0.4375,0.549019607843,0.540983606557,0.482142857143,0.521126760563,0.52380952381,0.418181818182,0.423076923077,0.444444444444,0.510638297872,0.379310344828,0.431034482759,0.452380952381,0.526315789474,0.534482758621,0.54347826087,0.529411764706,0.490196078431,0.490566037736,0.460317460317,0.612244897959,0.444444444444,0.431034482759,0.566037735849,0.301886792453,0.488372093023,0.520833333333,0.585365853659,0.480769230769,0.447368421053,0.5,0.484375,0.513888888889,0.478260869565,0.469387755102,0.543859649123,0.511111111111,0.622641509434,0.533333333333,0.355555555556,0.5,0.672413793103,0.545454545455,0.488372093023,0.461538461538,0.342857142857,0.575,0.560975609756,0.5,0.444444444444,0.393939393939,0.634615384615,0.489361702128,0.404255319149,0.568965517241,0.478260869565,0.5,0.487179487179,0.54347826087,0.46,0.404255319149,0.607142857143,0.529411764706,0.464285714286,0.46511627907,0.574074074074,0.448979591837,0.526315789474,0.5,0.510204081633,0.48,0.462962962963,0.510638297872,0.458333333333,0.508771929825,0.607843137255,0.510204081633,0.446808510638,0.612903225806,0.574074074074,0.483333333333,0.538461538462,0.483870967742,0.512820512821,0.457627118644,0.627450980392,0.469387755102,0.388888888889,0.462962962963,0.434782608696,0.583333333333,0.563636363636,0.342105263158,0.411764705882,0.381818181818,0.458333333333,0.508474576271,0.491525423729,0.537037037037,0.6,0.5,0.555555555556,0.435897435897,0.522727272727,0.479166666667,0.489795918367,0.537037037037,0.510204081633,0.448275862069,0.561403508772,0.484848484848,0.551724137931,0.557692307692,0.40350877193,0.433962264151,0.415094339623,0.5,0.527777777778,0.433962264151,0.46,0.396551724138,0.423076923077,0.756097560976,0.509803921569,0.484375,0.470588235294,0.5,0.40350877193,0.442857142857,0.491525423729,0.410714285714,0.48275862069,0.451612903226,0.425531914894,0.5,0.478260869565,0.431818181818,0.589285714286,0.547169811321,0.612903225806,0.458333333333,0.442307692308,0.56,0.357142857143,0.409090909091,0.521739130435,0.5,0.492307692308,0.5625,0.46875,0.520833333333,0.433962264151,0.48275862069,0.479166666667,0.382978723404,0.481481481481,0.532258064516,0.568965517241,0.566666666667,0.563636363636,0.512195121951,0.391304347826,0.444444444444,0.333333333333,0.472727272727,0.649122807018,0.627450980392,0.547169811321,0.509803921569,0.571428571429,0.568181818182,0.4,0.27027027027,0.488372093023,0.487804878049,0.426470588235,0.509433962264,0.5,0.425925925926,0.428571428571,0.47619047619,0.461538461538,0.56,0.46,0.446428571429,0.510638297872,0.526315789474,0.470588235294,0.45,0.508196721311,0.48275862069,0.444444444444,0.428571428571,0.576923076923,0.615384615385,0.538461538462,0.44,0.48275862069,0.424242424242,0.615384615385,0.518518518519,0.55,0.703703703704,0.379310344828,0.392857142857,0.48,0.461538461538,0.538461538462,0.551724137931,0.428571428571,0.52,0.620689655172,0.53125,0.692307692308,0.48,0.62962962963,0.516129032258,0.486486486486,0.615384615385,0.607142857143,0.479166666667,0.532258064516,0.444444444444,0.609756097561,0.37037037037,0.591836734694,0.542372881356,0.466666666667,0.423076923077,0.410714285714,0.48,0.513513513514,0.575,0.589743589744,0.536585365854,0.428571428571,0.4375,0.516666666667,0.52380952381,0.521739130435,0.468085106383,0.447368421053,0.538461538462,0.516129032258,0.490196078431,0.35,0.441860465116,0.564516129032,0.492063492063,0.52380952381,0.372881355932,0.43661971831,0.444444444444,0.5,0.481481481481,0.542857142857,0.5,0.333333333333,0.573770491803,0.53488372093,0.392857142857,0.490196078431,0.526315789474,0.490566037736,0.509090909091,0.511111111111,0.547169811321,0.522727272727,0.534482758621,0.56,0.421052631579,0.421052631579,0.6,0.527777777778,0.616666666667,0.5,0.472727272727,0.555555555556,0.630434782609,0.533333333333,0.608695652174,0.44,0.484848484848,0.545454545455,0.576271186441,0.534482758621,0.592592592593,0.575,0.615384615385,0.428571428571,0.604166666667,0.462962962963,0.578947368421,0.675675675676,0.41935483871,0.424242424242,0.512195121951,0.5,0.436363636364,0.418604651163,0.435897435897,0.46511627907,0.54347826087,0.523076923077,0.474576271186,0.526315789474,0.4375,0.553191489362,0.38,0.363636363636,0.490196078431,0.512195121951,0.413793103448,0.444444444444,0.604166666667,0.392857142857,0.531914893617,0.428571428571,0.431034482759,0.4,0.380952380952,0.479452054795,0.610169491525,0.475409836066,0.463414634146,0.444444444444,0.490566037736,0.51724137931,0.5625,0.517857142857,0.423076923077,0.48275862069,0.512820512821,0.521739130435,0.461538461538,0.313725490196,0.533333333333,0.560606060606,0.522727272727,0.528301886792,0.510638297872,0.52,0.428571428571,0.5,0.521739130435,0.510204081633,0.491803278689,0.583333333333,0.474576271186,0.47619047619,0.428571428571,0.395348837209,0.568965517241,0.475409836066,0.539682539683,0.590163934426,0.446428571429,0.466666666667,0.424242424242,0.578947368421,0.69696969697,0.358974358974,0.414634146341,0.421052631579,0.410714285714,0.522388059701,0.612903225806,0.512195121951,0.433962264151,0.459016393443,0.425531914894,0.521739130435,0.577777777778,0.553571428571,0.526315789474,0.448275862069,0.480769230769,0.435897435897,0.59375,0.531914893617,0.489361702128,0.538461538462,0.461538461538,0.451612903226,0.529411764706,0.54,0.5,0.372549019608,0.488888888889,0.528301886792,0.5,0.592592592593,0.456140350877,0.609756097561,0.92,0.636363636364,0.46511627907,0.44,0.540540540541,0.542857142857,0.5,0.488888888889,0.564516129032,0.527777777778,0.533333333333,0.617647058824,0.577777777778,0.614035087719,0.6,0.541666666667,0.436363636364,0.555555555556,0.489795918367,0.608695652174,0.552631578947,0.568181818182,0.551020408163,0.491525423729,0.5,0.428571428571,0.615384615385,0.581395348837,0.548387096774,0.480769230769,0.404255319149,0.596774193548,0.380952380952,0.557692307692,0.605263157895,0.608695652174,0.512195121951,0.512195121951,0.6,0.378378378378,0.428571428571,0.410256410256,0.529411764706,0.678571428571,0.468085106383,0.448979591837,0.571428571429,0.592592592593,0.55737704918,0.491228070175,0.621212121212,0.484848484848,0.52380952381,0.588235294118,0.5,0.45,0.422222222222,0.520833333333,0.571428571429,0.471698113208,0.375,0.533333333333,0.425925925926,0.62962962963,0.467741935484,0.5,0.294117647059,0.519230769231,0.473684210526,0.452380952381,0.411764705882,0.537037037037,0.539682539683,0.510638297872,0.6,0.422222222222,0.384615384615,0.380952380952,0.468085106383,0.519230769231,0.549019607843,0.518518518519,0.537313432836,0.551020408163,0.531914893617,0.418604651163,0.63829787234,0.622222222222,0.584905660377,0.642857142857,0.404761904762,0.833333333333,0.586956521739,0.531914893617,0.557692307692,0.5,0.5,0.479166666667,0.469387755102,0.520833333333,0.574074074074,0.571428571429,0.5,0.463414634146,0.5,0.595744680851,0.529411764706,0.613636363636,0.518518518519,0.545454545455,0.533333333333,0.5,0.489795918367,0.568965517241,0.307692307692,0.517857142857,0.5,0.388888888889,0.557692307692,0.553191489362,0.565217391304,0.490909090909,0.372549019608,0.439024390244,0.416666666667,0.4375,0.4,0.4,0.464285714286,0.5,0.486486486486,0.403846153846,0.47619047619,0.697674418605,0.533333333333,0.422222222222,0.535714285714,0.545454545455,0.45652173913,0.545454545455,0.545454545455,0.548387096774,0.384615384615,0.52,0.5,0.6,0.644444444444,0.529411764706,0.454545454545,0.440677966102,0.538461538462,0.526315789474,0.461538461538,0.549019607843,0.574074074074,0.434782608696,0.516129032258,0.530612244898,0.444444444444,0.612244897959,0.462962962963,0.461538461538,0.465517241379,0.507462686567,0.548387096774,0.527777777778,0.56,0.553191489362,0.452380952381,0.441860465116,0.518518518519,0.482142857143,0.545454545455,0.5,0.478260869565,0.454545454545,0.5625,0.62,0.552631578947,0.6,0.516666666667,0.491803278689,0.586956521739,0.452380952381,0.530612244898,0.529411764706,0.52,0.52,0.433962264151,0.463414634146,0.491803278689,0.508771929825,0.5,0.5,0.590909090909,0.444444444444,0.461538461538,0.377777777778,0.5,0.483333333333,0.644444444444,0.581818181818,0.517857142857,0.581818181818,0.536585365854,0.5,0.595238095238,0.481481481481,0.428571428571,0.569230769231,0.581818181818,0.415094339623,0.45652173913,0.5,0.361111111111,0.59649122807,0.460317460317,0.46511627907,0.430379746835,0.53125,0.37037037037,0.483870967742,0.464285714286,0.425,0.532258064516,0.565217391304,0.444444444444,0.5,0.627450980392,0.511111111111,0.45,0.534482758621,0.545454545455,0.492753623188,0.481481481481,0.441860465116,0.558139534884,0.62962962963,0.56,0.717391304348,0.511111111111,0.490196078431,0.507246376812,0.37037037037,0.530612244898,0.433962264151,0.480769230769,0.512820512821,0.658536585366,0.53488372093,0.558139534884,0.55,0.454545454545,0.466666666667,0.552631578947,0.480769230769,0.466666666667,0.578947368421,0.566666666667,0.52380952381,0.513513513514,0.439024390244,0.340909090909,0.530612244898,0.607142857143,0.474576271186,0.608695652174,0.540983606557,0.549019607843,0.576923076923,0.409090909091,0.489361702128,0.48,0.510638297872,0.6,0.471698113208,0.533333333333,0.446808510638,0.487804878049,0.426229508197,0.581395348837,0.511627906977,0.58,0.513513513514,0.462962962963,0.472727272727,0.422222222222,0.509090909091,0.519230769231,0.558823529412,0.380952380952,0.441860465116,0.411764705882,0.617021276596,0.425925925926,0.392156862745,0.54347826087,0.52,0.5,0.408163265306,0.52380952381,0.375,0.45652173913,0.48,0.5,0.450980392157,0.576923076923,0.541666666667,0.584905660377,0.5,0.522727272727,0.589285714286,0.47619047619,0.555555555556,0.510204081633,0.591836734694,0.396226415094,0.510638297872,0.588235294118,0.560975609756,0.441176470588,0.595238095238,0.513513513514,0.571428571429,0.5,0.479166666667,0.428571428571,0.571428571429,0.622222222222,0.461538461538,0.439024390244,0.480769230769,0.35,0.595744680851,0.540983606557,0.345454545455,0.452830188679,0.527272727273,0.459459459459,0.44262295082,0.459459459459,0.584905660377,0.510204081633,0.432432432432,0.488372093023,0.473684210526,0.610169491525,0.5,0.462962962963,0.48,0.566666666667,0.605263157895,0.4375,0.607142857143,0.608695652174,0.525423728814,0.492307692308,0.518518518519,0.489795918367,0.538461538462,0.482142857143,0.492063492063,0.380952380952,0.410256410256,0.404255319149,0.615384615385,0.5,0.448979591837,0.5,0.52,0.480769230769,0.540540540541,0.487179487179,0.576923076923,0.407407407407,0.529411764706,0.547619047619,0.56,0.537313432836,0.571428571429,0.4375,0.377358490566,0.542857142857,0.431818181818,0.508196721311,0.545454545455,0.390243902439,0.480519480519,0.549019607843,0.525423728814,0.533333333333,0.642857142857,0.571428571429,0.590909090909,0.557692307692,0.510204081633,0.549019607843,0.379310344828,0.492063492063,0.4,0.473684210526,0.575757575758,0.549019607843,0.571428571429,0.53125,0.441860465116,0.520833333333,0.475409836066,0.5625,0.490909090909,0.539682539683,0.448979591837,0.390243902439,0.53125,0.6875,0.511111111111,0.547619047619,0.454545454545,0.64,0.5,0.545454545455,0.55,0.5,0.581395348837,0.571428571429,0.511111111111,0.581395348837,0.575,0.322033898305,0.547169811321,0.486486486486,0.433333333333,0.4,0.515625,0.509803921569,0.511111111111,0.510204081633,0.423076923077,0.451612903226,0.5,0.520833333333,0.566666666667,0.477272727273,0.515151515152,0.481481481481,0.493150684932,0.406779661017,0.547619047619,0.426229508197,0.529411764706,0.5,0.448979591837,0.444444444444,0.45652173913,0.477272727273,0.489795918367,0.568965517241,0.524590163934,0.609756097561,0.5,0.46,0.431034482759,0.446428571429,0.487179487179,0.434782608696,0.542857142857,0.5,0.592592592593,0.388888888889,0.509433962264,0.418181818182,0.5,0.4375,0.481481481481,0.509803921569,0.619047619048,0.48,0.285714285714,0.452830188679,0.533333333333,0.538461538462,0.486486486486,0.537037037037,0.5,0.540983606557,0.6,0.5,0.530612244898,0.473684210526,0.452380952381,0.510204081633,0.622641509434,0.36,0.6,0.6,0.551724137931,0.435897435897,0.532258064516,0.625,0.529411764706,0.555555555556,0.582089552239,0.520833333333,0.47619047619,0.490909090909,0.452380952381,0.666666666667,0.5,0.56,0.472222222222,0.5,0.6,0.564102564103,0.490909090909,0.527272727273,0.47619047619,0.438596491228,0.472222222222,0.658536585366,0.434782608696,0.416666666667,0.627118644068,0.5,0.538461538462,0.533333333333,0.538461538462,0.467741935484,0.454545454545,0.35,0.444444444444,0.428571428571,0.536585365854,0.431818181818,0.441860465116,0.511627906977,0.595744680851,0.558139534884,0.526315789474,0.410256410256,0.58,0.581395348837,0.410256410256,0.459459459459,0.586956521739,0.588235294118,0.486486486486,0.547169811321,0.56,0.452830188679,0.511111111111,0.471698113208,0.558139534884,0.432432432432,0.46875,0.479166666667,0.46,0.65,0.452830188679,0.448979591837,0.5,0.475409836066,0.0555555555556,0.595238095238,0.446808510638,0.560606060606,0.451612903226,0.519230769231,0.491228070175,0.489361702128,0.628571428571,0.537037037037,0.531914893617,0.6,0.631578947368,0.459459459459,0.444444444444,0.583333333333,0.413793103448,0.478260869565,0.607843137255,0.423728813559,0.404761904762,0.552631578947,0.549019607843,0.487179487179,0.489361702128,0.444444444444,0.634146341463,0.357142857143,0.455882352941,0.475409836066,0.484848484848,0.452830188679,0.548387096774,0.565217391304,0.615384615385,0.448275862069,0.463414634146,0.552631578947,0.375,0.538461538462,0.27027027027,0.62962962963,0.46,0.43137254902,0.607843137255,0.551020408163,0.557692307692,0.458333333333,0.454545454545,0.487804878049,0.508771929825,0.517857142857,0.511111111111,0.382352941176,0.454545454545,0.479166666667,0.638888888889,0.5,0.473684210526,0.538461538462,0.613636363636,0.487804878049,0.52,0.461538461538,0.561403508772,0.5,0.473684210526,0.586956521739,0.545454545455,0.619047619048,0.518518518519,0.549019607843,0.442307692308,0.4375,0.466666666667,0.448979591837,0.47619047619,0.479166666667,0.422222222222,0.446428571429,0.511627906977,0.479166666667,0.685714285714,0.593220338983,0.414634146341,0.444444444444,0.510204081633,0.553571428571,0.538461538462,0.581395348837,0.480769230769,0.527777777778,0.551020408163,0.590909090909,0.333333333333,0.4375,0.477272727273,0.477611940299,0.538461538462,0.517857142857,0.45,0.45,0.5,0.477272727273,0.457142857143,0.382978723404,0.324324324324,0.34693877551,0.595744680851,0.446808510638,0.609756097561,0.536585365854,0.576923076923,0.510638297872,0.511111111111,0.553571428571,0.425531914894,0.411764705882,0.548387096774,0.644444444444,0.370967741935,0.540540540541,0.470588235294,0.485714285714,0.476923076923,0.553571428571,0.575,0.628571428571,0.566666666667,0.5,0.454545454545,0.461538461538,0.469387755102,0.446808510638,0.555555555556,0.510204081633,0.537037037037,0.457627118644,0.714285714286,0.413043478261,0.425,0.490909090909,0.4375,0.489795918367,0.536585365854,0.4,0.414634146341,0.5625,0.431818181818,0.414634146341,0.541666666667,0.528301886792,0.488372093023,0.69696969697,0.425,0.515151515152,0.583333333333,0.581395348837,0.469387755102,0.347826086957,0.458333333333,0.509433962264,0.55,0.634146341463,0.470588235294,0.625,0.509433962264,0.666666666667,0.473684210526,0.530612244898,0.514285714286,0.59375,0.44,0.465517241379,0.515625,0.509803921569,0.464285714286,0.454545454545,0.4,0.571428571429,0.432432432432,0.490566037736,0.5,0.561403508772,0.605263157895,0.609756097561,0.5,0.553191489362,0.53125,0.5625,0.40350877193,0.607843137255,0.468085106383,0.416666666667,0.5,0.424242424242,0.491228070175,0.438596491228,0.446428571429,0.481481481481,0.416666666667,0.547169811321,0.423076923077,0.5,0.555555555556,0.568965517241,0.446428571429,0.38,0.605263157895,0.545454545455,0.522727272727,0.520833333333,0.463414634146,0.514285714286,0.6,0.367346938776,0.581395348837,0.5,0.37037037037,0.5,0.35,0.463414634146,0.438596491228,0.58,0.564516129032,0.518518518519,0.56,0.469387755102,0.55,0.540983606557,0.4375,0.396551724138,0.470588235294,0.468085106383,0.630434782609,0.530612244898,0.490196078431,0.48,0.525,0.380952380952,0.614035087719,0.454545454545,0.466666666667,0.410256410256,0.425,0.418604651163,0.351351351351,0.523076923077,0.549019607843,0.642857142857,0.510638297872,0.45,0.405405405405,0.290322580645,0.564102564103,0.444444444444,0.6,0.603773584906,0.56,0.5,0.604651162791,0.604166666667,0.581818181818,0.549019607843,0.536585365854,0.459459459459,0.553571428571,0.54,0.517857142857,0.547169811321,0.549019607843,0.489795918367,0.404761904762,0.563636363636,0.393939393939,0.609756097561,0.525,0.6,0.448979591837,0.388888888889,0.384615384615,0.395348837209,0.627906976744,0.65625,0.396226415094,0.454545454545,0.344827586207,0.444444444444,0.377358490566,0.425531914894,0.52,0.414634146341,0.488888888889,0.487179487179,0.513513513514,0.40625,0.567567567568,0.527272727273,0.480769230769,0.679245283019,0.554054054054,0.516129032258,0.552631578947,0.594594594595,0.553191489362,0.666666666667,0.522727272727,0.510204081633,0.553191489362,0.444444444444,0.5,0.5,0.5,0.634615384615,0.45652173913,0.55,0.5,0.352941176471,0.394736842105,0.375,0.612903225806,0.45652173913,0.461538461538,0.481481481481,0.571428571429,0.454545454545,0.509433962264,0.469387755102,0.403846153846,0.508474576271,0.538461538462,0.53488372093,0.675,0.377049180328,0.524590163934,0.520833333333,0.607142857143,0.483870967742,0.611111111111,0.609756097561,0.608695652174,0.46875,0.416666666667,0.372093023256,0.47619047619,0.463414634146,0.428571428571,0.615384615385,0.378378378378,0.533333333333,0.5625,0.583333333333,0.486486486486,0.524590163934,0.509803921569,0.52380952381,0.483870967742,0.54,0.522727272727,0.538461538462,0.508474576271,0.645833333333,0.5,0.389830508475,0.490909090909,0.590909090909,0.636363636364,0.466666666667,0.531914893617,0.52380952381,0.454545454545,0.469387755102,0.58,0.6,0.392857142857,0.45652173913,0.518518518519,0.586956521739,0.590909090909,0.577777777778,0.615384615385,0.543859649123,0.574074074074,0.511627906977,0.433333333333,0.6,0.416666666667,0.583333333333,0.5,0.486486486486,0.526315789474,0.56862745098,0.54347826087,0.553191489362,0.391304347826,0.478260869565,0.474576271186,0.611111111111,0.428571428571,0.45,0.516666666667,0.446428571429,0.471698113208,0.405405405405,0.47619047619,0.519230769231,0.44,0.5,0.558823529412,0.531914893617,0.454545454545,0.526315789474,0.509433962264,0.472222222222,0.473684210526,0.54,0.439393939394,0.483870967742,0.424242424242,0.448979591837,0.478260869565,0.47619047619,0.555555555556,0.553571428571,0.717391304348,0.54,0.5,0.41935483871,0.538461538462,0.48,0.549019607843,0.461538461538,0.461538461538,0.54347826087,0.55,0.516129032258,0.5,0.388888888889,0.371428571429,0.506493506494,0.439024390244,0.607142857143,0.52,0.5,0.541666666667,0.5,0.566037735849,0.508196721311,0.489795918367,0.440677966102,0.404761904762,0.368421052632,0.583333333333,0.487804878049,0.589743589744,0.724137931034,0.549019607843,0.468085106383,0.519230769231,0.509433962264,0.465517241379,0.520833333333,0.418181818182,0.423728813559,0.446428571429,0.387755102041,0.480769230769,0.574074074074,0.55,0.368421052632,0.444444444444,0.577777777778,0.519230769231,0.685185185185,0.525423728814,0.471698113208,0.5,0.529411764706,0.545454545455,0.532258064516,0.553191489362,0.51724137931,0.422222222222,0.507936507937,0.555555555556,0.488372093023,0.472222222222,0.391304347826,0.531914893617,0.431034482759,0.525423728814,0.5,0.6,0.688888888889,0.454545454545,0.571428571429,0.558139534884,0.5,0.446428571429,0.301587301587,0.56862745098,0.461538461538,0.595744680851,0.511111111111,0.674418604651,0.529411764706,0.463414634146,0.480769230769,0.533333333333,0.52,0.5,0.571428571429,0.571428571429,0.758620689655,0.658536585366,0.484848484848,0.452380952381,0.513513513514,0.509090909091,0.518518518519,0.425,0.472222222222,0.378378378378,0.5,0.625,0.540540540541,0.577777777778,0.535714285714,0.528301886792,0.588235294118,0.431818181818,0.617021276596,0.478260869565,0.520833333333,0.56,0.54,0.620689655172,0.5,0.697674418605,0.575757575758,0.645161290323,0.472727272727,0.533333333333,0.409090909091,0.55,0.577777777778,0.54,0.529411764706,0.317073170732,0.425531914894,0.431818181818,0.553191489362,0.642857142857,0.617021276596,0.509433962264,0.470588235294,0.604651162791,0.546875,0.612903225806,0.553571428571,0.615384615385,0.424242424242,0.549019607843,0.617021276596,0.537037037037,0.559322033898,0.583333333333,0.54,0.5,0.512195121951,0.355555555556,0.481481481481,0.65,0.342857142857,0.333333333333,0.409090909091,0.59375,0.481481481481,0.466666666667,0.584905660377,0.574074074074,0.534482758621,0.530612244898,0.414634146341,0.510638297872,0.540540540541,0.525423728814,0.0243902439024,1.0,0.509803921569,0.574468085106,0.392857142857,0.557692307692,0.40350877193,0.476923076923,0.5,0.571428571429,0.6,0.608695652174,0.428571428571,0.63829787234,0.54347826087,0.463414634146,0.518518518519,0.430769230769,0.64406779661,0.5,0.379310344828,0.53488372093,0.431818181818,0.52380952381,0.689655172414,0.628571428571,0.541666666667,0.464285714286,0.5,0.5,0.5,0.42,0.447368421053,0.581395348837,0.638888888889,0.47619047619,0.472727272727,0.6,0.677419354839,0.487179487179,0.492063492063,0.327868852459,0.513513513514,0.339285714286,0.340425531915,0.36,0.5,0.446808510638,0.595744680851,0.622641509434,0.590909090909,0.45,0.484375,0.461538461538,0.464285714286,0.62,0.440677966102,0.4,0.530612244898,0.559322033898,0.543859649123,0.46,0.375,0.471698113208,0.411764705882,0.574074074074,0.434782608696,0.490196078431,0.596153846154,0.466666666667,0.456140350877,0.5,0.666666666667,0.456140350877,0.383333333333,0.516666666667,0.54,0.527272727273,0.509433962264,0.54347826087,0.5,0.509433962264,0.568181818182,0.538461538462,0.454545454545,0.678571428571,0.354166666667,0.461538461538,0.578947368421,0.5,0.589285714286,0.450704225352,0.6,0.540540540541,0.434782608696,0.54,0.657894736842,0.509433962264,0.396226415094,0.473684210526,0.482142857143,0.530612244898,0.609756097561,0.585365853659,0.475,0.538461538462,0.488372093023,0.407407407407,0.482142857143,0.532258064516,0.487804878049,0.459016393443,0.474576271186,0.468085106383,0.6,0.5,0.472727272727,0.611111111111,0.526315789474,0.410714285714,0.6,0.563636363636,0.511111111111,0.47619047619,0.358974358974,0.5,0.555555555556,0.478260869565,0.571428571429,0.518518518519,0.473684210526,0.661538461538,0.491228070175,0.578947368421,0.477272727273,0.515151515152,0.489795918367,0.488372093023,0.5,0.604166666667,0.534482758621,0.47619047619,0.456140350877,0.368421052632,0.5,0.468085106383,0.431034482759,0.457627118644,0.518518518519,0.511627906977,0.658536585366,0.474576271186,0.574074074074,0.543859649123,0.6,0.377358490566,0.444444444444,0.56862745098,0.470588235294,0.4375,0.555555555556,0.568181818182,0.584905660377,0.418604651163,0.532258064516,0.480769230769,0.43661971831,0.564516129032,0.482142857143,0.5,0.5,0.6,0.555555555556,0.543859649123,0.409836065574,0.441860465116,0.54347826087,0.48275862069,0.549019607843,0.509803921569,0.46,0.551020408163,0.475409836066,0.558139534884,0.513513513514,0.5,0.314285714286,0.46511627907,0.444444444444,0.491525423729,0.518518518519,0.5,0.531914893617,0.510204081633,0.414285714286,0.564102564103,0.484848484848,0.481481481481,0.558823529412,0.470588235294,0.473684210526,0.547619047619,0.43137254902,0.592592592593,0.490909090909,0.632653061224,0.25,0.5,0.388888888889,0.441860465116,0.705882352941,0.763157894737,0.511111111111,0.45652173913,0.471698113208,0.72,0.632653061224,0.574468085106,0.391304347826,0.375,0.604651162791,0.509090909091,0.413793103448,0.537037037037,0.455882352941,0.557692307692,0.450980392157,0.535714285714,0.615384615385,0.527272727273,0.547169811321,0.607843137255,0.380952380952,0.357142857143,0.409090909091,0.37037037037,0.53488372093,0.586956521739,0.490196078431,0.448979591837,0.357142857143,0.574074074074,0.473684210526,0.4,0.585365853659,0.53125,0.609756097561,0.717391304348,0.490909090909,0.56,0.488888888889,0.507692307692,0.52,0.428571428571,0.5,0.588235294118,0.512195121951,0.540983606557,0.450980392157,0.509090909091,0.471698113208,0.576271186441,0.408163265306,0.46511627907,0.448275862069,0.5,0.557692307692,0.469387755102,0.530612244898,0.555555555556,0.5625,0.593220338983,0.354166666667,0.411764705882,0.423728813559,0.508771929825,0.553571428571,0.55737704918,0.524590163934,0.491228070175,0.625,0.514285714286,0.509090909091,0.545454545455,0.47619047619,0.378378378378,0.508474576271,0.44262295082,0.52380952381,0.568181818182,0.490196078431,0.489795918367,0.507692307692,0.461538461538,0.422222222222,0.433333333333,0.43137254902,0.446808510638,0.5,0.563636363636,0.55,0.5,0.46511627907,0.5,0.576923076923,0.576271186441,0.603174603175,0.529411764706,0.642857142857,0.589285714286,0.461538461538,0.457627118644,0.43137254902,0.468085106383,0.482142857143,0.472727272727,0.396226415094,0.536231884058,0.535714285714,0.382978723404,0.489795918367,0.461538461538,0.527272727273,0.441860465116,0.555555555556,0.490566037736,0.523076923077,0.535714285714,0.469387755102,0.571428571429,0.472727272727,0.472727272727,0.48,0.471698113208,0.559322033898,0.509803921569,0.5,0.545454545455,0.452830188679,0.578947368421,0.47619047619,0.55,0.511627906977,0.441176470588,0.486486486486,0.489795918367,0.581818181818,0.548387096774,0.481481481481,0.41935483871,0.403846153846,0.444444444444,0.589743589744,0.675675675676,0.607843137255,0.569230769231,0.553571428571,0.575757575758,0.454545454545,0.466666666667,0.461538461538,0.55,0.58,0.53488372093,0.56,0.642857142857,0.603448275862,0.460317460317,0.510204081633,0.5625,0.567567567568,0.673913043478,0.448979591837,0.542372881356,0.551724137931,0.421875,0.509090909091,0.340425531915,0.466666666667,0.547169811321,0.428571428571,0.46511627907,0.666666666667,0.55,0.431818181818,0.372093023256,0.566037735849,0.428571428571,0.559322033898,0.44,0.46875,0.448275862069,0.333333333333,0.4,0.454545454545,0.479166666667,0.454545454545,0.255813953488,0.577777777778,0.367346938776,0.431034482759,0.56862745098,0.409090909091,0.608695652174,0.571428571429,0.611111111111,0.526315789474,0.512195121951,0.615384615385,0.6,0.5,0.351351351351,0.529411764706,0.470588235294,0.520833333333,0.469387755102,0.529411764706,0.392156862745,0.468085106383,0.547619047619,0.487804878049,0.459016393443,0.584905660377,0.590909090909,0.446428571429,0.368421052632,0.5,0.62962962963,0.483333333333,0.615384615385,0.482142857143,0.508474576271,0.432432432432,0.52,0.472972972973,0.573770491803,0.491228070175,0.608695652174,0.52380952381,0.58,0.58,0.519230769231,0.586956521739,0.45652173913,0.583333333333,0.45652173913,0.4,0.409090909091,0.62,0.43137254902,0.490196078431,0.574074074074,0.620689655172,0.535714285714,0.5,0.471428571429,0.475,0.5,0.571428571429,0.446153846154,0.5,0.509433962264,0.5,0.382978723404,0.512820512821,0.564102564103,0.382978723404,0.36,0.340425531915,0.630434782609,0.455882352941,0.411764705882,0.5,0.43137254902,0.322033898305,0.46511627907,0.387755102041,0.34,0.234042553191,0.637931034483,0.490566037736,0.581395348837,0.469387755102,0.510204081633,0.509803921569,0.425531914894,0.40625,0.418604651163,0.423728813559,0.521739130435,0.542372881356,0.488372093023,0.575,0.551020408163,0.566037735849,0.461538461538,0.530612244898,0.545454545455,0.589743589744,0.613636363636,0.4,0.436363636364,0.5,0.376811594203,0.553571428571,0.428571428571,0.522727272727,0.396226415094,0.333333333333,0.526315789474,0.38,0.434782608696,0.347826086957,0.689655172414,0.469387755102,0.549019607843,0.5625,0.464788732394,0.375,0.590909090909,0.482142857143,0.574468085106,0.418604651163,0.416666666667,0.5,0.666666666667,0.510638297872,0.450980392157,0.394736842105,0.468085106383,0.452380952381,0.536585365854,0.464285714286,0.578947368421,0.520833333333,0.565217391304,0.433962264151,0.583333333333,0.555555555556,0.384615384615,0.566037735849,0.615384615385,0.5,0.567164179104,0.425925925926,0.56,0.4,0.617647058824,0.545454545455,0.47619047619,0.463414634146,0.5,0.6,0.55,0.5,0.581395348837,0.46875,0.446153846154,0.462962962963,0.547169811321,0.551724137931,0.481481481481,0.540540540541,0.457142857143,0.507462686567,0.525,0.472727272727,0.6,0.291666666667,0.571428571429,0.59649122807,0.5,0.563636363636,0.551724137931,0.473684210526,0.448979591837,0.530612244898,0.458333333333,0.4,0.392156862745,0.333333333333,0.634615384615,0.532258064516,0.468085106383,0.446428571429,0.5,0.547619047619,0.47619047619,0.468085106383,0.510638297872,0.481481481481,0.615384615385,0.515151515152,0.551020408163,0.4,0.490909090909,0.561403508772,0.607843137255,0.608695652174,0.520833333333,0.568181818182,0.421052631579,0.464285714286,0.435483870968,0.340425531915,0.450980392157,0.5,0.355555555556,0.428571428571,0.460317460317,0.425531914894,0.404255319149,0.52380952381,0.352941176471,0.478260869565,0.531914893617,0.568181818182,0.557692307692,0.4,0.559322033898,0.62,0.558823529412,0.640625,0.346153846154,0.487179487179,0.451612903226,0.468085106383,0.55737704918,0.4375,0.491525423729,0.466666666667,0.551724137931,0.962962962963,0.518518518519,0.578947368421,0.590909090909,0.52,0.480769230769,0.348837209302,0.333333333333,0.4,0.466666666667,0.5,0.5,0.574074074074,0.441860465116,0.423076923077,0.489361702128,0.54,0.53125,0.531914893617,0.462962962963,0.433962264151,0.421052631579,0.461538461538,0.512195121951,0.559322033898,0.5,0.573529411765,0.583333333333,0.528301886792,0.581395348837,0.533333333333,0.52380952381,0.509433962264,0.449275362319,0.492957746479,0.442857142857,0.491803278689,0.507462686567,0.651162790698,0.65,0.555555555556,0.596774193548,0.487179487179,0.527777777778,0.469387755102,0.1875,0.510638297872,0.461538461538,0.473684210526,0.577777777778,0.487804878049,0.486486486486,0.360655737705,0.512195121951,0.595238095238,0.45652173913,0.583333333333,0.5625,0.6,0.395833333333,0.470588235294,0.489795918367,0.44,0.48275862069,0.647058823529,0.518518518519,0.535714285714,0.530612244898,0.608695652174,0.439024390244,0.5,0.5,0.617021276596,0.473684210526,0.5,0.48,0.545454545455,0.604651162791,0.472727272727,0.531914893617,0.508474576271,0.5,0.396226415094,0.560975609756,0.454545454545,0.467741935484,0.426229508197,0.526315789474,0.44,0.457627118644,0.488888888889,0.631578947368,0.466666666667,0.433962264151,0.403846153846,0.469387755102,0.625,0.432432432432,0.391304347826,0.382978723404,0.444444444444,0.362068965517,0.446428571429,0.466666666667,0.588235294118,0.551020408163,0.454545454545,0.40350877193,0.458333333333,0.5,0.55,0.619047619048,0.542372881356,0.542372881356,0.511111111111,0.413043478261,0.46,0.418604651163,0.434782608696,0.454545454545,0.666666666667,0.455882352941,0.603773584906,0.510638297872,0.5,0.525,0.294117647059,0.257142857143,0.553571428571,0.545454545455,0.5,0.395833333333,0.393442622951,0.507462686567,0.438596491228,0.413043478261,0.35,0.457142857143,0.465517241379,0.521739130435,0.46511627907,0.530303030303,0.568965517241,0.481481481481,0.5625,0.424242424242,0.564516129032,0.425531914894,0.714285714286,0.620689655172,0.545454545455,0.54,0.588235294118,0.519230769231,0.391304347826,0.453125,0.467741935484,0.514285714286,0.48275862069,0.53488372093,0.438596491228,0.45,0.5,0.396551724138,0.453125,0.45652173913,0.46,0.5625,0.4,0.468085106383,0.595238095238,0.622222222222,0.56862745098,0.529411764706,0.372093023256,0.357142857143,0.578947368421,0.510638297872,0.475,0.510204081633,0.363636363636,0.488888888889,0.488888888889,0.536585365854,0.468085106383,0.577777777778,0.555555555556,0.538461538462,0.489361702128,0.471698113208,0.5,0.657142857143,0.53488372093,0.595238095238,0.525,0.453125,0.385964912281,0.566037735849,0.571428571429,0.510204081633,0.545454545455,0.607142857143,0.547619047619,0.552631578947,0.576923076923,0.641791044776,0.555555555556,0.4,0.481481481481,0.4,0.295081967213,0.408163265306,0.4,0.365384615385,0.543859649123,0.533333333333,0.558139534884,0.484375,0.58,0.518518518519,0.471698113208,0.434782608696,0.490566037736,0.291666666667,0.536585365854,0.4,0.428571428571,0.488888888889,0.538461538462,0.46511627907,0.672131147541,0.661016949153,0.555555555556,0.6,0.490909090909,0.540540540541,0.560975609756,0.53488372093,0.625,0.404761904762,0.5,0.5,0.711111111111,0.571428571429,0.389830508475,0.5,0.48275862069,0.490196078431,0.490909090909,0.48,0.571428571429,0.4,0.549019607843,0.357142857143,0.297872340426,0.444444444444,0.468085106383,0.384615384615,0.511111111111,0.512820512821,0.510638297872,0.53125,0.428571428571,0.442307692308,0.43137254902,0.411764705882,0.52380952381,0.488888888889,0.581818181818,0.507936507937,0.541666666667,0.478260869565,0.451612903226,0.520833333333,0.531914893617,0.479166666667,0.431818181818,0.53488372093,0.5,0.53125,0.473684210526,0.51724137931,0.6,0.671641791045,0.9,0.520547945205,0.6,0.64,0.512820512821,0.521739130435,0.537037037037,0.428571428571,0.508771929825,0.576923076923,0.478260869565,0.487179487179,0.56,0.542372881356,0.6,0.603448275862,0.357142857143,0.484848484848,0.432432432432,0.545454545455,0.464285714286,0.5,0.4375,0.479166666667,0.46511627907,0.533333333333,0.611111111111,0.565217391304,0.446808510638,0.461538461538,0.457627118644,0.666666666667,0.514285714286,0.528301886792,0.488888888889,0.54,0.5,0.547169811321,0.491525423729,0.475,0.564516129032,0.571428571429,0.533333333333,0.5,0.414634146341,0.5,0.5,0.56862745098,0.529411764706,0.577777777778,0.390243902439,0.583333333333,0.448275862069,0.58,0.641509433962,0.521739130435,0.658536585366,0.475,0.5,0.550724637681,0.617021276596,0.37037037037,0.395348837209,0.480769230769,0.603773584906,0.422222222222,0.375,0.454545454545,0.603773584906,0.538461538462,0.560975609756,0.32,0.404255319149,0.46511627907,0.458333333333,0.470588235294,0.487179487179,0.5,0.630434782609,0.354838709677,0.525,0.657142857143,0.526315789474,0.511111111111,0.555555555556,0.545454545455,0.442307692308,0.555555555556,0.428571428571,0.47619047619,0.491525423729,0.439024390244,0.459459459459,0.58,0.38,0.551724137931,0.558823529412,0.5,0.425531914894,0.458333333333,0.589285714286,0.561403508772,0.510638297872,0.574074074074,0.5,0.6,0.458333333333,0.388888888889,0.595238095238,0.466666666667,0.5,0.431818181818,0.509803921569,0.523076923077,0.41935483871,0.396551724138,0.416666666667,0.473684210526,0.446153846154,0.576923076923,0.52,0.538461538462,0.5,0.511111111111,0.5,0.363636363636,0.537037037037,0.416666666667,0.357142857143,0.384615384615,0.450980392157,0.521739130435,0.478260869565,0.525,0.509433962264,0.558139534884,0.475409836066,0.558823529412,0.594594594595,0.521739130435,0.511627906977,0.288888888889,0.513513513514,0.510204081633,0.632653061224,0.5,0.481481481481,0.489795918367,0.56,0.464285714286,0.435897435897,0.561403508772,0.52,0.533333333333,0.541666666667,0.530612244898,0.340425531915,0.46,0.481481481481,0.367346938776,0.456140350877,0.571428571429,0.6,0.584905660377,0.387096774194,0.545454545455,0.527272727273,0.46511627907,0.571428571429,0.448979591837,0.571428571429,0.5625,0.479166666667,0.555555555556,0.852941176471,0.756756756757,0.54347826087,0.487804878049,0.458333333333,0.5,0.509803921569,0.442307692308,0.595744680851,0.459459459459,0.48275862069,0.642857142857,0.608695652174,0.386363636364,0.481481481481,0.54347826087,0.537037037037,0.418604651163,0.519230769231,0.488372093023,0.53488372093,0.480769230769,0.509433962264,0.5,0.488372093023,0.522727272727,0.577777777778,0.517857142857,0.520833333333,0.65671641791,0.346153846154,0.461538461538,0.409836065574,0.551724137931,0.5,0.578947368421,0.438596491228,0.410714285714,0.40625,0.5,0.559322033898,0.5625,0.584905660377,0.5,0.446428571429,0.475,0.469387755102,0.5625,0.448275862069,0.566037735849,0.534482758621,0.32,0.425925925926,0.478260869565,0.525423728814,0.410256410256,0.5,0.3,0.507692307692,0.368421052632,0.519230769231,0.416666666667,0.702702702703,0.595744680851,0.5,0.5,0.509803921569,0.553191489362,0.434782608696,0.543859649123,0.488372093023,0.479166666667,0.382978723404,0.403846153846,0.396226415094,0.551020408163,0.469387755102,0.5,0.5,0.465517241379,0.396825396825,0.508474576271,0.404761904762,0.590909090909,0.489795918367,0.472727272727,0.48,0.536585365854,0.510204081633,0.547619047619,0.375,0.5,0.477272727273,0.531914893617,0.551724137931,0.438596491228,0.479166666667,0.589285714286,0.479166666667,0.575757575758,0.484375,0.62,0.471698113208,0.590909090909,0.535714285714,0.538461538462,0.346153846154,0.526315789474,0.4375,0.555555555556,0.472222222222,0.5,0.457627118644,0.5,0.533333333333,0.574074074074,0.458333333333,0.529411764706,0.525,0.510638297872,0.583333333333,0.412698412698,0.605263157895,0.604651162791,0.557692307692,0.538461538462,0.490196078431,0.604166666667,0.634615384615,0.615384615385,0.54,0.520833333333,0.5,0.551724137931,0.857142857143,0.526315789474,0.634615384615,0.6,0.485714285714,0.537037037037,0.481481481481,0.653846153846,0.555555555556,0.5,0.45,0.471698113208,0.590909090909,0.45652173913,0.483870967742,0.615384615385,0.477272727273,0.581395348837,0.7,0.491525423729,0.431818181818,0.509433962264,0.436363636364,0.462962962963,0.518518518519,0.541666666667,0.444444444444,0.54347826087,0.421052631579,0.4,0.462962962963,0.5,0.488888888889,0.540540540541,0.518518518519,0.395348837209,0.489361702128,0.5,0.40350877193,0.483870967742,0.466666666667,0.381818181818,0.481481481481,0.542372881356,0.571428571429,0.509433962264,0.480769230769,0.471698113208,0.477272727273,0.421052631579,0.477272727273,0.520833333333,0.37037037037,0.268292682927,0.607142857143,0.487179487179,0.475409836066,0.571428571429,0.6,0.489361702128,0.511111111111,0.5,0.459459459459,0.489795918367,0.608695652174,0.413793103448,0.434782608696,0.513513513514,0.673913043478,0.637931034483,0.53488372093,0.433333333333,0.51724137931,0.511627906977,0.537037037037,0.549019607843,0.395348837209,0.543859649123,0.561403508772,0.407407407407,0.589285714286,0.448979591837,0.411764705882,0.603174603175,0.509803921569,0.484848484848,0.5,0.619047619048,0.302325581395,0.566666666667,0.536231884058,0.448275862069,0.5,0.34375,0.458333333333,0.522727272727,0.435483870968,0.567164179104,0.490196078431,0.297297297297,0.441860465116,0.509803921569,0.5,0.482142857143,0.619047619048,0.705882352941,0.296296296296,0.431818181818,0.564102564103,0.441176470588,0.631578947368,0.673913043478,0.490909090909,0.535211267606,0.526315789474,0.464285714286,0.69387755102,0.522727272727,0.55737704918,0.604166666667,0.396551724138,0.604651162791,0.595238095238,0.520833333333,0.611111111111,0.48275862069,0.483333333333,0.435897435897,0.545454545455,0.555555555556,0.575757575758,0.5,0.478260869565,0.52380952381,0.488888888889,0.509803921569,0.409090909091,0.439024390244,0.410714285714,0.449275362319,0.567567567568,0.447368421053,0.41935483871,0.510204081633,0.468085106383,0.464788732394,0.408163265306,0.52,0.483870967742,0.388888888889,0.446808510638,0.59649122807,0.52380952381,0.575757575758,0.441860465116,0.508196721311,0.458333333333,0.666666666667,0.485714285714,0.413793103448,0.490566037736,0.581818181818,0.595744680851,0.6,0.387755102041,0.611111111111,0.636363636364,0.519230769231,0.521739130435,0.557692307692,0.518987341772,0.547619047619,0.428571428571,0.540983606557,0.440677966102,0.590909090909,0.609756097561,0.588235294118,0.483870967742,0.470588235294,0.571428571429,0.5625,0.571428571429,0.372549019608,0.393442622951,0.521739130435,0.56,0.392156862745,0.365079365079,0.5,0.63829787234,0.64,0.52,0.530612244898,0.489361702128,0.564102564103,0.5625,0.53125,0.5,0.581395348837,0.413043478261,0.45652173913,0.5625,0.454545454545,0.557692307692,0.636363636364,0.675675675676,0.448275862069,0.5,0.474576271186,0.4,0.512195121951,0.4,0.392857142857,0.5,0.528301886792,0.45652173913,0.68085106383,0.545454545455,0.40350877193,0.441860465116,0.333333333333,0.380952380952,0.346153846154,0.538461538462,0.5,0.594594594595,0.64,0.54347826087,0.5,0.558139534884,0.448979591837,0.475,0.581395348837,0.53488372093,0.581818181818,0.617021276596,0.461538461538,0.517857142857,0.483333333333,0.584905660377,0.421052631579,0.555555555556,0.555555555556,0.539682539683,0.48,0.481481481481,0.571428571429,0.361111111111,0.46875,0.451612903226,0.612903225806,0.5,0.613636363636,0.545454545455,0.447368421053,0.52380952381,0.466666666667,0.470588235294,0.571428571429,0.468085106383,0.459459459459,0.5,0.466666666667,0.463414634146,0.576923076923,0.555555555556,0.618181818182,0.45652173913,0.4,0.409090909091,0.534482758621,0.5,0.482142857143,0.545454545455,0.491228070175,0.857142857143,0.527777777778,0.558823529412,0.636363636364,0.388888888889,0.594594594595,0.666666666667,0.653846153846,0.666666666667,0.594594594595,0.591836734694,0.395833333333,0.522727272727,0.5,0.512195121951,0.611111111111,0.491228070175,0.551020408163,0.471698113208,0.347826086957,0.435897435897,0.563636363636,0.590909090909,0.542857142857,0.48275862069,0.512820512821,0.511111111111,0.522727272727,0.490909090909,0.477272727273,0.533333333333,0.55737704918,0.58064516129,0.5625,0.516129032258,0.52,0.555555555556,0.45,0.5,0.45652173913,0.311475409836,0.384615384615,0.5625,0.423076923077,0.574468085106,0.396226415094,0.469387755102,0.477272727273,0.604166666667,0.487179487179,0.625,0.418604651163,0.45,0.527272727273,0.492307692308,0.515625,0.571428571429,0.596153846154,0.682926829268,0.7,0.607843137255,0.5,0.469387755102,0.574468085106,0.56862745098,0.465517241379,0.547619047619,0.533333333333,0.533333333333,0.391304347826,0.448275862069,0.333333333333,0.521739130435,0.462962962963,0.41935483871,0.485714285714,0.512820512821,0.616666666667,0.454545454545,0.5,0.469387755102,0.581395348837,0.58064516129,0.444444444444,0.552631578947,0.452380952381,0.521126760563,0.314814814815,0.490909090909,0.482142857143,0.4375,0.479166666667,0.416666666667,0.594594594595,0.490566037736,0.428571428571,0.436363636364,0.472727272727,0.46511627907,0.466666666667,0.510638297872,0.492063492063,0.444444444444,0.508474576271,0.526315789474,0.744186046512,0.535714285714,0.468085106383,0.509803921569,0.510204081633,0.666666666667,0.537037037037,0.461538461538,0.421052631579,0.529411764706,0.442307692308,0.470588235294,0.446808510638,0.561403508772,0.466666666667,0.454545454545,0.548387096774,0.484375,0.478260869565,0.448979591837,0.480769230769,0.482142857143,0.521739130435,0.46,0.586956521739,0.605263157895,0.594594594595,0.490196078431,0.510204081633,0.489361702128,0.545454545455,0.530612244898,0.571428571429,0.47619047619,0.491525423729,0.590163934426,0.515151515152,0.56862745098,0.456140350877,0.448275862069,0.454545454545,0.396226415094,0.534482758621,0.418181818182,0.444444444444,0.462962962963,0.406779661017,0.5,0.555555555556,0.479166666667,0.552631578947,0.461538461538,0.555555555556,0.617021276596,0.649122807018,0.5,0.555555555556,0.379310344828,0.444444444444,0.51724137931,0.53488372093,0.488372093023,0.285714285714,0.560975609756,0.478260869565,0.56,0.462962962963,0.511111111111,0.421052631579,0.510204081633,0.524590163934,0.510638297872,0.365853658537,0.4,0.375,0.42,0.434782608696,0.56862745098,0.517857142857,0.480769230769,0.478260869565,0.590909090909,0.682926829268,0.535714285714,0.555555555556,0.448979591837,0.425531914894,0.44,0.45,0.375,0.46,0.575,0.676470588235,0.428571428571,0.5,0.51724137931,0.4375,0.577777777778,0.461538461538,0.441176470588,0.438596491228,0.358490566038,0.551020408163,0.384615384615,0.512195121951,0.641025641026,0.54,0.387755102041,0.508196721311,0.5,0.560606060606,0.394736842105,0.6875,0.616666666667,0.442307692308,0.545454545455,0.478260869565,0.469387755102,0.458333333333,0.4375,0.488372093023,0.485714285714,0.470588235294,0.542857142857,0.560975609756,0.6,0.413043478261,0.491228070175,0.509090909091,0.406779661017,0.586206896552,0.485714285714,0.553571428571,0.464285714286,0.459459459459,0.4,0.479166666667,0.525,0.666666666667,0.645833333333,0.564102564103,0.459459459459,0.527777777778,0.526315789474,0.48275862069,0.474576271186,0.584905660377,0.574468085106,0.473684210526,0.529411764706,0.465517241379,0.525423728814,0.484375,0.482142857143,0.4,0.47619047619,0.584905660377,0.547169811321,0.555555555556,0.58,0.415094339623,0.530612244898,0.619047619048,0.5,0.272727272727,0.333333333333,0.559322033898,0.553191489362,0.576923076923,0.4375,0.372549019608,0.36,0.5,0.589285714286,0.450980392157,0.43137254902,0.451612903226,0.488888888889,0.436363636364,0.596153846154,0.412698412698,0.448979591837,0.421052631579,0.436363636364,0.51724137931,0.462962962963,0.452830188679,0.468085106383,0.508474576271,0.508196721311,0.516129032258,0.487179487179,0.51724137931,0.491525423729,0.588235294118,0.566037735849,0.448979591837,0.444444444444,0.515625,0.531914893617,0.568965517241,0.540983606557,0.553571428571,0.52380952381,0.492537313433,0.428571428571,0.717948717949,0.6,0.625,0.884615384615,0.833333333333,0.690476190476,0.645833333333,0.666666666667,0.571428571429,0.675,0.612903225806,0.589743589744,0.657894736842,0.479166666667,0.480769230769,0.548387096774,0.6875,0.586956521739,0.510638297872,0.485714285714,0.527777777778,0.543859649123,0.468085106383,0.403846153846,0.566037735849,0.55,0.46511627907,0.4,0.439024390244,0.5,0.510638297872,0.608695652174,0.551020408163,0.465517241379,0.577777777778,0.528301886792,0.574468085106,0.474576271186,0.540540540541,0.551020408163,0.325,0.545454545455,0.298245614035,0.45652173913,0.533333333333,0.622222222222,0.581395348837,0.46511627907,0.537037037037,0.410256410256,0.488372093023,0.40625,0.407407407407,0.438596491228,0.359375,0.48275862069,0.451612903226,0.391304347826,0.510204081633,0.509803921569,0.507936507937,0.452380952381,0.649122807018,0.617021276596,0.4,0.466666666667,0.488888888889,0.586956521739,0.452830188679,0.612244897959,0.451612903226,0.52,0.463414634146,0.655172413793,0.5,0.47619047619,0.425531914894,0.5,0.491525423729,0.318181818182,0.47619047619,0.5,0.553571428571,0.5,0.442307692308,0.531914893617,0.342105263158,0.551724137931,0.51724137931,0.466666666667,0.608695652174,0.58064516129,0.43137254902,0.51724137931,0.533333333333,0.458333333333,0.5,0.428571428571,0.56862745098,0.467741935484,0.483870967742,0.454545454545,0.482142857143,0.532258064516,0.622641509434,0.428571428571,0.482142857143,0.492063492063,0.463414634146,0.431818181818,0.396825396825,0.466666666667,0.404761904762,0.52380952381,0.533333333333,0.568181818182,0.545454545455,0.527777777778,0.62,0.655172413793,0.341463414634,0.478260869565,0.470588235294,0.395833333333,0.456140350877,0.433962264151,0.487179487179,0.6,0.564102564103,0.525,0.551724137931,0.4,0.46,0.47619047619,0.571428571429,0.473684210526,0.477272727273,0.511111111111,0.433962264151,0.585365853659,0.477611940299,0.520833333333,0.509090909091,0.446808510638,0.535714285714,0.508196721311,0.453125,0.486486486486,0.444444444444,0.422222222222,0.4375,0.431034482759,0.592592592593,0.313725490196,0.463414634146,0.59375,0.56862745098,0.461538461538,0.428571428571,0.324324324324,0.529411764706,0.545454545455,0.55,0.333333333333,0.56862745098,0.422222222222,0.566666666667,0.555555555556,0.428571428571,0.446808510638,0.47619047619,0.4,0.5,0.439024390244,0.492537313433,0.463414634146,0.520833333333,0.421052631579,0.489795918367,0.4375,0.44,0.479166666667,0.462962962963,0.52380952381,0.526315789474,0.544117647059,0.462962962963,0.521739130435,0.490566037736,0.487179487179,0.511111111111,0.471698113208,0.396226415094,0.472727272727,0.446808510638,0.512195121951,0.482142857143,0.5,0.428571428571,0.451612903226,0.491803278689,0.40350877193,0.41935483871,0.34375,0.431818181818,0.604651162791,0.581395348837,0.375,0.555555555556,0.52380952381,0.473684210526,0.428571428571,0.45,0.538461538462,0.581818181818,0.530303030303,0.472727272727,0.518518518519,0.588235294118,0.428571428571,0.54347826087,0.423076923077,0.258064516129,0.581395348837,0.53488372093,0.509433962264,0.453125,0.444444444444,0.372093023256,0.641509433962,0.516129032258,0.4,0.47619047619,0.436363636364,0.541666666667,0.4375,0.464285714286,0.538461538462,0.529411764706,0.428571428571,0.473684210526,0.568965517241,0.659574468085,0.530612244898,0.524590163934,0.5,0.489361702128,0.478873239437,0.531914893617,0.542857142857,0.575,0.458333333333,0.42,0.627906976744,0.462962962963,0.491228070175,0.470588235294,0.431818181818,0.617021276596,0.5,0.389830508475,0.363636363636,0.413043478261,0.4,0.42,0.403846153846,0.469387755102,0.462962962963,0.479166666667,0.459016393443,0.583333333333,0.510638297872,0.488372093023,0.68,0.469387755102,0.577777777778,0.481481481481,0.456140350877,0.512195121951,0.52380952381,0.394736842105,0.566037735849,0.568181818182,0.568181818182,0.510204081633,0.531914893617,0.444444444444,0.559322033898,0.56,0.441860465116,0.511627906977,0.526315789474,0.553191489362,0.5,0.58064516129,0.507936507937,0.482142857143,0.425925925926,0.5,0.555555555556,0.68085106383,0.638888888889,0.5,0.458333333333,0.375,0.507246376812,0.387755102041,0.482142857143,0.634146341463,0.478260869565,0.470588235294,0.416666666667,0.40350877193,0.415094339623,0.422222222222,0.491525423729,0.488888888889,0.538461538462,0.425,0.540540540541,0.552631578947,0.447368421053,0.547619047619,0.395348837209,0.464285714286,0.54,0.58,0.5,0.588235294118,0.311111111111,0.615384615385,0.636363636364,0.5,0.527272727273,0.517857142857,0.56,0.541666666667,0.441860465116,0.510638297872,0.431818181818,0.4,0.543859649123,0.463414634146,0.338983050847,0.447368421053,0.431818181818,0.51724137931,0.512820512821,0.435483870968,0.510204081633,0.436363636364,0.471698113208,0.540983606557,0.491803278689,0.416666666667,0.428571428571,0.564516129032,0.365853658537,0.489361702128,0.478260869565,0.541666666667,0.593220338983,0.571428571429,0.588235294118,0.491803278689,0.508771929825,0.442307692308,0.388888888889,0.425925925926,0.48275862069,0.436363636364,0.428571428571,0.5,0.536585365854,0.433962264151,0.297297297297,0.485714285714,0.479166666667,0.416666666667,0.436363636364,0.5,0.464285714286,0.561403508772,0.508196721311,0.491525423729,0.575,0.490196078431,0.564516129032,0.55737704918,0.431034482759,0.456140350877,0.508771929825,0.545454545455,0.5,0.466666666667,0.529411764706,0.531914893617,0.549019607843,0.48,0.461538461538,0.415094339623,0.421052631579,0.327272727273,0.521739130435,0.477272727273,0.54347826087,0.540983606557,0.538461538462,0.611111111111,0.462962962963,0.507246376812,0.468085106383,0.571428571429,0.571428571429,0.448275862069,0.512195121951,0.529411764706,0.48,0.397058823529,0.529411764706,0.568965517241,0.428571428571,0.491525423729,0.487804878049,0.524590163934,0.488888888889,0.617021276596,0.565217391304,0.461538461538,0.575,0.466666666667,0.538461538462,0.539682539683,0.518518518519,0.461538461538,0.615384615385,0.411764705882,0.52,0.513513513514,0.509433962264,0.71875,0.638888888889,0.617021276596,0.648148148148,0.735294117647,0.56862745098,0.490909090909,0.447368421053,0.363636363636,0.490196078431,0.442857142857,0.5,0.529411764706,0.469387755102,0.413043478261,0.525423728814,0.465517241379,0.457627118644,0.559322033898,0.586206896552,0.490566037736,0.447368421053,0.526315789474,0.526315789474,0.446808510638,0.469387755102,0.481481481481,0.516666666667,0.585365853659,0.574074074074,0.458333333333,0.571428571429,0.520833333333,0.459016393443,0.604651162791,0.394736842105,0.428571428571,0.382978723404,0.5,0.547619047619,0.516129032258,0.488888888889,0.466666666667,0.444444444444,0.547619047619,0.5,0.489361702128,0.447368421053,0.442307692308,0.551724137931,0.551724137931,0.615384615385,0.555555555556,0.44262295082,0.527272727273,0.666666666667,0.65625,0.549019607843,0.614035087719,0.478260869565,0.578125,0.62962962963,0.490909090909,0.444444444444,0.542372881356,0.483333333333,0.483870967742,0.512195121951,0.55,0.5,0.5,0.558823529412,0.518518518519,0.517857142857,0.369565217391,0.510638297872,0.6,0.636363636364,0.553191489362,0.666666666667,0.585365853659,0.589743589744,0.483870967742,0.493150684932,0.488372093023,0.679245283019,0.46511627907,0.490909090909,0.442307692308,0.56,0.5,0.536585365854,0.560975609756,0.509090909091,0.473684210526,0.491803278689,0.509090909091,0.543859649123,0.535714285714,0.484375,0.52380952381,0.613636363636,0.488372093023,0.372549019608,0.625,0.4,0.588235294118,0.533333333333,0.478260869565,0.531914893617,0.522388059701,0.369565217391,0.450980392157,0.464285714286,0.46511627907,0.487804878049,0.365853658537,0.519230769231,0.509090909091,0.384615384615,0.484848484848,0.486486486486,0.457142857143,0.608695652174,0.5,0.325581395349,0.488888888889,0.48275862069,0.58,0.5,0.555555555556,0.407407407407,0.630769230769,0.63829787234,0.487179487179,0.519230769231,0.526315789474,0.362068965517,0.444444444444,0.558823529412,0.5,0.54,0.509090909091,0.425925925926,0.509803921569,0.376811594203,0.536585365854,0.451612903226,0.32,0.551020408163,0.418604651163,0.611111111111,0.327272727273,0.547619047619,0.5,0.428571428571,0.463414634146,0.44262295082,0.481481481481,0.616666666667,0.590909090909,0.613636363636,0.44,0.472222222222,0.540540540541,0.510638297872,0.542372881356,0.446808510638,0.515151515152,0.6,0.641509433962,0.567567567568,0.540983606557,0.636363636364,0.490566037736,0.472727272727,0.394736842105,0.45,0.451612903226,0.413043478261,0.531914893617,0.571428571429,0.510204081633,0.545454545455,0.466666666667,0.461538461538,0.590909090909,0.567567567568,0.386363636364,0.466666666667,0.439024390244,0.5,0.6,0.424242424242,0.527777777778,0.425531914894,0.344827586207,0.767441860465,0.673076923077,0.546875,0.509433962264,0.483870967742,0.509433962264,0.5,0.507936507937,0.517857142857,0.58064516129,0.5,0.524590163934,0.428571428571,0.471698113208,0.492307692308,0.5,0.647058823529,0.622222222222,0.477611940299,0.469387755102,0.407407407407,0.396226415094,0.533333333333,0.454545454545,0.5,0.537037037037,0.615384615385,0.509803921569,0.459459459459,0.551020408163,0.469387755102,0.46875,0.479166666667,0.407407407407,0.55,0.512820512821,0.358974358974,0.46875,0.585365853659,0.454545454545,0.436363636364,0.508771929825,0.631578947368,0.418604651163,0.6,0.395833333333,0.490196078431,0.418604651163,0.578947368421,0.566037735849,0.607843137255,0.5,0.586956521739,0.559322033898,0.379310344828,0.571428571429,0.55,0.480769230769,0.548387096774,0.592592592593,0.478260869565,0.688888888889,0.526315789474,0.492307692308,0.508771929825,0.528301886792,0.509433962264,0.421052631579,0.489795918367,0.536585365854,0.473684210526,0.508196721311,0.827586206897,0.486486486486,0.452380952381,0.557692307692,0.543859649123,0.603174603175,0.58,0.595744680851,0.634146341463,0.474576271186,0.54347826087,0.5,0.47619047619,0.574468085106,0.64,0.480769230769,0.452830188679,0.428571428571,0.428571428571,0.480769230769,0.530612244898,0.566037735849,0.444444444444,0.5625,0.551020408163,0.52,0.596153846154,0.507692307692,0.314814814815,0.467741935484,0.56,0.428571428571,0.464285714286,0.642857142857,0.45,0.450980392157,0.474576271186,0.5,0.410714285714,0.413793103448,0.42,0.388888888889,0.450980392157,0.563636363636,0.574074074074,0.479166666667,0.5,0.5,0.526315789474,0.487804878049,0.555555555556,0.477611940299,0.471698113208,0.522388059701,0.53125,0.603448275862,0.526315789474,0.404761904762,0.414634146341,0.425,0.5,0.491525423729,0.552631578947,0.524590163934,0.448979591837,0.672413793103,0.672727272727,0.48275862069,0.576923076923,0.641509433962,0.557692307692,0.489361702128,0.58,0.531914893617,0.589285714286,0.612903225806,0.46,0.56338028169,0.531914893617,0.584905660377,0.458333333333,0.7,0.357142857143,0.357142857143,0.604651162791,0.622222222222,0.48,0.439024390244,0.431818181818,0.568965517241,0.589743589744,0.439024390244,0.5,0.490909090909,0.508196721311,0.605263157895,0.462962962963,0.555555555556,0.526315789474,0.489795918367,0.490566037736,0.590909090909,0.647058823529,0.615384615385,0.553571428571,0.571428571429,0.508771929825,0.416666666667,0.4375,0.526315789474,0.525,0.511627906977,0.446428571429,0.508196721311,0.5,0.470588235294,0.41935483871,0.611111111111,0.462962962963,0.482142857143,0.470588235294,0.351351351351,0.469387755102,0.592592592593,0.529411764706,0.51724137931,0.529411764706,0.530612244898,0.479166666667,0.545454545455,0.47619047619,0.535714285714,0.627906976744,0.428571428571,0.641025641026,0.48,0.608695652174,0.480769230769,0.396825396825,0.491228070175,0.463768115942,0.518518518519,0.555555555556,0.519230769231,0.527272727273,0.479166666667,0.446808510638,0.54,0.457627118644,0.515625,0.486111111111,0.480769230769,0.490909090909,0.375,0.455882352941,0.55223880597,0.625,0.555555555556,0.42,0.702127659574,0.525423728814,0.566666666667,0.508474576271,0.422222222222,0.434782608696,0.540983606557,0.482142857143,0.442307692308,0.509090909091,0.422222222222,0.4,0.673469387755,0.434782608696,0.409090909091,0.425531914894,0.486486486486,0.48275862069,0.471698113208,0.617021276596,0.47619047619,0.446808510638,0.5,0.54,0.596153846154,0.46511627907,0.423076923077,0.403846153846,0.418604651163,0.518518518519,0.615384615385,0.543859649123,0.509803921569,0.6,0.590909090909,0.58064516129,0.564516129032,0.58,0.468085106383,0.432432432432,0.529411764706,0.4,0.604651162791,0.535714285714,0.583333333333,0.448979591837,0.473684210526,0.410714285714,0.428571428571,0.722222222222,0.542857142857,0.512195121951,0.547619047619,0.5,0.461538461538,0.507936507937,0.471698113208,0.555555555556,0.323529411765,0.563636363636,0.491228070175,0.589743589744,0.578947368421,0.634615384615,0.574074074074,0.450980392157,0.75,0.378378378378,0.466666666667,0.387096774194,0.349206349206,0.5625,0.571428571429,0.533333333333,0.5,0.391304347826,0.466666666667,0.428571428571,0.537037037037,0.553571428571,0.603773584906,0.4,0.470588235294,0.292682926829,0.387096774194,0.441860465116,0.468085106383,0.45,0.4,0.555555555556,0.583333333333,0.631578947368,0.603448275862,0.533333333333,0.571428571429,0.616666666667,0.416666666667,0.586206896552,0.545454545455,0.583333333333,0.431034482759,0.547169811321,0.588235294118,0.5,0.327272727273,0.491803278689,0.513513513514,0.555555555556,0.480769230769,0.625,0.527777777778,0.55,0.578947368421,0.52380952381,0.489361702128,0.561403508772,0.537037037037,0.574074074074,0.403846153846,0.48275862069,0.408163265306,0.553191489362,0.490566037736,0.333333333333,0.591836734694,0.472727272727,0.478260869565,0.432432432432,0.444444444444,0.392857142857,0.573770491803,0.658536585366,0.456140350877,0.543859649123,0.392156862745,0.531914893617,0.54,0.5,0.627906976744,0.567567567568,0.709677419355,0.565217391304,0.478873239437,0.571428571429,0.5,0.45652173913,0.393442622951,0.561403508772,0.487804878049,0.566037735849,0.511111111111,0.541666666667,0.535714285714,0.486486486486,0.53488372093,0.522727272727,0.564516129032,0.472727272727,0.457627118644,0.3,0.535714285714,0.387755102041,0.43137254902,0.578947368421,0.583333333333,0.5,0.4,0.428571428571,0.533333333333,0.354166666667,0.367346938776,0.510204081633,0.604651162791,0.518518518519,0.59649122807,0.642857142857,0.553191489362,0.454545454545,0.489361702128,0.571428571429,0.52380952381,0.545454545455,0.534482758621,0.487804878049,0.490196078431,0.571428571429,0.561403508772,0.545454545455,0.355555555556,0.69696969697,0.393442622951,0.5,0.5,0.549019607843,0.585365853659,0.479166666667,0.472727272727,0.483333333333,0.490566037736,0.578947368421,0.471698113208,0.490566037736,0.510204081633,0.490566037736,0.410714285714,0.68,0.581395348837,0.470588235294,0.46,0.5,0.510638297872,0.538461538462,0.53488372093,0.555555555556,0.615384615385,0.549019607843,0.466666666667,0.484375,0.421052631579,0.628571428571,0.490909090909,0.475,0.418181818182,0.65625,0.558139534884,0.481481481481,0.411764705882,0.459459459459,0.54,0.446428571429,0.52,0.59649122807,0.549019607843,0.469387755102,0.396551724138,0.485294117647,0.516666666667,0.5,0.566037735849,0.418604651163,0.479166666667,0.547169811321,0.42,0.55,0.459459459459,0.5,0.608695652174,0.645833333333,0.673469387755,0.304347826087,0.369565217391,0.525,0.410256410256,0.585365853659,0.553191489362,0.5,0.444444444444,0.52,0.56,0.508771929825,0.491228070175,0.520833333333,0.461538461538,0.483333333333,0.444444444444,0.489361702128,0.46511627907,0.622222222222,0.58,0.490196078431,0.555555555556,0.468085106383,0.46,0.447368421053,0.581395348837,0.418604651163,0.4,0.358490566038,0.479166666667,0.462962962963,0.485714285714,0.511627906977,0.589743589744,0.522727272727,0.588235294118,0.558139534884,0.604166666667,0.52,0.509803921569,0.409090909091,0.521739130435,0.377777777778,0.545454545455,0.525,0.5,0.557142857143,0.446808510638,0.279069767442,0.538461538462,0.510204081633,0.479166666667,0.451612903226,0.583333333333,0.622222222222,0.571428571429,0.586206896552,0.4,0.508474576271,0.491803278689,0.55,0.666666666667,0.63829787234,0.588235294118,0.961538461538,0.44,0.48275862069,0.5,0.586206896552,0.647058823529,0.46,0.477611940299,0.507692307692,0.527272727273,0.46,0.595744680851,0.514285714286,0.690476190476,0.396226415094,0.565217391304,0.393939393939,0.45652173913,0.459016393443,0.583333333333,0.309090909091,0.461538461538,0.545454545455,0.473684210526,0.385964912281,0.490196078431,0.521739130435,0.481481481481,0.588235294118,0.418604651163,0.648648648649,0.473684210526,0.551020408163,0.461538461538,0.5,0.58,0.538461538462,0.4375,0.488888888889,0.54347826087,0.571428571429,0.411764705882,0.489795918367,0.484848484848,0.416666666667,0.433962264151,0.511111111111,0.5,0.578947368421,0.488372093023,0.545454545455,0.5,0.604651162791,0.489361702128,0.564102564103,0.447368421053,0.628571428571,0.568181818182,0.507936507937,0.46,0.43137254902,0.512820512821,0.457142857143,0.313725490196,0.421875,0.542372881356,0.589285714286,0.587301587302,0.454545454545,0.5,0.5,0.533333333333,0.384615384615,0.407407407407,0.636363636364,0.392156862745,0.545454545455,0.5625,0.4375,0.522727272727,0.5,0.523076923077,0.483333333333,0.75,0.454545454545,0.508771929825,0.619047619048,0.452380952381,0.357142857143,0.5,0.48275862069,0.55737704918,0.490196078431,0.5,0.540540540541,0.531914893617,0.614285714286,0.471698113208,0.418181818182,0.4375,0.5,0.607142857143,0.454545454545,0.45,0.555555555556,0.567164179104,0.489795918367,0.446153846154,0.393442622951,0.41935483871,0.5,0.509090909091,0.555555555556,0.51724137931,0.454545454545,0.395833333333,0.439024390244,0.453125,0.433962264151,0.611111111111,0.45652173913,0.478260869565,0.509803921569,0.54,0.591836734694,0.5,0.446153846154,0.425,0.4375,0.457142857143,0.451612903226,0.489361702128,0.555555555556,0.506666666667,0.5,0.595744680851,0.5625,0.651162790698,0.588235294118,0.326923076923,0.4375,0.380952380952,0.396551724138,0.475409836066,0.393939393939,0.583333333333,0.527272727273,0.603448275862,0.705882352941,0.581395348837,0.523076923077,0.444444444444,0.511111111111,0.446808510638,0.5,0.549019607843,0.52,0.41935483871,0.285714285714,0.454545454545,0.566666666667,0.321428571429,0.535714285714,0.52,0.5,0.477272727273,0.44,0.36,0.571428571429,0.479166666667,0.5,0.536585365854,0.565217391304,0.564102564103,0.512820512821,0.469387755102,0.548387096774,0.526315789474,0.533333333333,0.442307692308,0.5,0.571428571429,0.552631578947,0.482142857143,0.5,0.642857142857,0.487179487179,0.382352941176,0.55,0.5,0.472727272727,0.447368421053,0.46511627907,0.583333333333,0.5,0.487179487179,0.511627906977,0.470588235294,0.454545454545,0.5,0.607843137255,0.62,0.532258064516,0.525,0.541666666667,0.541666666667,0.459459459459,0.459016393443,0.619047619048,0.469696969697,0.574468085106,0.720930232558,0.512195121951,0.533333333333,0.627450980392,0.467741935484,0.492957746479,0.472222222222,0.678571428571,0.423076923077,0.5,0.46511627907,0.466666666667,0.574468085106,0.48,0.454545454545,0.5,0.425531914894,0.549019607843,0.510638297872,0.55,0.450980392157,0.459459459459,0.405405405405,0.375,0.421052631579,0.540540540541,0.396551724138,0.551724137931,0.622641509434,0.444444444444,0.414634146341,0.522727272727,0.396226415094,0.510638297872,0.538461538462,0.387755102041,0.421052631579,0.489361702128,0.551020408163,0.5,0.627118644068,0.4375,0.487804878049,0.513513513514,0.404761904762,0.521739130435,0.4,0.416666666667,0.530612244898,0.425531914894,0.387755102041,0.413043478261,0.4375,0.511111111111,0.491803278689,0.483870967742,0.413043478261,0.489795918367,0.473684210526,0.473684210526,0.617647058824,0.488372093023,0.615384615385,0.339285714286,0.382352941176,0.487179487179,0.372549019608,0.490566037736,0.56,0.461538461538,0.612903225806,0.53125,0.473684210526,0.365853658537,0.403846153846,0.485294117647,0.457142857143,0.538461538462,0.425925925926,0.452830188679,0.425531914894,0.432432432432,0.417910447761,0.40350877193,0.571428571429,0.488372093023,0.491525423729,0.405405405405,0.688888888889,0.574468085106,0.675675675676,0.431818181818,0.606557377049,0.543859649123,0.511111111111,0.627906976744,0.660377358491,0.622222222222,0.6,0.575,0.52380952381,0.52,0.469387755102,0.351351351351,0.384615384615,0.418604651163,0.5,0.595744680851,0.52,0.538461538462,0.558139534884,0.470588235294,0.666666666667,0.666666666667,0.529411764706,0.583333333333,0.469387755102,0.53488372093,0.483870967742,0.528301886792,0.510204081633,0.388888888889,0.547619047619,0.475,0.694444444444,0.631578947368,0.457142857143,0.466666666667,0.54347826087,0.509433962264,0.5,0.5625,0.611111111111,0.421052631579,0.611940298507,0.589285714286,0.511111111111,0.423076923077,0.56,0.586956521739,0.46511627907,0.446808510638,0.418604651163,0.385964912281,0.5,0.655172413793,0.448979591837,0.571428571429,0.489361702128,0.510204081633,0.574074074074,0.454545454545,0.466666666667,0.479166666667,0.489795918367,0.482142857143,0.469387755102,0.632653061224,0.387755102041,0.369565217391,0.577464788732,0.423076923077,0.540540540541,0.552631578947,0.534482758621,0.5,0.469387755102,0.540983606557,0.563636363636,0.548387096774,0.433333333333,0.452380952381,0.527777777778,0.418604651163,0.53488372093,0.475,0.641025641026,0.450980392157,0.545454545455,0.5,0.4375,0.55,0.5,0.488372093023,0.428571428571,0.5,0.472222222222,0.452830188679,0.56,0.5,0.862068965517,0.513513513514,0.615384615385,0.42,0.530612244898,0.461538461538,0.585365853659,0.5,0.666666666667,0.625,0.552631578947,0.465517241379,0.566666666667,0.439024390244,0.44,0.609375,0.511111111111,0.516666666667,0.590909090909,0.5,0.422222222222,0.478260869565,0.571428571429,0.553191489362,0.480769230769,0.538461538462,0.547619047619,0.767441860465,0.928571428571,0.470588235294,0.533333333333,0.491803278689,0.450980392157,0.5,0.396226415094,0.540983606557,0.452054794521,0.510204081633,0.607142857143,0.611111111111,0.631578947368,0.490566037736,0.551020408163,0.444444444444,0.574074074074,0.44,0.382978723404,0.604166666667,0.444444444444,0.42,0.604651162791,0.511111111111,0.604651162791,0.481481481481,0.37037037037,0.404761904762,0.56,0.456140350877,0.433333333333,0.482142857143,0.561403508772,0.625,0.6,0.52380952381,0.510638297872,0.541666666667,0.6,0.612903225806,0.575,0.553571428571,0.488888888889,0.565217391304,0.604166666667,0.563636363636,0.34375,0.585365853659,0.458333333333,0.490196078431,0.75,0.547619047619,0.425925925926,0.538461538462,0.490566037736,0.544117647059,0.390243902439,0.521739130435,0.568181818182,0.553191489362,0.574468085106,0.563636363636,0.518518518519,0.531914893617,0.54347826087,0.522727272727,0.442307692308,0.467741935484,0.518518518519,0.492063492063,0.52380952381,0.480769230769,0.584615384615,0.480769230769,0.545454545455,0.604166666667,0.619047619048,0.5,0.594202898551,0.672727272727,0.340909090909,0.477272727273,0.622222222222,0.5,0.431034482759,0.421052631579,0.441860465116,0.549019607843,0.311111111111,0.560606060606,0.619718309859,0.468085106383,0.5,0.396226415094,0.434782608696,0.468085106383,0.48275862069,0.491228070175,0.553191489362,0.54347826087,0.375,0.466666666667,0.521739130435,0.473684210526,0.444444444444,0.5,0.377358490566,0.413043478261,0.514285714286,0.533333333333,0.531914893617,0.578947368421,0.558823529412,0.529411764706,0.403846153846,0.6,0.568181818182,0.416666666667,0.5,0.509803921569,0.51724137931,0.464285714286,0.521739130435,0.439024390244,0.578947368421,0.5,0.5,0.543859649123,0.551020408163,0.452380952381,0.433962264151,0.435897435897,0.551724137931,0.54,0.557692307692,0.375,0.5,0.491228070175,0.357142857143,0.568181818182,0.542372881356,0.511627906977,0.511111111111,0.526315789474,0.5,0.386363636364,0.528301886792,0.36170212766,0.516129032258,0.510204081633,0.657142857143,0.5,0.519230769231,0.538461538462,0.367346938776,0.405405405405,0.342105263158,0.7,0.379310344828,0.634615384615,0.416666666667,0.514285714286,0.454545454545,0.428571428571,0.4,0.44,0.519230769231,0.490196078431,0.448275862069,0.56,0.531914893617,0.591836734694,0.555555555556,0.5,0.438596491228,0.490196078431,0.535714285714,0.353846153846,0.637931034483,0.487804878049,0.514285714286,0.454545454545,0.479166666667,0.46,0.464285714286,0.485714285714,0.489361702128,0.625,0.538461538462,0.884615384615,0.756756756757,0.461538461538,0.510638297872,0.540540540541,0.558139534884,0.410256410256,0.458333333333,0.463414634146,0.452830188679,0.5,0.54,0.448275862069,0.527272727273,0.571428571429,0.612903225806,0.490909090909,0.475,0.605263157895,0.372881355932,0.535714285714,0.510638297872,0.4375,0.53125,0.541666666667,0.591836734694,0.545454545455,0.47619047619,0.475,0.555555555556,0.596153846154,0.490909090909,0.510204081633,0.425,0.5,0.585365853659,0.481481481481,0.512195121951,0.518518518519,0.482142857143,0.410714285714,0.489361702128,0.736842105263,0.609756097561,0.571428571429,0.566666666667,0.475,0.395348837209,0.522727272727,0.392156862745,0.518518518519,0.466666666667,0.52380952381,0.444444444444,0.547619047619,0.435897435897,0.552631578947,0.5,0.581395348837,0.657894736842,0.512195121951,0.628571428571,0.530612244898,0.6,0.454545454545,0.404761904762,0.555555555556,0.585365853659,0.6,0.642857142857,0.586956521739,0.536585365854,0.5,0.454545454545,0.642857142857,0.566666666667,0.555555555556,0.578947368421,0.568181818182,0.468085106383,0.47619047619,0.479166666667,0.6,0.71875,0.558139534884,0.560975609756,0.463414634146,0.615384615385,0.517857142857,0.452830188679,0.5,0.509090909091,0.489795918367,0.43137254902,0.536585365854,0.410714285714,0.428571428571,0.510638297872,0.487804878049,0.537037037037,0.404761904762,0.641025641026,0.484848484848,0.551020408163,0.512195121951,0.344827586207,0.464285714286,0.491228070175,0.625,0.446153846154,0.540540540541,0.512195121951,0.510204081633,0.46,0.478260869565,0.380952380952,0.565217391304,0.441860465116,0.512820512821,0.454545454545,0.54347826087,0.586956521739,0.483870967742,0.4,0.545454545455,0.477272727273,0.52380952381,0.52,0.585365853659,0.473684210526,0.5,0.489361702128,0.512820512821,0.558139534884,0.538461538462,0.441176470588,0.416666666667,0.586956521739,0.442307692308,0.56862745098,0.436363636364,0.439393939394,0.464285714286,0.571428571429,0.616666666667,0.578947368421,0.42,0.555555555556,0.585365853659,0.535714285714,0.477272727273,0.488888888889,0.517857142857,0.521739130435,0.47619047619,0.630434782609,0.547619047619,0.560975609756,0.576271186441,0.478260869565,0.5,0.553191489362,0.545454545455,0.666666666667,0.536585365854,0.533333333333,0.520833333333,0.438596491228,0.438596491228,0.525,0.387755102041,0.454545454545,0.418181818182,0.566037735849,0.444444444444,0.555555555556,0.509090909091,0.487804878049,0.625,0.529411764706,0.592592592593,0.536585365854,0.513513513514,0.54347826087,0.595744680851,0.558823529412,0.6,0.55,0.435897435897,0.5,0.446428571429,0.5,0.454545454545,0.396226415094,0.5,0.727272727273,0.558139534884,0.431818181818,0.464285714286,0.528301886792,0.484375,0.490196078431,0.509803921569,0.5,0.557692307692,0.482142857143,0.487804878049,0.545454545455,0.521739130435,0.584905660377,0.547169811321,0.555555555556,0.692307692308,0.45,0.5,0.509090909091,0.414634146341,0.588235294118,0.426229508197,0.595744680851,0.563636363636,0.475,0.471698113208,0.468085106383,0.517857142857,0.685714285714,0.297297297297,0.395348837209,0.569230769231,0.470588235294,0.640625,0.5,0.30612244898,0.509803921569,0.525,0.489361702128,0.522727272727,0.658536585366,0.413043478261,0.339285714286,0.614035087719,0.461538461538,0.509433962264,0.581395348837,0.30612244898,0.479166666667,0.435897435897,0.559322033898,0.428571428571,0.434782608696,0.484848484848,0.55,0.5,0.490566037736,0.511111111111,0.43137254902,0.595744680851,0.415384615385,0.571428571429,0.553191489362,0.491228070175,0.517857142857,0.5,0.533333333333,0.529411764706,0.5,0.462962962963,0.479166666667,0.475,0.608695652174,0.53488372093,0.466666666667,0.450980392157,0.347826086957,0.372549019608,0.555555555556,0.608695652174,0.555555555556,0.483870967742,0.434782608696,0.574074074074,0.431818181818,0.409090909091,0.355555555556,0.446808510638,0.473684210526,0.461538461538,0.423076923077,0.442307692308,0.46511627907,0.533333333333,0.48,0.62,0.509090909091,0.542372881356,0.541666666667,0.510638297872,0.48,0.531914893617,0.522727272727,0.551724137931,0.472222222222,0.439024390244,0.666666666667,0.617021276596,0.425531914894,0.45,0.511111111111,0.487804878049,0.576271186441,0.535714285714,0.534482758621,0.604651162791,0.5,0.553191489362,0.531914893617,0.595238095238,0.552631578947,0.5,0.425531914894,0.464285714286,0.386363636364,0.367346938776,0.594594594595,0.470588235294,0.457142857143,0.510638297872,0.475,0.538461538462,0.571428571429,0.428571428571,0.52380952381,0.425925925926,0.606557377049,0.595744680851,0.416666666667,0.471698113208,0.571428571429,0.65306122449,0.63829787234,0.4375,0.5,0.363636363636,0.491525423729,0.388888888889,0.533333333333,0.407407407407,0.574074074074,0.475409836066,0.573770491803,0.581395348837,0.461538461538,0.45,0.538461538462,0.517857142857,0.509433962264,0.475,0.510204081633,0.438596491228,0.457627118644,0.472727272727,0.466666666667,0.566666666667,0.515151515152,0.659090909091,0.541666666667,0.521739130435,0.457142857143,0.514285714286,0.488888888889,0.612244897959,0.508474576271,0.459459459459,0.531914893617,0.421052631579,0.474576271186,0.458333333333,0.62,0.574468085106,0.539682539683,0.575,0.55,0.56,0.416666666667,0.613636363636,0.541666666667,0.522727272727,0.470588235294,0.538461538462,0.472727272727,0.553191489362,0.529411764706,0.432432432432,0.463414634146,0.54,0.644444444444,0.492753623188,0.5,0.540540540541,0.368421052632,0.730769230769,0.711111111111,0.523076923077,0.487179487179,0.545454545455,0.488372093023,0.638888888889,0.434782608696,0.512195121951,0.387755102041,0.5,0.407407407407,0.6,0.577777777778,0.5,0.408163265306,0.51724137931,0.480769230769,0.560975609756,0.652173913043,0.441860465116,0.537037037037,0.642857142857,0.540540540541,0.425925925926,0.384615384615,0.574074074074,0.545454545455,0.54347826087,0.672131147541,0.530612244898,0.489795918367,0.555555555556,0.446153846154,0.564102564103,0.870967741935,0.777777777778,0.628571428571,0.6,0.431034482759,0.428571428571,0.532258064516,0.5,0.474576271186,0.438596491228,0.6,0.363636363636,0.261904761905,0.488372093023,0.538461538462,0.618181818182,0.534482758621,0.444444444444,0.566037735849,0.5,0.461538461538,0.555555555556,0.538461538462,0.444444444444,0.457627118644,0.555555555556,0.557692307692,0.571428571429,0.448275862069,0.438596491228,0.477272727273,0.45652173913,0.459016393443,0.431818181818,0.594594594595,0.36,0.45,0.703703703704,0.666666666667,0.466666666667,0.428571428571,0.403225806452,0.454545454545,0.433962264151,0.56338028169,0.457627118644,0.51724137931,0.491228070175,0.508474576271,0.432432432432,0.387755102041,0.462686567164,0.5,0.585714285714,0.523076923077,0.527272727273,0.488888888889,0.530303030303,0.52380952381,0.433333333333,0.433333333333,0.55737704918,0.390243902439,0.475,0.5,0.488888888889,0.6,0.524590163934,0.794117647059,0.552631578947,0.674418604651,0.647058823529,0.606060606061,0.5625,0.52,0.568181818182,0.520833333333,0.520833333333,0.557692307692,0.489361702128,0.645833333333,0.634146341463,0.636363636364,0.741935483871,0.513513513514,0.466666666667,0.510204081633,0.574074074074,0.428571428571,0.566037735849,0.56862745098,0.545454545455,0.558139534884,0.410256410256,0.462962962963,0.54347826087,0.56,0.545454545455,0.5,0.553571428571,0.658536585366,0.564102564103,0.540540540541,0.5,0.461538461538,0.475,0.586956521739,0.471698113208,0.487804878049,0.432432432432,0.486486486486,0.466666666667,0.418604651163,0.51724137931,0.466666666667,0.5,0.53488372093,0.527272727273,0.6,0.528301886792,0.526315789474,0.689655172414,0.5,0.659574468085,0.720930232558,0.576923076923,0.63829787234,0.647058823529,0.415094339623,0.53488372093,0.576923076923,0.484848484848,0.525,0.478260869565,0.508474576271,0.452830188679,0.520833333333,0.5,0.545454545455,0.559322033898,0.527272727273,0.5,0.43137254902,0.56862745098,0.411764705882,0.490196078431,0.5,0.380952380952,0.384615384615,0.4,0.53488372093,0.508196721311,0.434782608696,0.311111111111,0.511627906977,0.533333333333,0.528301886792,0.511627906977,0.521739130435,0.411764705882,0.489795918367,0.434782608696,0.516666666667,0.479166666667,0.539682539683,0.564516129032,0.613636363636,0.490196078431,0.511111111111,0.475409836066,0.511627906977,0.607843137255,0.43137254902,0.489795918367,0.47619047619,0.481481481481,0.5,0.462962962963,0.673913043478,0.688888888889,0.47619047619,0.5,0.464285714286,0.547619047619,0.365853658537,0.458333333333,0.540983606557,0.452830188679,0.6,0.555555555556,0.371428571429,0.480769230769,0.612903225806,0.526315789474,0.444444444444,0.527777777778,0.5625,0.736842105263,0.425,0.55,0.387755102041,0.595238095238,0.371428571429,0.318181818182,0.611940298507,0.595744680851,0.327586206897,0.480769230769,0.531914893617,0.511627906977,0.560975609756,0.568181818182,0.525,0.470588235294,0.469387755102,0.477272727273,0.470588235294,0.452380952381,0.52,0.466666666667,0.571428571429,0.594594594595,0.511111111111,0.578947368421,0.448979591837,0.444444444444,0.474576271186,0.553191489362,0.477272727273,0.54,0.697674418605,0.467741935484,0.408163265306,0.42,0.517857142857,0.785714285714,0.585365853659,0.478260869565,0.484375,0.519230769231,0.577777777778,0.658536585366,0.666666666667,0.787878787879,0.84,0.516129032258,0.552631578947,0.5,0.5,0.472222222222,0.5,0.48,0.545454545455,0.488372093023,0.625,0.56,0.622222222222,0.480769230769,0.36,0.55,0.510204081633,0.441860465116,0.5625,0.529411764706,0.511627906977,0.625,0.5,0.581818181818,0.45,0.520833333333,0.452380952381,0.630434782609,0.526315789474,0.666666666667,0.581395348837,0.348837209302,0.396551724138,0.416666666667,0.511111111111,0.482142857143,0.451612903226,0.466666666667,0.428571428571,0.489795918367,0.571428571429,0.491228070175,0.516666666667,0.387096774194,0.604166666667,0.452830188679,0.694444444444,0.489361702128,0.517857142857,0.484375,0.607142857143,0.525,0.395833333333,0.555555555556,0.647058823529,0.6,0.483333333333,0.573770491803,0.265306122449,0.47619047619,0.389830508475,0.468085106383,0.555555555556,0.46511627907,0.515151515152,0.472222222222,0.378378378378,0.469387755102,0.607142857143,0.533333333333,0.613636363636,0.472727272727,0.372881355932,0.450980392157,0.571428571429,0.59649122807,0.532258064516,0.510638297872,0.5,0.457627118644,0.490566037736,0.638888888889,0.673469387755,0.615384615385,0.542372881356,0.586206896552,0.282051282051,0.416666666667,0.5,0.5,0.508771929825,0.508771929825,0.84,0.8,0.567567567568,0.533333333333,0.490566037736,0.558139534884,0.525,0.564516129032,0.461538461538,0.522727272727,0.448275862069,0.535714285714,0.5,0.5,0.454545454545,0.625,0.435483870968,0.622222222222,0.488372093023,0.571428571429,0.5,0.675,0.540540540541,0.333333333333,0.466666666667,0.5,0.516666666667,0.421052631579,0.5,0.428571428571,0.571428571429,0.537037037037,0.388888888889,0.604651162791,0.535714285714,0.5,0.455882352941,0.5,0.463414634146,0.4,0.5,0.52380952381,0.434782608696,0.441860465116,0.48,0.571428571429,0.59375,0.539682539683,0.470588235294,0.51724137931,0.581395348837,0.592592592593,0.512195121951,0.666666666667,0.575757575758,0.558823529412,0.657894736842,0.5,0.45,0.584905660377,0.560975609756,0.5,0.555555555556,0.52380952381,0.422222222222,0.520833333333,0.54,0.404761904762,0.645161290323,0.444444444444,0.425,0.604166666667,0.564102564103,0.468085106383,0.372549019608,0.588235294118,0.490566037736,0.3125,0.607843137255,0.477272727273,0.380952380952,0.423076923077,0.444444444444,0.511627906977,0.333333333333,0.6,0.511627906977,0.428571428571,0.591836734694,0.390243902439,0.574468085106,0.595238095238,0.53125,0.4,0.564102564103,0.592592592593,0.611111111111,0.521739130435,0.434782608696,0.536585365854,0.520833333333,0.490196078431,0.607843137255,0.403846153846,0.480769230769,0.549019607843,0.603773584906,0.409090909091,0.405405405405,0.46511627907,0.625,0.605263157895,0.488372093023,0.583333333333,0.571428571429,0.457627118644,0.517857142857,0.581818181818,0.527272727273,0.425925925926,0.568965517241,0.5,0.611111111111,0.489361702128,0.48,0.5,0.53488372093,0.392857142857,0.48275862069,0.558139534884,0.565217391304,0.474576271186,0.547169811321,0.596153846154,0.509433962264,0.6,0.659574468085,0.375,0.558139534884,0.647058823529,0.508771929825,0.447368421053,0.52380952381,0.543859649123,0.538461538462,0.604651162791,0.697674418605,0.45,0.55,0.561403508772,0.565217391304,0.470588235294,0.510638297872,0.5,0.512195121951,0.564102564103,0.610169491525,0.377777777778,0.5,0.482142857143,0.484848484848,0.615384615385,0.531914893617,0.510638297872,0.657142857143,0.509433962264,0.592592592593,0.530303030303,0.484848484848,0.609756097561,0.488888888889,0.490909090909,0.384615384615,0.405405405405,0.547619047619,0.608695652174,0.66,0.5,0.5,0.549019607843,0.576923076923,0.537037037037,0.382352941176,0.48,0.432432432432,0.659574468085,0.659090909091,0.591836734694,0.528301886792,0.474576271186,0.6,0.434782608696,0.369565217391,0.5,0.396551724138,0.518518518519,0.509803921569,0.395833333333,0.560975609756,0.607843137255,0.367346938776,0.621212121212,0.38,0.230769230769,0.609756097561,0.5,0.516666666667,0.462962962963,0.441860465116,0.5,0.52,0.527272727273,0.531914893617,0.561403508772,0.508771929825,0.46,0.473684210526,0.509433962264,0.431818181818,0.355555555556,0.590909090909,0.5,0.517857142857,0.657894736842,0.641509433962,0.465517241379,0.434782608696,0.433962264151,0.522727272727,0.361111111111,0.477272727273,0.531914893617,0.574074074074,0.441860465116,0.7,0.480769230769,0.465517241379,0.6,0.597014925373,0.533333333333,0.548387096774,0.558139534884,0.473684210526,0.421052631579,0.52380952381,0.522727272727,0.638888888889,0.613636363636,0.586956521739,0.488888888889,0.489795918367,0.510638297872,0.377777777778,0.5625,0.565217391304,0.537037037037,0.459459459459,0.382978723404,0.418604651163,0.535714285714,0.5,0.418604651163,0.477272727273,0.510638297872,0.58,0.473684210526,0.48,0.466666666667,0.547169811321,0.444444444444,0.328358208955,0.431034482759,0.54347826087,0.508474576271,0.56862745098,0.552631578947,0.488888888889,0.436363636364,0.425531914894,0.464285714286,0.613636363636,0.490196078431,0.531914893617,0.509803921569,0.410714285714,0.617021276596,0.574074074074,0.351851851852,0.596153846154,0.425,0.448275862069,0.457142857143,0.545454545455,0.641025641026,0.553191489362,0.410256410256,0.382978723404,0.475,0.551020408163,0.566037735849,0.431034482759,0.490909090909,0.616666666667,0.457627118644,0.382978723404,0.481481481481,0.542372881356,0.295081967213,0.483333333333,0.511111111111,0.551020408163,0.545454545455,0.538461538462,0.46511627907,0.490196078431,0.404761904762,0.553571428571,0.462962962963,0.649122807018,0.450980392157,0.528301886792,0.581818181818,0.414634146341,0.216216216216,0.5,0.568965517241,0.468085106383,0.4,0.5,0.565217391304,0.603174603175,0.658536585366,0.615384615385,0.6,0.475,0.431034482759,0.471698113208,0.4,0.714285714286,0.47619047619,0.508474576271,0.588235294118,0.444444444444,0.675,0.48,0.431818181818,0.47619047619,0.617647058824,0.454545454545,0.5,0.32,0.608695652174,0.547169811321,0.469387755102,0.491228070175,0.4,0.5,0.380952380952,0.6,0.515625,0.431034482759,0.477272727273,0.793103448276,0.766666666667,0.535714285714,0.84375,0.692307692308,0.479166666667,0.96,0.651162790698,0.425531914894,0.416666666667,0.53125,0.490566037736,0.416666666667,0.742857142857,0.675,0.488372093023,0.592592592593,0.472727272727,0.508771929825,0.5,0.488372093023,0.440677966102,0.574468085106,0.35593220339,0.515151515152,0.542372881356,0.615384615385,0.542857142857,0.521739130435,0.586206896552,0.473684210526,0.5,0.375,0.390625,0.592592592593,0.365853658537,0.53488372093,0.583333333333,0.555555555556,0.459459459459,0.532258064516,0.518518518519,0.395833333333,0.333333333333,0.406779661017,0.5,0.558823529412,0.5625,0.531914893617,0.444444444444,0.357142857143,0.566666666667,0.44,0.545454545455,0.529411764706,0.5,0.5,0.5,0.510638297872,0.375,0.423076923077,0.5,0.471698113208,0.468085106383,0.380952380952,0.411764705882,0.475,0.540540540541,0.702702702703,0.636363636364,0.428571428571,0.609756097561,0.530612244898,0.411764705882,0.575,0.511111111111,0.545454545455,0.571428571429,0.431034482759,0.581395348837,0.421052631579,0.461538461538,0.673469387755,0.591836734694,0.557692307692,0.542372881356,0.361111111111,0.44,0.458333333333,0.410256410256,0.472222222222,0.508474576271,0.666666666667,0.631578947368,0.8,0.657894736842,0.621621621622,0.666666666667,0.617021276596,0.617647058824,0.559322033898,0.471698113208,0.348837209302,0.424242424242,0.521739130435,0.4375,0.491525423729,0.583333333333,0.439024390244,0.521739130435,0.565217391304,0.530612244898,0.425531914894,0.403846153846,0.594594594595,0.521739130435,0.521739130435,0.454545454545,0.410256410256,0.544117647059,0.428571428571,0.54,0.6,0.53488372093,0.459459459459,0.585365853659,0.466666666667,0.482142857143,0.516129032258,0.607142857143,0.5,0.590909090909,0.574468085106,0.434782608696,0.468085106383,0.512195121951,0.477272727273,0.565217391304,0.426229508197,0.409836065574,0.54347826087,0.411764705882,0.452380952381,0.446808510638,0.5,0.444444444444,0.53488372093,0.541666666667,0.571428571429,0.512820512821,0.5,0.595744680851,0.42,0.521739130435,0.5,0.513513513514,0.586206896552,0.677419354839,0.568181818182,0.581395348837,0.431818181818,0.41935483871,0.490566037736,0.611111111111,0.487804878049,0.527777777778,0.478260869565,0.530612244898,0.678571428571,0.425,0.469387755102,0.555555555556,0.547619047619,0.47619047619,0.372549019608,0.551020408163,0.446808510638,0.489795918367,0.411764705882,0.468085106383,0.4,0.641509433962,0.560975609756,0.511111111111,0.558823529412,0.627450980392,0.454545454545,0.326530612245,0.514705882353,0.46511627907,0.490196078431,0.461538461538,0.344827586207,0.244897959184,0.558139534884,0.43137254902,0.355555555556,0.553191489362,0.462962962963,0.589743589744,0.410256410256,0.477272727273,0.45,0.6,0.4,0.516129032258,0.441860465116,0.636363636364,0.384615384615,0.533333333333,0.36170212766,0.581395348837,0.595238095238,0.489795918367,0.591836734694,0.462962962963,0.467741935484,0.516129032258,0.365384615385,0.489795918367,0.553191489362,0.529411764706,0.513513513514,0.545454545455,0.430555555556,0.492753623188,0.483870967742,0.372093023256,0.395833333333,0.604651162791,0.4375,0.5,0.464285714286,0.5,0.545454545455,0.5,0.642857142857,0.521739130435,0.489361702128,0.533333333333,0.5625,0.466666666667,0.558823529412,0.428571428571,0.5,0.525,0.425925925926,0.411764705882,0.450980392157,0.583333333333,0.454545454545,0.5,0.555555555556,0.589743589744,0.450980392157,0.528301886792,0.586956521739,0.46511627907,0.466666666667,0.571428571429,0.469387755102,0.575757575758,0.547169811321,0.5,0.612244897959,0.571428571429,0.510204081633,0.616438356164,0.386363636364,0.468085106383,0.490909090909,0.6,0.603773584906,0.62,0.491525423729,0.585714285714,0.555555555556,0.412698412698,0.452380952381,0.54,0.5,0.5625,0.628571428571,0.469387755102,0.5625,0.489361702128,0.511111111111,0.461538461538,0.519230769231,0.474576271186,0.46,0.510204081633,0.538461538462,0.42,0.527272727273,0.490196078431,0.477272727273,0.5,0.433962264151,0.408163265306,0.5,0.5,0.575,0.563636363636,0.530612244898,0.431818181818,0.452380952381,0.326923076923,0.442857142857,0.381818181818,0.463414634146,0.590909090909,0.512195121951,0.574074074074,0.5,0.452380952381,0.510638297872,0.421052631579,0.487804878049,0.536585365854,0.489795918367,0.510638297872,0.477272727273,0.682926829268,0.75,0.488372093023,0.489361702128,0.615384615385,0.511627906977,0.522727272727,0.634615384615,0.56,0.576923076923,0.555555555556,0.355555555556,0.6,0.458333333333,0.5,0.5,0.46875,0.421052631579,0.375,0.423076923077,0.452830188679,0.469387755102,0.392857142857,0.5,0.537037037037,0.346153846154,0.53488372093,0.471698113208,0.54,0.404761904762,0.444444444444,0.488372093023,0.471698113208,0.509803921569,0.551020408163,0.491228070175,0.459459459459,0.548387096774,0.527272727273,0.436363636364,0.48,0.573770491803,0.484375,0.458333333333,0.607142857143,0.591836734694,0.479166666667,0.634615384615,0.508771929825,0.774193548387,0.75,0.54,0.547169811321,0.484848484848,0.59649122807,0.636363636364,0.55,0.625,0.444444444444,0.581818181818,0.471698113208,0.490566037736,0.52,0.32,0.434782608696,0.536585365854,0.537313432836,0.56862745098,0.340425531915,0.535714285714,0.531914893617,0.385964912281,0.452380952381,0.487179487179,0.526315789474,0.491228070175,0.630136986301,0.459016393443,0.478260869565,0.466666666667,0.521739130435,0.431818181818,0.512195121951,0.482142857143,0.518518518519,0.659574468085,0.468085106383,0.434782608696,0.482142857143,0.382978723404,0.452380952381,0.404761904762,0.358974358974,0.447368421053,0.421052631579,0.473684210526,0.555555555556,0.361111111111,0.558823529412,0.660714285714,0.471698113208,0.444444444444,0.510638297872,0.489795918367,0.264705882353,0.410256410256,0.558823529412,0.606060606061,0.483870967742,0.434782608696,0.627906976744,0.464285714286,0.428571428571,0.54347826087,0.44,0.44,0.48,0.428571428571,0.475,0.566037735849,0.545454545455,0.648648648649,0.54,0.511111111111,0.551724137931,0.462962962963,0.638888888889,0.452380952381,0.490196078431,0.607142857143,0.574468085106,0.5,0.607142857143,0.6,0.387755102041,0.64,0.609756097561,0.538461538462,0.489361702128,0.540540540541,0.651162790698,0.489795918367,0.526315789474,0.68085106383,0.595744680851,0.5625,0.461538461538,0.465517241379,0.64,0.474576271186,0.225,0.5,0.471698113208,0.545454545455,0.488888888889,0.511111111111,0.40625,0.55737704918,0.666666666667,0.558139534884,0.46511627907,0.552631578947,0.425,0.463414634146,0.514285714286,0.545454545455,0.53488372093,0.657894736842,0.545454545455,0.4,0.425,0.536585365854,0.511111111111,0.509803921569,0.627118644068,0.578947368421,0.488888888889,0.619047619048,0.4,0.577777777778,0.571428571429,0.428571428571,0.489795918367,0.609756097561,0.557692307692,0.559322033898,0.52380952381,0.5,0.5625,0.514285714286,0.5,0.481481481481,0.442307692308,0.612903225806,0.475409836066,0.446428571429,0.543859649123,0.534482758621,0.509090909091,0.440677966102,0.5,0.613636363636,0.525,0.48,0.509433962264,0.439024390244,0.423076923077,0.442307692308,0.481481481481,0.518518518519,0.415094339623,0.473684210526,0.534482758621,0.568965517241,0.584615384615,0.542372881356,0.566037735849,0.538461538462,0.5,0.390243902439,0.384615384615,0.48275862069,0.5,0.621621621622,0.538461538462,0.481481481481,0.446153846154,0.525,0.431034482759,0.649122807018,0.675,0.547619047619,0.571428571429,0.485714285714,0.585365853659,0.636363636364,0.466666666667,0.459459459459,0.486486486486,0.454545454545,0.547619047619,0.525,0.722222222222,0.511627906977,0.541666666667,0.513513513514,0.425,0.76,0.585365853659,0.558823529412,0.5,0.555555555556,0.642857142857,0.372093023256,0.5,0.354838709677,0.46,0.459459459459,0.442307692308,0.46511627907,0.558823529412,0.479166666667,0.479452054795,0.464788732394,0.412698412698,0.565217391304,0.604166666667,0.697674418605,0.551724137931,0.488888888889,0.522727272727,0.5,0.5,0.446808510638,0.5,0.382352941176,0.456140350877,0.5,0.4375,0.404761904762,0.439024390244,0.542372881356,0.555555555556,0.355555555556,0.533333333333,0.54,0.45652173913,0.473684210526,0.594594594595,0.476923076923,0.476923076923,0.44,0.422222222222,0.46511627907,0.508196721311,0.491803278689,0.469696969697,0.404255319149,0.44262295082,0.58,0.565217391304,0.46,0.339285714286,0.433962264151,0.431818181818,0.577777777778,0.573770491803,0.560975609756,0.553191489362,0.5,0.388888888889,0.489795918367,0.47619047619,0.522727272727,0.5,0.34,0.354166666667,0.418604651163,0.574074074074,0.7,0.433333333333,0.435897435897,0.566666666667,0.416666666667,0.519230769231,0.645833333333,0.627906976744,0.535714285714,0.473684210526,0.508771929825,0.5,0.391304347826,0.605263157895,0.4,0.480769230769,0.555555555556,0.512820512821,0.45652173913,0.491525423729,0.537037037037,0.418604651163,0.415094339623,0.482142857143,0.510638297872,0.487179487179,0.48,0.489361702128,0.612244897959,0.45,0.544117647059,0.475,0.487179487179,0.483333333333,0.534482758621,0.5,0.461538461538,0.458333333333,0.420289855072,0.604166666667,0.45,0.509803921569,0.541666666667,0.571428571429,0.528301886792,0.535714285714,0.470588235294,0.473684210526,0.431818181818,0.45652173913,0.588235294118,0.571428571429,0.549019607843,0.588235294118,0.53488372093,0.521739130435,0.510204081633,0.479166666667,0.454545454545,0.360655737705,0.41935483871,0.42,0.612244897959,0.589285714286,0.5,0.37037037037,0.673469387755,0.46,0.52380952381,0.383333333333,0.486486486486,0.583333333333,0.666666666667,0.612903225806,0.757575757576,0.814814814815,0.567567567568,0.617647058824,0.651162790698,0.461538461538,0.511627906977,0.46511627907,0.515151515152,0.390243902439,0.577777777778,0.622222222222,0.428571428571,0.457627118644,0.634146341463,0.450980392157,0.546875,0.5,0.418604651163,0.442307692308,0.479166666667,0.46,0.48,0.489795918367,0.403846153846,0.5,0.553191489362,0.423728813559,0.555555555556,0.560975609756,0.558139534884,0.333333333333,0.416666666667,0.42,0.537037037037,0.5,0.490196078431,0.521739130435,0.577777777778,0.48,0.588235294118,0.52,0.452830188679,0.583333333333,0.590163934426,0.457627118644,0.473684210526,0.660714285714,0.489795918367,0.6,0.659090909091,0.475,0.365853658537,0.552631578947,0.536585365854,0.403846153846,0.596153846154,0.55,0.395348837209,0.435483870968,0.540983606557,0.545454545455,0.530612244898,0.478260869565,0.627450980392,0.483870967742,0.525423728814,0.519230769231,0.392156862745,0.389830508475,0.423076923077,0.560606060606,0.416666666667,0.395348837209,0.428571428571,0.372093023256,0.409090909091,0.456140350877,0.607142857143,0.634615384615,0.458333333333,0.590909090909,0.5,0.352941176471,0.488372093023,0.545454545455,0.5,0.490196078431,0.604166666667,0.395348837209,0.368421052632,0.447368421053,0.428571428571,0.48275862069,0.395833333333,0.5,0.466666666667,0.692307692308,0.724137931034,0.511627906977,0.5,0.608695652174,0.432432432432,0.444444444444,0.530612244898,0.5,0.489361702128,0.586956521739,0.604651162791,0.576923076923,0.46511627907,0.581395348837,0.4375,0.407407407407,0.474576271186,0.475,0.4,0.305084745763,0.632653061224,0.585365853659,0.553191489362,0.457142857143,0.425,0.5625,0.625,0.490196078431,0.519230769231,0.426229508197,0.522727272727,0.617021276596,0.573770491803,0.509433962264,0.432432432432,0.59375,0.421052631579,0.513513513514,0.652173913043,0.7,0.408163265306,0.520833333333,0.612903225806,0.48275862069,0.615384615385,0.555555555556,0.535714285714,0.368421052632,0.583333333333,0.576271186441,0.522727272727,0.459459459459,0.5,0.363636363636,0.21875,0.212121212121,0.609756097561,0.53125,0.490566037736,0.47619047619,0.488372093023,0.537313432836,0.537313432836,0.5,0.515625,0.45,0.472727272727,0.481481481481,0.405405405405,0.514285714286,0.555555555556,0.576923076923,0.5,0.509803921569,0.55737704918,0.6,0.5,0.5,0.486486486486,0.472222222222,0.454545454545,0.534482758621,0.408163265306,0.385964912281,0.362068965517,0.416666666667,0.435483870968,0.404255319149,0.5,0.511111111111,0.52,0.571428571429,0.428571428571,0.446808510638,0.516129032258,0.636363636364,0.490909090909,0.461538461538,0.44,0.5,0.659090909091,0.477272727273,0.54,0.563636363636,0.459459459459,0.560975609756,0.541666666667,0.509090909091,0.622950819672,0.654545454545,0.574074074074,0.458333333333,0.625,0.553571428571,0.5,0.564102564103,0.480769230769,0.48,0.4375,0.508474576271,0.35593220339,0.488888888889,0.468085106383,0.510204081633,0.58064516129,0.510204081633,0.52,0.372093023256,0.490909090909,0.422222222222,0.6,0.479166666667,0.538461538462,0.413043478261,0.463414634146,0.345454545455,0.346153846154,0.4,0.4375,0.5,0.513513513514,0.620689655172,0.535714285714,0.425531914894,0.511627906977,0.439024390244,0.425531914894,0.342105263158,0.483870967742,0.481481481481,0.471698113208,0.615384615385,0.632653061224,0.5625,0.571428571429,0.555555555556,0.394736842105,0.603773584906,0.551020408163,0.378378378378,0.568965517241,0.583333333333,0.462962962963,0.42,0.527777777778,0.571428571429,0.5,0.514285714286,0.5,0.489795918367,0.444444444444,0.358974358974,0.488888888889,0.391304347826,0.458333333333,0.520833333333,0.471698113208,0.432432432432,0.609756097561,0.428571428571,0.413793103448,0.512820512821,0.545454545455,0.559322033898,0.559322033898,0.637931034483,0.578947368421,0.509433962264,0.577777777778,0.558139534884,0.488888888889,0.5,0.355555555556,0.42,0.585365853659,0.5,0.468085106383,0.468085106383,0.523076923077,0.56,0.609756097561,0.566037735849,0.574468085106,0.641025641026,0.555555555556,0.583333333333,0.566666666667,0.479166666667,0.421052631579,0.480769230769,0.525423728814,0.525423728814,0.415384615385,0.63829787234,0.62962962963,0.54,0.519230769231,0.55,0.4,0.4375,0.45,0.603773584906,0.290322580645,0.478260869565,0.461538461538,0.531914893617,0.477272727273,0.434782608696,0.489361702128,0.509433962264,0.407407407407,0.40350877193,0.42,0.421052631579,0.519230769231,0.492537313433,0.566666666667,0.413043478261,0.441860465116,0.468085106383,0.418604651163,0.577777777778,0.545454545455,0.578947368421,0.543859649123,0.51724137931,0.557142857143,0.666666666667,0.473684210526,0.529411764706,0.470588235294,0.452830188679,0.404255319149,0.565217391304,0.541666666667,0.5,0.527272727273,0.586206896552,0.543859649123,0.508196721311,0.5,0.515151515152,0.527272727273,0.545454545455,0.487804878049,0.461538461538,0.483333333333,0.509090909091,0.509090909091,0.534482758621,0.577777777778,0.441860465116,0.326530612245,0.459016393443,0.568965517241,0.5,0.485714285714,0.5,0.512820512821,0.488372093023,0.638888888889,0.461538461538,0.622641509434,0.452380952381,0.408163265306,0.435897435897,0.346153846154,0.527272727273,0.555555555556,0.43137254902,0.717948717949,0.714285714286,0.448979591837,0.617021276596,0.5,0.527777777778,0.508474576271,0.567567567568,0.5,0.531914893617,0.491228070175,0.46,0.483333333333,0.466666666667,0.509090909091,1.0,0.53488372093,0.531914893617,0.620689655172,0.704545454545,0.361111111111,0.589743589744,0.516129032258,0.525,0.531914893617,0.425925925926,0.56,0.444444444444,0.432432432432,0.407407407407,0.48275862069,0.440677966102,0.472727272727,0.347826086957,0.551020408163,0.651162790698,0.403225806452,0.391304347826,0.581395348837,0.651162790698,0.448275862069,0.596153846154,0.391304347826,0.478260869565,0.56,0.453125,0.532258064516,0.490196078431,0.472222222222,0.409836065574,0.489795918367,0.3125,0.482142857143,0.604166666667,0.416666666667,0.510204081633,0.609756097561,0.4375,0.520833333333,0.610169491525,0.568181818182,0.65,0.540540540541,0.526315789474,0.525,0.526315789474,0.38,0.48,0.369565217391,0.45652173913,0.40350877193,0.425925925926,0.541666666667,0.617021276596,0.529411764706,0.479166666667,0.593220338983,0.472727272727,0.525,0.395348837209,0.5,0.351351351351,0.56862745098,0.394736842105,0.333333333333,0.46,0.425531914894,0.475409836066,0.467741935484,0.446808510638,0.581395348837,0.469387755102,0.5,0.5,0.509433962264,0.48,0.516129032258,0.541666666667,0.43137254902,0.666666666667,0.536585365854,0.452830188679,0.615384615385,0.433962264151,0.5,0.464285714286,0.416666666667,0.646153846154,0.485294117647,0.553571428571,0.480769230769,0.483333333333,0.260869565217,0.372093023256,0.574074074074,0.509803921569,0.613636363636,0.65306122449,0.555555555556,0.340909090909,0.489795918367,0.45,0.4,0.348837209302,0.509803921569,0.532258064516,0.52380952381,0.489361702128,0.581818181818,0.5,0.6,0.614035087719,0.530612244898,0.530612244898,0.479166666667,0.40350877193,0.475,0.574468085106,0.538461538462,0.428571428571,0.479166666667,0.5,0.46,0.485714285714,0.451612903226,0.474576271186,0.471698113208,0.408163265306,0.561403508772,0.436363636364,0.404255319149,0.38,0.456140350877,0.536585365854,0.6,0.411764705882,0.469387755102,0.381818181818,0.531914893617,0.477272727273,0.477272727273,0.595238095238,0.4,0.588235294118,0.7,0.508771929825,0.434782608696,0.530612244898,0.537037037037,0.516129032258,0.52380952381,0.454545454545,0.489361702128,0.428571428571,0.375,0.428571428571,0.436363636364,0.473684210526,0.571428571429,0.469696969697,0.55,0.392156862745,0.410714285714,0.578125,0.538461538462,0.5,0.538461538462,0.5,0.565217391304,0.433962264151,0.666666666667,0.414634146341,0.521739130435,0.58,0.487804878049,0.541666666667,0.520833333333,0.416666666667,0.462962962963,0.425925925926,0.547619047619,0.439024390244,0.478260869565,0.54347826087,0.612244897959,0.46875,0.551020408163,0.5,0.485714285714,0.525,0.56,0.566037735849,0.549019607843,0.65306122449,0.632653061224,0.589285714286,0.411764705882,0.551020408163,0.471698113208,0.536585365854,0.452380952381,0.612244897959,0.5625,0.519230769231,0.509803921569,0.469387755102,0.491803278689,0.543859649123,0.528301886792,0.531914893617,0.522727272727,0.490196078431,0.65,0.46,0.59375,0.6,0.589285714286,0.566037735849,0.423728813559,0.456140350877,0.514285714286,0.53488372093,0.6,0.6,0.404761904762,0.565217391304,0.705882352941,0.475,0.535714285714,0.636363636364,0.447368421053,0.5,0.421052631579,0.473684210526,0.56,0.553571428571,0.490566037736,0.539682539683,0.508474576271,0.296296296296,0.612903225806,0.425531914894,0.489795918367,0.487804878049,0.540983606557,0.462962962963,0.54347826087,0.490196078431,0.428571428571,0.55,0.377777777778,0.515151515152,0.604651162791,0.586956521739,0.382978723404,0.318181818182,0.5,0.553191489362,0.365853658537,0.5,0.5,0.446428571429,0.568965517241,0.59649122807,0.487179487179,0.42,0.46511627907,0.568181818182,0.421052631579,0.314285714286,0.566037735849,0.584905660377,0.5625,0.348837209302,0.622222222222,0.466666666667,0.424242424242,0.439393939394,0.478260869565,0.487804878049,0.55,0.447368421053,0.489361702128,0.423728813559,0.705882352941,0.395348837209,0.511111111111,0.488888888889,0.5625,0.452380952381,0.571428571429,0.588235294118,0.459016393443,0.538461538462,0.611111111111,0.59375,0.521739130435,0.470588235294,0.431818181818,0.426229508197,0.5,0.53488372093,0.571428571429,0.477272727273,0.436363636364,0.451612903226,0.363636363636,0.491803278689,0.446428571429,0.537037037037,0.512820512821,0.511627906977,0.5,0.454545454545,0.431818181818,0.354166666667,0.531914893617,0.388888888889,0.479166666667,0.63829787234,0.490909090909,0.450980392157,0.5,0.6,0.578947368421,0.480769230769,0.540983606557,0.613636363636,0.551724137931,0.553571428571,0.46511627907,0.558139534884,0.481481481481,0.510638297872,0.68085106383,0.586206896552,0.5,0.547169811321,0.333333333333,0.54,0.576923076923,0.5,0.568965517241,0.486486486486,0.5,0.464285714286,0.458333333333,0.537037037037,0.527272727273,0.454545454545,0.518518518519,0.489795918367,0.533333333333,0.480769230769,0.377777777778,0.395348837209,0.390243902439,0.6,0.578947368421,0.488888888889,0.577777777778,0.561403508772,0.555555555556,0.551724137931,0.551020408163,0.65625,0.4,0.511627906977,0.409090909091,0.596153846154,0.509090909091,0.581395348837,0.444444444444,0.478260869565,0.56862745098,0.522727272727,0.533333333333,0.514285714286,0.542857142857,0.484848484848,0.433333333333,0.507042253521,0.549019607843,0.65,0.548387096774,0.45652173913,0.448275862069,0.51724137931,0.54,0.446808510638,0.510638297872,0.511111111111,0.488372093023,0.545454545455,0.470588235294,0.605263157895,0.5,0.551724137931,0.526315789474,0.545454545455,0.38,0.555555555556,0.527777777778,0.508474576271,0.551020408163,0.434782608696,0.519230769231,0.59649122807,0.538461538462,0.622222222222,0.458333333333,0.475409836066,0.5,0.527777777778,0.5,0.625,0.377049180328,0.527272727273,0.46875,0.46511627907,0.461538461538,0.54,0.487179487179,0.511627906977,0.609756097561,0.517857142857,0.65306122449,0.34693877551,0.619047619048,0.519230769231,0.482142857143,0.384615384615,0.44262295082,0.48275862069,0.416666666667,0.446808510638,0.514285714286,0.486486486486,0.43137254902,0.403846153846,0.415094339623,0.40350877193,0.648148148148,0.461538461538,0.511111111111,0.571428571429,0.454545454545,0.407407407407,0.351851851852,0.526315789474,0.454545454545,0.473684210526,0.527777777778,0.464285714286,0.54,0.596153846154,0.386363636364,0.416666666667,0.509433962264,0.5,0.5,0.594594594595,0.630434782609,0.552631578947,0.577777777778,0.526315789474,0.534482758621,0.541666666667,0.527777777778,0.509433962264,0.4375,0.5,0.608695652174,0.479166666667,0.431818181818,0.333333333333,0.454545454545,0.393442622951,0.568181818182,0.471698113208,0.391304347826,0.4,0.571428571429,0.529411764706,0.6,0.5,0.528301886792,0.52380952381,0.558823529412,0.591836734694,0.53488372093,0.527272727273,0.531914893617,0.491525423729,0.446428571429,0.390243902439,0.459016393443,0.471698113208,0.458333333333,0.492063492063,0.459459459459,0.6,0.616666666667,0.577777777778,0.755555555556,0.4,0.48,0.42,0.491228070175,0.508474576271,0.535714285714,0.5,0.425,0.472222222222,0.469387755102,0.487804878049,0.365853658537,0.518518518519,0.521739130435,0.507042253521,0.5,0.476923076923,0.382978723404,0.444444444444,0.378378378378,0.530612244898,0.52,0.428571428571,0.439024390244,0.45652173913,0.5625,0.44262295082,0.372549019608,0.471698113208,0.482142857143,0.421052631579,0.423728813559,0.55,0.537037037037,0.535211267606,0.462962962963,0.457142857143,0.517857142857,0.510638297872,0.537313432836,0.589285714286,0.48,0.378378378378,0.46,0.5,0.361111111111,0.426229508197,0.425,0.525,0.425,0.647058823529,0.477272727273,0.447368421053,0.694444444444,0.477272727273,0.596153846154,0.48,0.428571428571,0.525,0.4375,0.438596491228,0.549019607843,0.564102564103,0.529411764706,0.585365853659,0.418604651163,0.5,0.528301886792,0.442307692308,0.56862745098,0.521739130435,0.418604651163,0.5,0.527272727273,0.591836734694,0.541666666667,0.625,0.636363636364,0.595238095238,0.47619047619,0.466666666667,0.533333333333,0.424242424242,0.454545454545,0.464285714286,0.574074074074,0.508771929825,0.52,0.46511627907,0.489361702128,0.481481481481,0.435897435897,0.487179487179,0.568181818182,0.584905660377,0.5,0.410256410256,0.488888888889,0.511111111111,0.509803921569,0.5,0.513513513514,0.576271186441,0.613636363636,0.448979591837,0.478260869565,0.448979591837,0.446808510638,0.583333333333,0.591836734694,0.634146341463,0.457627118644,0.388888888889,0.568181818182,0.393442622951,0.5,0.581395348837,0.489795918367,0.558139534884,0.452830188679,0.371428571429,0.575,0.545454545455,0.625,0.468085106383,0.511627906977,0.545454545455,0.5,0.566037735849,0.439024390244,0.483870967742,0.55,0.509090909091,0.589285714286,0.604651162791,0.368421052632,0.340425531915,0.627906976744,0.546875,0.533333333333,0.411764705882,0.490909090909,0.490196078431,0.454545454545,0.394736842105,0.518518518519,0.45652173913,0.5,0.444444444444,0.552631578947,0.509803921569,0.481481481481,0.521739130435,0.66,0.612244897959,0.568181818182,0.528301886792,0.5,0.566037735849,0.475409836066,0.553191489362,0.591836734694,0.644444444444,0.578947368421,0.581395348837,0.555555555556,0.5,0.470588235294,0.473684210526,0.564102564103,0.581818181818,0.4,0.560975609756,0.54347826087,0.414634146341,0.533333333333,0.615384615385,0.489795918367,0.568965517241,0.584905660377,0.46,0.458333333333,0.463414634146,0.583333333333,0.588235294118,0.488372093023,0.530612244898,0.489361702128,0.666666666667,0.428571428571,0.535714285714,0.492307692308,0.396825396825,0.488372093023,0.463414634146,0.425925925926,0.452830188679,0.428571428571,0.444444444444,0.425,0.551724137931,0.475,0.591836734694,0.321428571429,0.558823529412,0.571428571429,0.509803921569,0.458333333333,0.459016393443,0.425531914894,0.475,0.404255319149,0.566037735849,0.454545454545,0.553191489362,0.630434782609,0.651162790698,0.4375,0.35,0.404761904762,0.54347826087,0.555555555556,0.365853658537,0.439024390244,0.484375,0.352941176471,0.632653061224,0.5,0.5,0.560975609756,0.528301886792,0.414634146341,0.557692307692,0.476923076923,0.588235294118,0.648148148148,0.486486486486,0.5,0.414634146341,0.371428571429,0.490196078431,0.418181818182,0.5,0.594594594595,0.47619047619,0.486486486486,0.424242424242,0.404761904762,0.466666666667,0.516666666667,0.415094339623,0.447368421053,0.648648648649,0.490196078431,0.5,0.45652173913,0.5,0.441860465116,0.414634146341,0.377777777778,0.566037735849,0.510204081633,0.576923076923,0.386363636364,0.338709677419,0.581395348837,0.548387096774,0.5,0.488888888889,0.458333333333,0.45,0.470588235294,0.407407407407,0.462962962963,0.551724137931,0.466666666667,0.391304347826,0.508771929825,0.525,0.54347826087,0.489361702128,0.365384615385,0.568965517241,0.5,0.529411764706,0.590163934426,0.522727272727,0.469387755102,0.489795918367,0.428571428571,0.454545454545,0.660714285714,0.666666666667,0.648148148148,0.56338028169,0.714285714286,0.586956521739,0.458333333333,0.5,0.487804878049,0.454545454545,0.571428571429,0.585365853659,0.489361702128,0.685714285714,0.875,0.666666666667,0.564102564103,0.408163265306,0.763157894737,0.444444444444,0.68,0.528301886792,0.509803921569,0.509433962264,0.457627118644,0.439024390244,0.46511627907,0.542372881356,0.614035087719,0.56862745098,0.655172413793,0.479166666667,0.468085106383,0.472727272727,0.435897435897,0.418181818182,0.45,0.634146341463,0.641509433962,0.592592592593,0.525,0.537037037037,0.425925925926,0.480769230769,0.483870967742,0.586206896552,0.45652173913,0.388888888889,0.518518518519,0.560975609756,0.533333333333,0.481481481481,0.490196078431,0.522727272727,0.46,0.468085106383,0.5,0.511111111111,0.424242424242,0.40350877193,0.444444444444,0.347826086957,0.478260869565,0.381818181818,0.479166666667,0.255813953488,0.731707317073,0.5,0.612244897959,0.521739130435,0.510638297872,0.806451612903,0.5,0.457142857143,0.611111111111,0.625,0.5,0.475,0.509803921569,0.488372093023,0.553571428571,0.490196078431,0.472727272727,0.53488372093,0.6,0.6,0.551724137931,0.3,0.390243902439,0.452380952381,0.511111111111,0.54,0.442307692308,0.628571428571,0.444444444444,0.479166666667,0.461538461538,0.571428571429,0.557692307692,0.444444444444,0.450980392157,0.415094339623,0.487179487179,0.365853658537,0.393939393939,0.511627906977,0.511111111111,0.512820512821,0.511111111111,0.571428571429,0.511627906977,0.535714285714,0.458333333333,0.5,0.558139534884,0.6,0.413043478261,0.54347826087,0.540540540541,0.486486486486,0.52380952381,0.666666666667,0.594594594595,0.578947368421,0.541666666667,0.537037037037,0.513513513514,0.518518518519,0.512820512821,0.392156862745,0.51724137931,0.487804878049,0.56862745098,0.333333333333,0.56,0.489795918367,0.434782608696,0.52380952381,0.480769230769,0.609756097561,0.553191489362,0.379310344828,0.529411764706,0.561403508772,0.512195121951,0.38,0.311111111111,0.555555555556,0.513513513514,0.65,0.552631578947,0.468085106383,0.513513513514,0.648148148148,0.478260869565,0.490909090909,0.545454545455,0.44,0.392156862745,0.448275862069,0.586206896552,0.41935483871,0.46,0.555555555556,0.555555555556,0.512195121951,0.607843137255,0.508474576271,0.447368421053,0.395833333333,0.431818181818,0.617021276596,0.566037735849,0.45,0.529411764706,0.5,0.431818181818,0.426229508197,0.490196078431,0.511627906977,0.608695652174,0.442307692308,0.402985074627,0.369565217391,0.368421052632,0.4,0.354838709677,0.5,0.486486486486,0.538461538462,0.583333333333,0.652173913043,0.652173913043,0.6,0.54347826087,0.588235294118,0.395833333333,0.5625,0.416666666667,0.444444444444,0.428571428571,0.638888888889,0.538461538462,0.538461538462,0.516129032258,0.653846153846,0.228571428571,0.511627906977,0.536585365854,0.414634146341,0.382352941176,0.536585365854,0.368421052632,0.471698113208,0.551020408163,0.489795918367,0.4,0.41935483871,0.395833333333,0.591836734694,0.530612244898,0.563636363636,0.47619047619,0.425,0.383333333333,0.512195121951,0.522727272727,0.333333333333,0.56,0.533333333333,0.489795918367,0.6,0.653846153846,0.5,0.520833333333,0.413043478261,0.4,0.54347826087,0.5,0.415094339623,0.636363636364,0.604651162791,0.425531914894,0.549019607843,0.52,0.577777777778,0.463414634146,0.531914893617,0.473684210526,0.560975609756,0.4,0.5,0.481481481481,0.592592592593,0.407407407407,0.594594594595,0.444444444444,0.657142857143,0.463414634146,0.638888888889,0.529411764706,0.394736842105,0.617021276596,0.537037037037,0.428571428571,0.433333333333,0.477272727273,0.428571428571,0.354838709677,0.361111111111,0.5,0.422222222222,0.58064516129,0.5,0.513513513514,0.526315789474,0.416666666667,0.396226415094,0.46511627907,0.395833333333,0.486486486486,0.535714285714,0.525,0.5,0.454545454545,0.470588235294,0.54,0.454545454545,0.5,0.545454545455,0.371428571429,0.431818181818,0.492307692308,0.551020408163,0.392156862745,0.5,0.425,0.575,0.710526315789,0.558139534884,0.5,0.521739130435,0.529411764706,0.674418604651,0.5,0.479166666667,0.367346938776,0.333333333333,0.479166666667,0.448979591837,0.375,0.555555555556,0.5,0.392857142857,0.434782608696,0.545454545455,0.452830188679,0.5,0.470588235294,0.395833333333,0.52380952381,0.52380952381,0.611111111111,0.567567567568,0.5,0.621621621622,0.634146341463,0.6,0.508196721311,0.581395348837,0.488372093023,0.488372093023,0.547619047619,0.333333333333,0.30303030303,0.553191489362,0.441176470588,0.530612244898,0.410256410256,0.520833333333,0.59375,0.607843137255,0.527272727273,0.583333333333,0.531914893617,0.524590163934,0.547619047619,0.513513513514,0.611111111111,0.483870967742,0.375,0.481481481481,0.459459459459,0.528301886792,0.4,0.433962264151,0.433962264151,0.543859649123,0.431818181818,0.461538461538,0.333333333333,0.564102564103,0.488888888889,0.622641509434,0.487804878049,0.363636363636,0.590909090909,0.511111111111,0.53488372093,0.603448275862,0.46511627907,0.565217391304,0.611111111111,0.375,0.560975609756,0.575,0.529411764706,0.351351351351,0.485714285714,0.490196078431,0.440677966102,0.45,0.458333333333,0.555555555556,0.541666666667,0.452380952381,0.568181818182,0.513513513514,0.388888888889,0.5,0.56,0.571428571429,0.518518518519,0.5,0.514285714286,0.567567567568,0.477272727273,0.483333333333,0.409090909091,0.541666666667,0.555555555556,0.390243902439,0.527272727273,0.372093023256,0.477272727273,0.425531914894,0.566037735849,0.371428571429,0.631578947368,0.645161290323,0.4,0.516129032258,0.564102564103,0.508474576271,0.571428571429,0.355555555556,0.46,0.396226415094,0.425,0.45652173913,0.538461538462,0.529411764706,0.341463414634,0.547619047619,0.555555555556,0.40625,0.485714285714,0.450980392157,0.55,0.472727272727,0.474576271186,0.45652173913,0.458333333333,0.527272727273,0.574468085106,0.625,0.59375,0.454545454545,0.4,0.622641509434,0.780487804878,0.720930232558,0.368421052632,0.552631578947,0.414634146341,0.525,0.4,0.54347826087,0.46511627907,0.56,0.655172413793,0.555555555556,0.35,0.538461538462,0.58,0.666666666667,0.369565217391,0.48,0.466666666667,0.574468085106,0.56,0.380952380952,0.459459459459,0.5,0.461538461538,0.439024390244,0.53488372093,0.467741935484,0.444444444444,0.509433962264,0.468085106383,0.541666666667,0.509803921569,0.406779661017,0.636363636364,0.575757575758,0.513513513514,0.666666666667,0.52,0.510638297872,0.461538461538,0.547619047619,0.585365853659,0.470588235294,0.5,0.425925925926,0.631578947368,0.6875,0.522727272727,0.422222222222,0.5,0.586206896552,0.512195121951,0.522727272727,0.586956521739,0.545454545455,0.6,0.519230769231,0.52,0.54,0.603773584906,0.483870967742,0.461538461538,0.585365853659,0.564102564103,0.536585365854,0.409090909091,0.394736842105,0.511111111111,0.510204081633,0.53488372093,0.5,0.5,0.595238095238,0.56,0.512195121951,0.510204081633,0.591836734694,0.384615384615,0.509090909091,0.625,0.563636363636,0.553191489362,0.472727272727,0.444444444444,0.375,0.433962264151,0.490566037736,0.55,0.525,0.474576271186,0.473684210526,0.395833333333,0.627906976744,0.6,0.58,0.588235294118,0.510204081633,0.510638297872,0.470588235294,0.617021276596,0.409090909091,0.409090909091,0.596153846154,0.631578947368,0.54347826087,0.514285714286,0.586956521739,0.454545454545,0.439024390244,0.677419354839,0.481481481481,0.4,0.352941176471,0.361111111111,0.52,0.491803278689,0.52,0.490196078431,0.436363636364,0.452830188679,0.391304347826,0.44,0.576923076923,0.454545454545,0.354838709677,0.421875,0.521739130435,0.577777777778,0.452380952381,0.472727272727,0.6,0.434782608696,0.462962962963,0.458333333333,0.47619047619,0.509803921569,0.45652173913,0.441860465116,0.488372093023,0.452830188679,0.6,0.465753424658,0.403846153846,0.608695652174,0.510204081633,0.42,0.5,0.4,0.416666666667,0.586956521739,0.440677966102,0.511627906977,0.428571428571,0.542857142857,0.395833333333,0.463414634146,0.576923076923,0.387755102041,0.509090909091,0.530612244898,0.5,0.630434782609,0.56,0.510204081633,0.541666666667,0.46,0.546875,0.473684210526,0.576271186441,0.575757575758,0.395833333333,0.448979591837,0.508196721311,0.446808510638,0.422222222222,0.488372093023,0.681818181818,0.555555555556,0.59649122807,0.586206896552,0.588235294118,0.551020408163,0.508771929825,0.511111111111,0.563636363636,0.386363636364,0.411764705882,0.446428571429,0.468085106383,0.405405405405,0.55737704918,0.439393939394,0.581818181818,0.56862745098,0.5,0.388888888889,0.44,0.461538461538,0.509803921569,0.531914893617,0.560975609756,0.47619047619,0.416666666667,0.422222222222,0.452830188679,0.448979591837,0.369565217391,0.444444444444,0.621621621622,0.533333333333,0.461538461538,0.441176470588,0.533333333333,0.536585365854,0.475,0.468085106383,0.472222222222,0.555555555556,0.3125,0.392156862745,0.486486486486,0.551020408163,0.585365853659,0.666666666667,0.590909090909,0.432432432432,0.5,0.318181818182,0.448979591837,0.404255319149,0.490196078431,0.489361702128,0.5,0.461538461538,0.642857142857,0.58,0.45652173913,0.478260869565,0.461538461538,0.486486486486,0.448275862069,0.489361702128,0.592592592593,0.588235294118,0.431818181818,0.53488372093,0.508771929825,0.5,0.566037735849,0.452380952381,0.508196721311,0.58064516129,0.609375,0.428571428571,0.5,0.379310344828,0.566037735849,0.525,0.410256410256,0.6,0.4,0.536585365854,0.413793103448,0.416666666667,0.489361702128,0.536585365854,0.578947368421,0.456140350877,0.513513513514,0.454545454545,0.589743589744,0.5,0.511111111111,0.421052631579,0.469387755102,0.354838709677,0.646153846154,0.533333333333,0.666666666667,0.65625,0.5,0.810810810811,0.6,0.40625,0.575,0.30303030303,1.0,1.0,0.586206896552,0.5,0.866666666667,0.702702702703,0.54347826087,0.470588235294,0.471698113208,0.390243902439,0.613636363636,0.567567567568,0.625,0.444444444444,0.5,0.695652173913,0.518518518519,0.414634146341,0.488372093023,0.647058823529,0.34375,0.555555555556,0.466666666667,0.466666666667,0.472222222222,0.489361702128,0.533333333333,0.522727272727,0.444444444444,0.5,0.807692307692,0.575,0.740740740741,0.510204081633,0.666666666667,0.464285714286,0.392857142857,0.461538461538,0.5,0.641509433962,0.526315789474,0.56862745098,0.529411764706,0.42,0.305084745763,0.492063492063,0.393939393939,0.466666666667,0.551724137931,0.454545454545,0.558139534884,0.560975609756,0.522727272727,0.4,0.577777777778,0.576923076923,0.64,0.490909090909,0.411764705882,0.577777777778,0.511627906977,0.458333333333,0.648648648649,0.442307692308,0.522727272727,0.404255319149,0.52,0.446428571429,0.508771929825,0.450980392157,0.509433962264,0.486486486486,0.5,0.521739130435,0.512195121951,0.511111111111,0.510638297872,0.487179487179,0.477272727273,0.52380952381,0.525423728814,0.425,0.530303030303,0.509090909091,0.52,0.558139534884,0.536585365854,0.384615384615,0.675,0.657894736842,0.46,0.490196078431,0.533333333333,0.508196721311,0.543859649123,0.62962962963,0.579710144928,0.659574468085,0.518518518519,0.473684210526,0.459459459459,0.48275862069,0.394736842105,0.484848484848,0.488888888889,0.561403508772,0.438596491228,0.413043478261,0.411764705882,0.488372093023,0.477272727273,0.480519480519,0.547169811321,0.592592592593,0.46875,0.543859649123,0.566037735849,0.467741935484,0.564102564103,0.447368421053,0.470588235294,0.525423728814,0.436363636364,0.488372093023,0.302325581395,0.4375,0.653846153846,0.563636363636,0.510638297872,0.446428571429,0.611111111111,0.53488372093,0.444444444444,0.574074074074,0.5,0.533333333333,0.410256410256,0.480769230769,0.459459459459,0.560975609756,0.517857142857,0.369565217391,0.65,0.415094339623,0.48275862069,0.464285714286,0.487804878049,0.571428571429,0.465517241379,0.4,0.641509433962,0.5,0.488888888889,0.46,0.608695652174,0.555555555556,0.490196078431,0.521739130435,0.625,0.625,0.558823529412,0.392857142857,0.414634146341,0.548387096774,0.489795918367,0.388888888889,0.46,0.538461538462,0.463414634146,0.309523809524,0.595238095238,0.47619047619,0.622222222222,0.717948717949,0.611111111111,0.6,0.634615384615,0.475,0.5,0.462962962963,0.414634146341,0.519230769231,0.56,0.512820512821,0.461538461538,0.444444444444,0.508196721311,0.584905660377,0.425925925926,0.603773584906,0.6,0.652173913043,0.6,0.581395348837,0.58,0.557692307692,0.607142857143,0.421052631579,0.5,0.479166666667,0.509803921569,0.533333333333,0.618181818182,0.492063492063,0.5,0.508196721311,0.434782608696,0.541666666667,0.6,0.54,0.301886792453,0.446808510638,0.65306122449,0.56862745098,0.285714285714,0.511111111111,0.560975609756,0.507936507937,0.541666666667,0.464285714286,0.6,0.456140350877,0.368421052632,0.53488372093,0.5,0.271186440678,0.6,0.526315789474,0.605263157895,0.545454545455,0.508771929825,0.581395348837,0.490566037736,0.488888888889,0.549019607843,0.563636363636,0.472727272727,0.360655737705,0.553191489362,0.434782608696,0.529411764706,0.431818181818,0.435897435897,0.392857142857,0.414634146341,0.527777777778,0.542857142857,0.5,0.449275362319,0.453333333333,0.487804878049,0.470588235294,0.5,0.479166666667,0.591836734694,0.588235294118,0.5,0.538461538462,0.473684210526,0.555555555556,0.508196721311,0.461538461538,0.46,0.45,0.473684210526,0.482142857143,0.563636363636,0.618181818182,0.441176470588,0.625,0.565217391304,0.6,0.509090909091,0.448275862069,0.619047619048,0.470588235294,0.520833333333,0.387096774194,0.571428571429,0.477272727273,0.46875,0.578947368421,0.583333333333,0.521739130435,0.5,0.594594594595,0.446808510638,0.491228070175,0.607142857143,0.527272727273,0.459459459459,0.431818181818,0.489361702128,0.428571428571,0.458333333333,0.46,0.509803921569,0.542372881356,0.508474576271,0.446428571429,0.409090909091,0.578947368421,0.590909090909,0.439024390244,0.46875,0.526315789474,0.540540540541,0.55,0.538461538462,0.472727272727,0.557692307692,0.518518518519,0.489795918367,0.459459459459,0.450980392157,0.527272727273,0.535714285714,0.491228070175,0.622222222222,0.52380952381,0.387096774194,0.553571428571,0.511627906977,0.577777777778,0.571428571429,0.54,0.574468085106,0.52,0.5,0.380952380952,0.488888888889,0.538461538462,0.442307692308,0.566666666667,0.511111111111,0.479166666667,0.428571428571,0.433962264151,0.450980392157,0.432432432432,0.583333333333,0.357142857143,0.609756097561,0.41935483871,0.571428571429,0.538461538462,0.566037735849,0.527272727273,0.5,0.444444444444,0.464285714286,0.593220338983,0.47619047619,0.448275862069,0.666666666667,0.461538461538,0.617647058824,0.471698113208,0.34693877551,0.304347826087,0.547169811321,0.511627906977,0.51724137931,0.466666666667,0.490566037736,0.568965517241,0.454545454545,0.534482758621,0.648148148148,0.605633802817,0.528571428571,0.611111111111,0.557692307692,0.553191489362,0.52,0.431818181818,0.372093023256,0.5,0.589743589744,0.384615384615,0.526315789474,0.571428571429,0.576923076923,0.54,0.54347826087,0.509433962264,0.553571428571,0.462962962963,0.425925925926,0.428571428571,0.446428571429,0.483333333333,0.547619047619,0.459016393443,0.442307692308,0.607843137255,0.666666666667,0.5,0.614035087719,0.509433962264,0.326923076923,0.479166666667,0.557692307692,0.428571428571,0.490196078431,0.529411764706,0.387755102041,0.54347826087,0.433333333333,0.644444444444,0.511627906977,0.466666666667,0.387096774194,0.434782608696,0.561403508772,0.426229508197,0.617021276596,0.490909090909,0.396551724138,0.565217391304,0.431818181818,0.482142857143,0.390243902439,0.325,0.45652173913,0.45652173913,0.55,0.372093023256,0.619047619048,0.423076923077,0.711111111111,0.462962962963,0.6,0.431034482759,0.418604651163,0.568965517241,0.528301886792,0.595744680851,0.375,0.459459459459,0.365384615385,0.403846153846,0.511627906977,0.555555555556,0.58064516129,0.5,0.366666666667,0.51724137931,0.507936507937,0.512195121951,0.511627906977,0.482142857143,0.465517241379,0.471698113208,0.59649122807,0.425531914894,0.416666666667,0.452830188679,0.448979591837,0.465517241379,0.403846153846,0.545454545455,0.521739130435,0.5,0.416666666667,0.42,0.5,0.488888888889,0.578947368421,0.392857142857,0.516129032258,0.388888888889,0.459459459459,0.395833333333,0.434782608696,0.4,0.524590163934,0.409090909091,0.489795918367,0.48275862069,0.428571428571,0.355555555556,0.435483870968,0.442307692308,0.394736842105,0.547619047619,0.392857142857,0.5,0.488888888889,0.58,0.545454545455,0.547169811321,0.384615384615,0.528301886792,0.348837209302,0.538461538462,0.451612903226,0.508196721311,0.384615384615,0.586206896552,0.686274509804,0.488372093023,0.52380952381,0.65,0.508196721311,0.428571428571,0.560975609756,0.577777777778,0.69387755102,0.527777777778,0.648648648649,0.518518518519,0.519230769231,0.408163265306,0.425,0.541666666667,0.628571428571,0.566037735849,0.549019607843,0.551020408163,0.522727272727,0.509433962264,0.410714285714,0.66,0.606060606061,0.479166666667,0.40625,0.490909090909,0.528301886792,0.508474576271,0.5,0.52380952381,0.666666666667,0.516129032258,0.540540540541,0.441176470588,0.489361702128,0.489795918367,0.489795918367,0.431034482759,0.510204081633,0.481481481481,0.425,0.441860465116,0.530612244898,0.486486486486,0.461538461538,0.459459459459,0.48,0.344827586207,0.482142857143,0.471698113208,0.566666666667,0.5,0.490196078431,0.442307692308,0.5,0.484848484848,0.525423728814,0.340909090909,0.395833333333,0.358974358974,0.568181818182,0.363636363636,0.542372881356,0.462962962963,0.588235294118,0.530303030303,0.537037037037,0.509803921569,0.416666666667,0.48275862069,0.434782608696,0.517857142857,0.541666666667,0.5,0.648648648649,0.46,0.589743589744,0.5,0.529411764706,0.564102564103,0.489361702128,0.5,0.555555555556,0.452830188679,0.553571428571,0.515625,0.563636363636,0.46511627907,0.6,0.5,0.4,0.416666666667,0.53488372093,0.483870967742,0.634146341463,0.375,0.411764705882,0.545454545455,0.6,0.5,0.5,0.395348837209,0.6,0.592592592593,0.583333333333,0.441860465116,0.645833333333,0.510638297872,0.464285714286,0.418604651163,0.416666666667,0.52,0.409836065574,0.535714285714,0.461538461538,0.574074074074,0.564102564103,0.377777777778,0.421052631579,0.4,0.380952380952,0.533333333333,0.379310344828,0.5,0.464285714286,0.553191489362,0.55,0.379310344828,0.478260869565,0.516666666667,0.46511627907,0.681818181818,0.45652173913,0.511627906977,0.466666666667,0.529411764706,0.528301886792,0.510638297872,0.416666666667,0.595238095238,0.489795918367,0.436363636364,0.480769230769,0.575,0.490909090909,0.470588235294,0.555555555556,0.462962962963,0.555555555556,0.355555555556,0.40625,0.387755102041,0.512820512821,0.423076923077,0.479166666667,0.4375,0.446808510638,0.461538461538,0.513513513514,0.452380952381,0.384615384615,0.479166666667,0.53125,0.553191489362,0.510204081633,0.46511627907,0.551020408163,0.547169811321,0.5,0.5,0.540540540541,0.472222222222,0.736842105263,0.533333333333,0.5,0.48,0.469387755102,0.528301886792,0.457627118644,0.615384615385,0.510638297872,0.492537313433,0.487804878049,0.466666666667,0.551020408163,0.46511627907,0.489795918367,0.416666666667,0.4,0.426229508197,0.612903225806,0.512195121951,0.53488372093,0.40350877193,0.5,0.559322033898,0.413043478261,0.333333333333,0.59375,0.586206896552,0.489361702128,0.515151515152,0.472222222222,0.368421052632,0.528301886792,0.483333333333,0.6,0.604651162791,0.571428571429,0.509433962264,0.489795918367,0.40350877193,0.448979591837,0.537037037037,0.549019607843,0.55,0.634615384615,0.648648648649,0.673913043478,0.566037735849,0.483333333333,0.5625,0.564102564103,0.585365853659,0.485714285714,0.466666666667,0.682926829268,0.702702702703,0.5,0.509433962264,0.5,0.388888888889,0.514285714286,0.490909090909,0.52,0.555555555556,0.575757575758,0.518518518519,0.666666666667,0.5,0.470588235294,0.528301886792,0.416666666667,0.46511627907,0.54,0.527272727273,0.416666666667,0.513513513514,0.584905660377,0.317073170732,0.326086956522,0.510204081633,0.56862745098,0.519230769231,0.421052631579,0.421052631579,0.512195121951,0.472727272727,0.389830508475,0.627906976744,0.581395348837,0.531914893617,0.431818181818,0.5,0.5,0.545454545455,0.531914893617,0.583333333333,0.441176470588,0.538461538462,0.439393939394,0.5625,0.576923076923,0.4625,0.45652173913,0.488888888889,0.45652173913,0.472222222222,0.487804878049,0.469387755102,0.489795918367,0.489361702128,0.451612903226,0.448979591837,0.5625,0.627906976744,0.448275862069,0.610169491525,0.418604651163,0.48275862069,0.459459459459,0.471698113208,0.5,0.475,0.357142857143,0.479166666667,0.516129032258,0.527272727273,0.575757575758,0.529411764706,0.534482758621,0.480769230769,0.468085106383,0.571428571429,0.536585365854,0.613636363636,0.521739130435,0.625,0.545454545455,0.507692307692,0.459016393443,0.285714285714,0.473684210526,0.489795918367,0.537313432836,0.547169811321,0.422222222222,0.52380952381,0.395833333333,0.511627906977,0.473684210526,0.634146341463,0.395833333333,0.648648648649,0.454545454545,0.534482758621,0.425,0.448979591837,0.64,0.5,0.575757575758,0.527272727273,0.42,0.54,0.603448275862,0.438596491228,0.490196078431,0.565217391304,0.583333333333,0.6875,0.515151515152,0.511111111111,0.517857142857,0.395833333333,0.441860465116,0.6,0.5,0.431034482759,0.472727272727,0.479166666667,0.433333333333,0.478260869565,0.484848484848,0.586206896552,0.441176470588,0.529411764706,0.403846153846,0.482142857143,0.491525423729,0.543859649123,0.588235294118,0.510638297872,0.54,0.326923076923,0.377777777778,0.53488372093,0.454545454545,0.478260869565,0.516129032258,0.52380952381,0.470588235294,0.537037037037,0.475,0.514285714286,0.510638297872,0.535714285714,0.463414634146,0.53125,0.642857142857,0.538461538462,0.587301587302,0.489361702128,0.547169811321,0.516666666667,0.519230769231,0.447368421053,0.625,0.448275862069,0.333333333333,0.5,0.619047619048,0.512820512821,0.491525423729,0.545454545455,0.5,0.583333333333,0.468085106383,0.560975609756,0.524590163934,0.520833333333,0.555555555556,0.375,0.440677966102,0.612244897959,0.375,0.463414634146,0.489361702128,0.414634146341,0.36170212766,0.369565217391,0.508474576271,0.47619047619,0.642857142857,0.5,0.593220338983,0.519230769231,0.314814814815,0.425925925926,0.290322580645,0.526315789474,0.547619047619,0.507936507937,0.45652173913,0.555555555556,0.5,0.549019607843,0.660714285714,0.688888888889,0.367346938776,0.509803921569,0.446153846154,0.6,0.52,0.442307692308,0.382978723404,0.473684210526,0.583333333333,0.40350877193,0.608695652174,0.51724137931,0.541666666667,0.666666666667,0.542372881356,0.675,0.4,0.510204081633,0.615384615385,0.418604651163,0.8,0.46511627907,0.375,0.444444444444,0.481481481481,0.461538461538,0.520833333333,0.422222222222,0.407407407407,0.48,0.428571428571,0.574074074074,0.491228070175,0.483333333333,0.566666666667,0.557692307692,0.37037037037,0.510638297872,0.561403508772,0.515151515152,0.527272727273,0.320754716981,0.328125,0.520833333333,0.475409836066,0.379310344828,0.473684210526,0.591836734694,0.383333333333,0.448275862069,0.569230769231,0.584615384615,0.519230769231,0.45652173913,0.471698113208,0.363636363636,0.444444444444,0.521739130435,0.553191489362,0.483870967742,0.480769230769,0.574074074074,0.6,0.489795918367,0.458333333333,0.607843137255,0.615384615385,0.592592592593,0.44776119403,0.451612903226,0.508196721311,0.428571428571,0.571428571429,0.538461538462,0.571428571429,0.512195121951,0.423728813559,0.480769230769,0.4,0.5,0.659574468085,0.555555555556,0.456140350877,0.508771929825,0.452380952381,0.559322033898,0.546875,0.44,0.527272727273,0.481481481481,0.545454545455,0.488372093023,0.461538461538,0.513513513514,0.552631578947,0.529411764706,0.58,0.547619047619,0.5,0.488888888889,0.520833333333,0.439024390244,0.426229508197,0.470588235294,0.618181818182,0.444444444444,0.47619047619,0.547619047619,0.6,0.4,0.566037735849,0.526315789474,0.403846153846,0.472222222222,0.5,0.463414634146,0.469696969697,0.584905660377,0.45652173913,0.431818181818,0.5,0.3,0.532258064516,0.452830188679,0.479166666667,0.454545454545,0.53488372093,0.526315789474,0.508771929825,0.385964912281,0.362068965517,0.513513513514,0.512820512821,0.54347826087,0.590909090909,0.490566037736,0.408163265306,0.405405405405,0.377777777778,0.368421052632,0.472727272727,0.490566037736,0.4,0.527272727273,0.537037037037,0.487179487179,0.48,0.588235294118,0.617021276596,0.384615384615,0.741935483871,0.446153846154,0.588235294118,0.545454545455,0.446808510638,0.526315789474,0.630434782609,0.46511627907,0.473684210526,0.5,0.479166666667,0.40625,0.509090909091,0.444444444444,0.464285714286,0.363636363636,0.542372881356,0.574074074074,0.435483870968,0.444444444444,0.551020408163,0.489795918367,0.481481481481,0.529411764706,0.578947368421,0.535714285714,0.545454545455,0.545454545455,0.615384615385,0.406779661017,0.461538461538,0.526315789474,0.361111111111,0.413043478261,0.47619047619,0.484375,0.295454545455,0.513513513514,0.446808510638,0.5,0.489795918367,0.571428571429,0.454545454545,0.395833333333,0.4375,0.507462686567,0.533333333333,0.555555555556,0.444444444444,0.609375,0.531914893617,0.622641509434,0.526315789474,0.479166666667,0.568965517241,0.413793103448,0.5,0.483333333333,0.357142857143,0.520833333333,0.404761904762,0.53488372093,0.486486486486,0.510204081633,0.555555555556,0.55737704918,0.555555555556,0.478260869565,0.588235294118,0.481481481481,0.595238095238,0.418604651163,0.428571428571,0.436363636364,0.509090909091,0.578947368421,0.344262295082,0.509090909091,0.53488372093,0.525423728814,0.488372093023,0.454545454545,0.603174603175,0.483333333333,0.514285714286,0.576923076923,0.522388059701,0.490909090909,0.522727272727,0.513513513514,0.425531914894,0.44,0.567567567568,0.441860465116,0.468085106383,0.510204081633,0.625,0.605263157895,0.660377358491,0.388888888889,0.478260869565,0.477272727273,0.461538461538,0.4,0.526315789474,0.411764705882,0.45,0.432432432432,0.438596491228,0.566037735849,0.553191489362,0.468085106383,0.35,0.418604651163,0.441176470588,0.542857142857,0.5,0.5,0.528301886792,0.5,0.58,0.526315789474,0.527777777778,0.38,0.452830188679,0.454545454545,0.450980392157,0.526315789474,0.596153846154,0.3,0.409090909091,0.56,0.465517241379,0.53488372093,0.52,0.4,0.518518518519,0.534482758621,0.589285714286,0.575757575758,0.535714285714,0.5625,0.5,0.466666666667,0.482142857143,0.507936507937,0.458333333333,0.438596491228,0.413043478261,0.479166666667,0.54,0.551020408163,0.533333333333,0.577777777778,0.47619047619,0.492063492063,0.512195121951,0.410714285714,0.517857142857,0.676470588235,0.4375,0.434782608696,0.645833333333,0.352941176471,0.5,0.487804878049,0.46511627907,0.464285714286,0.54,0.519230769231,0.587301587302,0.585365853659,0.535714285714,0.477272727273,0.459459459459,0.529411764706,0.410256410256,0.422222222222,0.5,0.520833333333,0.586206896552,0.547169811321,0.589285714286,0.5,0.405405405405,0.44776119403,0.575,0.439024390244,0.435897435897,0.4,0.625,0.615384615385,0.484375,0.51724137931,0.59649122807,0.549019607843,0.531914893617,0.422222222222,0.461538461538,0.487179487179,0.509433962264,0.509803921569,0.533333333333,0.481481481481,0.423076923077,0.365384615385,0.565217391304,0.547169811321,0.516129032258,0.54347826087,0.584905660377,0.511111111111,0.444444444444,0.549019607843,0.5,0.553191489362,0.462962962963,0.5,0.5,0.592592592593,0.615384615385,0.611111111111,0.616666666667,0.5,0.470588235294,0.608695652174,0.456140350877,0.492307692308,0.450980392157,0.408163265306,0.476923076923,0.64,0.423728813559,0.622641509434,0.526315789474,0.413793103448,0.574468085106,0.478260869565,0.447368421053,0.566037735849,0.541666666667,0.589743589744,0.545454545455,0.42,0.553571428571,0.446428571429,0.469387755102,0.428571428571,0.441860465116,0.508196721311,0.481481481481,0.481481481481,0.533333333333,0.575,0.5,0.511111111111,0.592592592593,0.4,0.51724137931,0.362068965517,0.480769230769,0.38,0.581395348837,0.612244897959,0.42,0.690476190476,0.558139534884,0.909090909091,0.896551724138,0.533333333333,0.511627906977,0.612903225806,0.540540540541,0.486486486486,0.708333333333,0.609756097561,0.473684210526,0.65306122449,0.574468085106,0.404255319149,0.541666666667,0.469387755102,0.571428571429,0.457142857143,0.482142857143,0.571428571429,0.481481481481,0.434782608696,0.535714285714,0.5625,0.5,0.543859649123,0.533333333333,0.529411764706,0.430769230769,0.509433962264,0.377777777778,0.472222222222,0.521739130435,0.508196721311,0.318181818182,0.511627906977,0.509433962264,0.413043478261,0.4375,0.52380952381,0.482142857143,0.403846153846,0.584905660377,0.595744680851,0.450980392157,0.58,0.48,0.475,0.517857142857,0.610169491525,0.481481481481,0.481481481481,0.526315789474,0.46,0.545454545455,0.58064516129,0.48,0.529411764706,0.808510638298,0.555555555556,0.558139534884,0.533333333333,0.547619047619,0.487804878049,0.386363636364,0.545454545455,0.589743589744,0.488888888889,0.590909090909,0.619047619048,0.551020408163,0.645833333333,0.46,0.5,0.539682539683,0.540983606557,0.545454545455,0.608695652174,0.55,0.547619047619,0.58064516129,0.4,0.525,0.617021276596,0.566037735849,0.5,0.565217391304,0.555555555556,0.529411764706,0.588235294118,0.468085106383,0.522727272727,0.4,0.462962962963,0.520833333333,0.45652173913,0.440677966102,0.388888888889,0.388888888889,0.590909090909,0.571428571429,0.603773584906,0.431818181818,0.736842105263,0.454545454545,0.584905660377,0.553571428571,0.545454545455,0.48,0.490566037736,0.5,0.553191489362,0.466666666667,0.508196721311,0.485294117647,0.450980392157,0.48275862069,0.413043478261,0.488888888889,0.462962962963,0.479166666667,0.358490566038,0.339285714286,0.474576271186,0.432432432432,0.486486486486,0.487179487179,0.473684210526,0.510204081633,0.574468085106,0.487179487179,0.547619047619,0.4,0.464285714286,0.461538461538,0.508196721311,0.527272727273,0.446808510638,0.534482758621,0.396226415094,0.509803921569,0.527777777778,0.476923076923,0.448979591837,0.395348837209,0.377358490566,0.53125,0.560975609756,0.365853658537,0.457142857143,0.540540540541,0.473684210526,0.461538461538,0.45,0.414634146341,0.604651162791,0.5,0.511111111111,0.377049180328,0.52380952381,0.5,0.56862745098,0.5,0.567567567568,0.416666666667,0.605263157895,0.555555555556,0.4,0.479166666667,0.454545454545,0.521739130435,0.459459459459,0.512195121951,0.4,0.43137254902,0.488372093023,0.475,0.216216216216,0.363636363636,0.452380952381,0.435897435897,0.531914893617,0.491525423729,0.426229508197,0.46511627907,0.53125,0.489361702128,0.446428571429,0.611111111111,0.58,0.5,0.431818181818,0.561403508772,0.448979591837,0.552631578947,0.542857142857,0.627906976744,0.74,0.787234042553,0.659574468085,0.414634146341,0.377358490566,0.470588235294,0.571428571429,0.456140350877,0.510638297872,0.458333333333,0.583333333333,0.537037037037,0.527272727273,0.5,0.416666666667,0.532258064516,0.436363636364,0.547169811321,0.333333333333,0.489361702128,0.530612244898,0.576923076923,0.551020408163,0.595744680851,0.375,0.574468085106,0.578947368421,0.574074074074,0.535714285714,0.388888888889,0.5625,0.627906976744,0.617021276596,0.666666666667,0.591836734694,0.537037037037,0.632653061224,0.684210526316,0.54347826087,0.452380952381,0.45,0.377777777778,0.488888888889,0.5,0.484375,0.5,0.367346938776,0.441860465116,0.416666666667,0.454545454545,0.5,0.491803278689,0.483870967742,0.577777777778,0.583333333333,0.5,0.36,0.492063492063,0.5,0.457627118644,0.517857142857,0.515151515152,0.492753623188,0.666666666667,0.617647058824,0.340909090909,0.333333333333,0.433333333333,0.463414634146,0.490909090909,0.51724137931,0.464285714286,0.42,0.591836734694,0.525,0.574468085106,0.630434782609,0.4375,0.595744680851,0.618181818182,0.559322033898,0.470588235294,0.574074074074,0.339622641509,0.421052631579,0.566037735849,0.487179487179,0.590909090909,0.5,0.538461538462,0.454545454545,0.5,0.636363636364,0.46,0.58,0.480769230769,0.459459459459,0.466666666667,0.448275862069,0.636363636364,0.5,0.488372093023,0.391304347826,0.435483870968,0.615384615385,0.454545454545,0.538461538462,0.526315789474,0.418181818182,0.462962962963,0.541666666667,0.48,0.466666666667,0.688888888889,0.5,0.5,0.305555555556,0.512820512821,0.444444444444,0.423728813559,0.454545454545,0.435897435897,0.44,0.603773584906,0.566037735849,0.527777777778,0.340909090909,0.56862745098,0.424242424242,0.588235294118,0.5,0.463414634146,0.592592592593,0.553191489362,0.605263157895,0.625,0.48,0.52,0.586956521739,0.5,0.492063492063,0.541666666667,0.5,0.415094339623,0.461538461538,0.48275862069,0.545454545455,0.411764705882,0.369565217391,0.533333333333,0.436363636364,0.534482758621,0.625,0.521739130435,0.526315789474,0.45,0.523076923077,0.461538461538,0.519230769231,0.43137254902,0.566666666667,0.531914893617,0.384615384615,0.463414634146,0.5,0.509090909091,0.5625,0.528301886792,0.512195121951,0.628571428571,0.4375,0.6,0.403846153846,0.516129032258,0.593220338983,0.434782608696,0.471698113208,0.534482758621,0.540540540541,0.444444444444,0.694444444444,0.456140350877,0.535714285714,0.53125,0.454545454545,0.405405405405,0.551020408163,0.480769230769,0.457142857143,0.54347826087,0.489361702128,0.508196721311,0.484848484848,0.52,0.512820512821,0.617647058824,0.757575757576,0.529411764706,0.581395348837,0.551724137931,0.547169811321,0.581818181818,0.461538461538,0.521739130435,0.447368421053,0.446428571429,0.528301886792,0.464285714286,0.409090909091,0.474576271186,0.466666666667,0.465517241379,0.553191489362,0.480769230769,0.542857142857,0.558823529412,0.585365853659,0.588235294118,0.543859649123,0.63829787234,0.692307692308,0.380952380952,0.426229508197,0.566666666667,0.558823529412,0.490196078431,0.485714285714,0.488888888889,0.391304347826,0.414634146341,0.652173913043,0.526315789474,0.392857142857,0.440677966102,0.4,0.533333333333,0.5,0.489361702128,0.522727272727,0.530612244898,0.549019607843,0.6,0.594202898551,0.6,0.553191489362,0.71875,0.575757575758,0.531914893617,0.40350877193,0.510638297872,0.509090909091,0.531914893617,0.525,0.5,0.421052631579,0.403225806452,0.436363636364,0.454545454545,0.440677966102,0.574468085106,0.428571428571,0.464285714286,0.40350877193,0.571428571429,0.489795918367,0.516129032258,0.47619047619,0.557692307692,0.605263157895,0.372549019608,0.4375,0.428571428571,0.35,0.411764705882,0.48275862069,0.46875,0.71875,0.515151515152,0.509433962264,0.533333333333,0.545454545455,0.547169811321,0.446428571429,0.454545454545,0.489361702128,0.5,0.632653061224,0.529411764706,0.489361702128,0.610169491525,0.474576271186,0.358974358974,0.527777777778,0.481481481481,0.560975609756,0.522727272727,0.578947368421,0.6,0.536585365854,0.32,0.388888888889,0.433962264151,0.553191489362,0.392156862745,0.666666666667,0.4,0.481481481481,0.450980392157,0.51724137931,0.621621621622,0.490566037736,0.5,0.372549019608,0.475409836066,0.452830188679,0.512820512821,0.574468085106,0.275,0.508771929825,0.466666666667,0.521739130435,0.469387755102,0.4,0.491228070175,0.421052631579,0.421052631579,0.625,0.608695652174,0.521739130435,0.585365853659,0.490566037736,0.552631578947,0.54,0.480769230769,0.472222222222,0.5,0.512195121951,0.608695652174,0.5,0.395833333333,0.404255319149,0.431818181818,0.425531914894,0.514285714286,0.549019607843,0.490196078431,0.413043478261,0.4,0.40350877193,0.509433962264,0.511111111111,0.480769230769,0.490909090909,0.428571428571,0.568181818182,0.604651162791,0.470588235294,0.45,0.589743589744,0.5,0.531914893617,0.5,0.5,0.590909090909,0.604651162791,0.531914893617,0.418181818182,0.421052631579,0.418181818182,0.576923076923,0.62962962963,0.510638297872,0.636363636364,0.42,0.435897435897,0.410256410256,0.487804878049,0.610169491525,0.536585365854,0.658536585366,0.458333333333,0.578947368421,0.451612903226,0.451612903226,0.451612903226,0.46,0.447368421053,0.46875,0.545454545455,0.463414634146,0.404761904762,0.5,0.478260869565,0.5,0.446808510638,0.5,0.372093023256,0.594594594595,0.471698113208,0.511627906977,0.5,0.591836734694,0.590909090909,0.470588235294,0.46,0.525,0.56862745098,0.591836734694,0.517857142857,0.508771929825,0.64406779661,0.628571428571,0.48,0.490196078431,0.535714285714,0.545454545455,0.45,0.423076923077,0.47619047619,0.607843137255,0.444444444444,0.488888888889,0.442307692308,0.388888888889,0.694444444444,0.358974358974,0.36170212766,0.490196078431,0.5,0.485714285714,0.58,0.46511627907,0.487179487179,0.433333333333,0.451612903226,0.320754716981,0.634146341463,0.416666666667,0.4375,0.5,0.410256410256,0.508771929825,0.387755102041,0.367647058824,0.394736842105,0.508474576271,0.439024390244,0.527777777778,0.557692307692,0.487179487179,0.413043478261,0.590909090909,0.48275862069,0.475,0.340425531915,0.571428571429,0.4,0.632653061224,0.368421052632,0.368421052632,0.418604651163,0.621621621622,0.515151515152,0.5,0.5,0.478260869565,0.576271186441,0.490566037736,0.365853658537,0.605263157895,0.519230769231,0.576271186441,0.425925925926,0.6,0.452830188679,0.65625,0.488888888889,0.48275862069,0.487804878049,0.605263157895,0.525,0.457142857143,0.557692307692,0.552631578947,1.0,0.595744680851,0.44,0.438596491228,0.526315789474,0.386363636364,0.6,0.425,0.6,0.558823529412,0.611111111111,0.526315789474,0.530612244898,0.655172413793,0.552631578947,0.518518518519,0.564102564103,0.571428571429,0.560975609756,0.442307692308,0.547619047619,0.666666666667,0.577464788732,0.476923076923,0.426229508197,0.483333333333,0.738095238095,0.489795918367,0.595744680851,0.5,0.47619047619,0.490196078431,0.314285714286,0.525,0.42,0.387755102041,0.591836734694,0.5,0.666666666667,0.457142857143,0.441176470588,0.452380952381,0.521739130435,0.512820512821,0.575757575758,0.395348837209,0.489795918367,0.659090909091,0.527777777778,0.588235294118,0.5,0.462962962963,0.5,0.45,0.490566037736,0.388888888889,0.542372881356,0.52,0.428571428571,0.511627906977,0.568181818182,0.571428571429,0.585365853659,0.415094339623,0.531914893617,0.390243902439,0.524590163934,0.522727272727,0.507936507937,0.444444444444,0.402985074627,0.444444444444,0.472222222222,0.512195121951,0.645833333333,0.514285714286,0.486486486486,0.511111111111,0.551020408163,0.413793103448,0.490196078431,0.510204081633,0.411764705882,0.576923076923,0.533333333333,0.571428571429,0.482142857143,0.431818181818,0.553191489362,0.5,0.54347826087,0.468085106383,0.378378378378,0.414634146341,0.5,0.54,0.56,0.512195121951,0.5,0.547619047619,0.425531914894,0.526315789474,0.519230769231,0.578947368421,0.5,0.5,0.404761904762,0.377777777778,0.439024390244,0.425,0.631578947368,0.510204081633,0.708333333333,0.740740740741,1.0,0.583333333333,0.508474576271,0.362068965517,0.388888888889,0.595238095238,0.40350877193,0.45652173913,0.424242424242,0.508771929825,0.526315789474,0.537313432836,0.595744680851,0.471698113208,0.422222222222,0.542857142857,0.451612903226,0.44,0.575,0.444444444444,0.615384615385,0.282608695652,0.466666666667,0.545454545455,0.553191489362,0.5,0.571428571429,0.588235294118,0.622641509434,0.454545454545,0.406779661017,0.627118644068,0.576923076923,0.475409836066,0.378378378378,0.461538461538,0.585365853659,0.607142857143,0.540540540541,0.553571428571,0.542372881356,0.5625,0.611111111111,0.739130434783,0.615384615385,0.53488372093,0.52380952381,0.62,0.553191489362,0.608695652174,0.441860465116,0.553191489362,0.509433962264,0.441860465116,0.487804878049,0.481481481481,0.452830188679,0.617021276596,0.547169811321,0.627906976744,0.5,0.597222222222,0.461538461538,0.545454545455,0.460317460317,0.415094339623,0.609756097561,0.641509433962,0.454545454545,0.4375,0.608695652174,0.525,0.571428571429,0.472727272727,0.528301886792,0.543859649123,0.440677966102,0.425925925926,0.425925925926,0.633333333333,0.54347826087,0.45,0.509433962264,0.464285714286,0.388888888889,0.509433962264,0.583333333333,0.540983606557,0.65306122449,0.481481481481,0.533333333333,0.686274509804,0.458333333333,0.459016393443,0.43137254902,0.490909090909,0.387755102041,0.529411764706,0.403225806452,0.543859649123,0.5,0.439024390244,0.433333333333,0.553191489362,0.5,0.40350877193,0.508771929825,0.5,0.569230769231,0.5,0.529411764706,0.438596491228,0.4375,0.439024390244,0.714285714286,0.537037037037,0.630434782609,0.377777777778,0.52,0.64,0.604166666667,0.4375,0.473684210526,0.396825396825,0.454545454545,0.436363636364,0.571428571429,0.56,0.487804878049,0.431818181818,0.423076923077,0.586956521739,0.5,0.47619047619,0.3125,0.470588235294,0.384615384615,0.438596491228,0.492307692308,0.454545454545,0.425925925926,0.574468085106,0.361111111111,0.379310344828,0.508196721311,0.409090909091,0.486486486486,0.422222222222,0.433962264151,0.52380952381,0.533333333333,0.517857142857,0.44,0.411764705882,0.477272727273,0.387755102041,0.641025641026,0.470588235294,0.546875,0.547169811321,0.573529411765,0.282608695652,0.56,0.282608695652,0.473684210526,0.470588235294,0.529411764706,0.366666666667,0.390243902439,0.5,0.5,0.480769230769,0.451612903226,0.516129032258,0.632653061224,0.415384615385,0.440677966102,0.436363636364,0.673913043478,0.518518518519,0.596153846154,0.357142857143,0.596774193548,0.673913043478,0.454545454545,0.585365853659,0.528301886792,0.409090909091,0.575,0.342105263158,0.379310344828,0.7,0.475,0.468085106383,0.432432432432,0.487179487179,0.536585365854,0.52380952381,0.74358974359,0.560975609756,0.511627906977,0.282608695652,0.702127659574,0.255319148936,0.325581395349,0.422222222222,0.411764705882,0.36,0.528301886792,0.5,0.476923076923,0.4,0.425,0.8,0.586956521739,0.511627906977,0.482142857143,0.362068965517,0.558139534884,0.458333333333,0.526315789474,0.5,0.489361702128,0.52,0.454545454545,0.450980392157,0.454545454545,0.6,0.52380952381,0.5,0.435483870968,0.416666666667,0.522727272727,0.459459459459,0.547619047619,0.6,0.509803921569,0.408163265306,0.488372093023,0.513513513514,0.609375,0.576923076923,0.433333333333,0.363636363636,0.416666666667,0.43137254902,0.46511627907,0.470588235294,0.529411764706,0.426229508197,0.596153846154,0.490196078431,0.596153846154,0.487804878049,0.510204081633,0.475,0.536585365854,0.604651162791,0.518518518519,0.371428571429,0.409090909091,0.421052631579,0.405405405405,0.65,0.333333333333,0.441860465116,0.520833333333,0.425,0.628571428571,0.42,0.458333333333,0.5,0.41935483871,0.512195121951,0.488888888889,0.517857142857,0.48275862069,0.392857142857,0.532258064516,0.542857142857,0.557692307692,0.54,0.413043478261,0.530612244898,0.575,0.5,0.56,0.5,0.574468085106,0.26,0.4,0.536585365854,0.339285714286,0.285714285714,0.461538461538,0.433962264151,0.54347826087,0.416666666667,0.518518518519,0.472727272727,0.464285714286,0.452830188679,0.575,0.416666666667,0.464285714286,0.549019607843,0.519230769231,0.46875,0.55,0.515151515152,0.471698113208,0.416666666667,0.404255319149,0.571428571429,0.426470588235,0.46875,0.477272727273,0.489795918367,0.441860465116,0.564516129032,0.547619047619,0.46511627907,0.519230769231,0.578947368421,0.509090909091,0.46875,0.46511627907,0.418604651163,0.512195121951,0.41935483871,0.533333333333,0.585365853659,0.617021276596,0.340909090909,0.5,0.558139534884,0.421052631579,0.346153846154,0.549019607843,0.56862745098,0.5,0.615384615385,0.5,0.333333333333,0.571428571429,0.515151515152,0.520833333333,0.47619047619,0.511111111111,0.575,0.538461538462,0.446808510638,0.659090909091,0.52,0.422222222222,0.590909090909,0.583333333333,0.622222222222,0.625,0.583333333333,0.615384615385,0.431818181818,0.6,0.490566037736,0.5,0.491228070175,0.409090909091,0.403846153846,0.415094339623,0.34693877551,0.603773584906,0.510204081633,0.5,0.365853658537,0.333333333333,0.390243902439,0.617647058824,0.43137254902,0.586956521739,0.56862745098,0.584905660377,0.553191489362,0.422222222222,0.56,0.454545454545,0.418604651163,0.633333333333,0.490196078431,0.5,0.589743589744,0.591836734694,0.442307692308,0.571428571429,0.409090909091,0.422222222222,0.434782608696,0.431818181818,0.521739130435,0.510638297872,0.612903225806,0.555555555556,0.534482758621,0.571428571429,0.517857142857,0.488888888889,0.38,0.36170212766,0.46511627907,0.487179487179,0.522727272727,0.512195121951,0.714285714286,0.420289855072,0.421875,0.406779661017,0.415384615385,0.468085106383,0.450980392157,0.435483870968,0.489361702128,0.40350877193,0.451612903226,0.530612244898,0.551020408163,0.557692307692,0.446808510638,0.439024390244,0.390243902439,0.521739130435,0.531914893617,0.68,0.666666666667,0.510638297872,0.5,0.421052631579,0.509433962264,0.574468085106,0.48,0.533333333333,0.595238095238,0.5,0.48,0.55,0.613636363636,0.528301886792,0.592592592593,0.542857142857,0.461538461538,0.48275862069,0.56862745098,0.58064516129,0.434782608696,0.538461538462,0.454545454545,0.414634146341,0.41935483871,0.405405405405,0.469387755102,0.462962962963,0.472727272727,0.464285714286,0.478260869565,0.422222222222,0.461538461538,0.5,0.62962962963,0.625,0.6,0.469387755102,0.4,0.48,0.510638297872,0.510638297872,0.55,0.571428571429,0.428571428571,0.591836734694,0.509433962264,0.7,0.583333333333,0.394736842105,0.536585365854,0.563636363636,0.480769230769,0.36170212766,0.549295774648,0.553191489362,0.578947368421,0.428571428571,0.53488372093,0.435897435897,0.46,0.615384615385,0.586956521739,0.531914893617,0.551020408163,0.561403508772,0.584905660377,0.618181818182,0.673913043478,0.666666666667,0.533333333333,0.588235294118,0.549019607843,0.566666666667,0.446428571429,0.509803921569,0.382978723404,0.634615384615,0.413043478261,0.450980392157,0.5625,0.53488372093,0.46875,0.475,0.475,0.45,0.45652173913,0.469696969697,0.442307692308,0.555555555556,0.52,0.627450980392,0.509090909091,0.442307692308,0.4,0.466666666667,0.491525423729,0.448275862069,0.621621621622,0.458333333333,0.5,0.411764705882,0.411764705882,0.472727272727,0.431818181818,0.490196078431,0.436363636364,0.469387755102,0.475,0.538461538462,0.475409836066,0.514285714286,0.478260869565,0.481481481481,0.408163265306,0.551020408163,0.529411764706,0.5,0.645833333333,0.6,0.390243902439,0.488888888889,0.586956521739,0.565217391304,0.395833333333,0.473684210526,0.507462686567,0.435897435897,0.452830188679,0.36170212766,0.678571428571,0.46875,0.5,0.472727272727,0.45652173913,0.530612244898,0.705882352941,0.688888888889,0.681818181818,0.440677966102,0.475409836066,0.533333333333,0.52,0.435897435897,0.487179487179,0.5,0.416666666667,0.604651162791,0.621621621622,0.444444444444,0.638888888889,0.509090909091,0.476923076923,0.377777777778,0.379310344828,0.454545454545,0.511111111111,0.634615384615,0.509090909091,0.525423728814,0.345454545455,0.6,0.415094339623,0.509433962264,0.489361702128,0.44776119403,0.4,0.488888888889,0.617021276596,0.620689655172,0.511627906977,0.463414634146,0.396226415094,0.55223880597,0.676470588235,0.540540540541,0.433962264151,0.5,0.433962264151,0.520833333333,0.603448275862,0.625,0.535714285714,0.5,0.566666666667,0.448979591837,0.480769230769,0.491803278689,0.487804878049,0.36170212766,0.563636363636,0.509803921569,0.461538461538,0.48,0.5625,0.535714285714,0.455882352941,0.517857142857,0.574468085106,0.603773584906,0.5,0.508771929825,0.514285714286,0.414634146341,0.369565217391,0.492537313433,0.492537313433,0.511111111111,0.472727272727,0.56,0.418604651163,0.48275862069,0.526315789474,0.392857142857,0.535714285714,0.555555555556,0.518518518519,0.469387755102,0.5,0.568965517241,0.489361702128,0.55,0.5,0.413043478261,0.489361702128,0.6,0.435897435897,0.606060606061,0.5,0.584905660377,0.36,0.382352941176,0.408163265306,0.55,0.384615384615,0.407407407407,0.607142857143,0.575,0.571428571429,0.488888888889,0.527777777778,0.58,0.5,0.54347826087,0.511111111111,0.454545454545,0.563636363636,0.479166666667,0.461538461538,0.634146341463,0.604651162791,0.47619047619,0.566666666667,0.489361702128,0.444444444444,0.55,0.630434782609,0.377777777778,0.614035087719,0.5,0.541666666667,0.708333333333,0.457142857143,0.542857142857,0.522727272727,0.5,0.447368421053,0.438596491228,0.593220338983,0.518518518519,0.489361702128,0.58,0.423076923077,0.396551724138,0.381818181818,0.469387755102,0.408163265306,0.652173913043,0.487804878049,0.378378378378,0.458333333333,0.346153846154,0.565217391304,0.619047619048,0.578947368421,0.514285714286,0.525423728814,0.48,0.421052631579,0.44,0.533333333333,0.525,0.528301886792,0.489361702128,0.45652173913,0.630434782609,0.555555555556,0.4,0.589743589744,0.677419354839,0.56,0.56862745098,0.433333333333,0.488888888889,0.396825396825,0.446808510638,0.452830188679,0.56,0.440677966102,0.396551724138,0.555555555556,0.530612244898,0.610169491525,0.56862745098,0.56862745098,0.546875,0.633333333333,0.6,0.542372881356,0.549019607843,0.551020408163,0.509803921569,0.509433962264,0.489361702128,0.631578947368,0.448979591837,0.538461538462,0.464285714286,0.454545454545,0.489361702128,0.488372093023,0.440677966102,0.519230769231,0.473684210526,0.511111111111,0.487804878049,0.55,0.526315789474,0.480769230769,0.576271186441,0.526315789474,0.565217391304,0.654545454545,0.589743589744,0.581395348837,0.533333333333,0.483333333333,0.521739130435,0.472727272727,0.652173913043,0.536585365854,0.325581395349,0.594594594595,0.522727272727,0.510204081633,0.595238095238,0.576923076923,0.458333333333,0.461538461538,0.5,0.510638297872,0.46,0.516666666667,0.578947368421,0.488888888889,0.508196721311,0.55223880597,0.385964912281,0.442307692308,0.5,0.462962962963,0.586956521739,0.55,0.511627906977,0.424242424242,0.5,0.488888888889,0.471698113208,0.660377358491,0.5,0.474576271186,0.545454545455,0.612903225806,0.694444444444,0.487804878049,0.485714285714,0.6,0.551724137931,0.625,0.340909090909,0.290322580645,0.5,0.645161290323,0.596774193548,0.458333333333,0.521739130435,0.551020408163,0.461538461538,0.551020408163,0.47619047619,0.52,0.454545454545,0.44,0.46875,0.492063492063,0.469387755102,0.478260869565,0.559322033898,0.44,0.418604651163,0.507042253521,0.526315789474,0.422222222222,0.391304347826,0.526315789474,0.566037735849,0.54347826087,0.588235294118,0.35,0.428571428571,0.423076923077,0.538461538462,0.428571428571,0.464285714286,0.333333333333,0.512820512821,0.457627118644,0.5,0.553191489362,0.459459459459,0.489795918367,0.465517241379,0.571428571429,0.551020408163,0.403225806452,0.577777777778,0.545454545455,0.688524590164,0.44262295082,0.431818181818,0.423076923077,0.396226415094,0.583333333333,0.507462686567,0.418181818182,0.469387755102,0.52,0.509433962264,0.561403508772,0.555555555556,0.557692307692,0.410714285714,0.345454545455,0.585365853659,0.551724137931,0.528301886792,0.491228070175,0.528301886792,0.345454545455,0.382352941176,0.484848484848,0.547619047619,0.435897435897,0.553191489362,0.620689655172,0.421052631579,0.537313432836,0.428571428571,0.605263157895,0.529411764706,0.440677966102,0.441860465116,0.478260869565,0.488372093023,0.458333333333,0.5,0.510204081633,0.631578947368,0.592592592593,0.456140350877,0.5,0.48275862069,0.428571428571,0.514705882353,0.508474576271,0.5,0.483870967742,0.555555555556,0.510638297872,0.487179487179,0.568965517241,0.56,0.465517241379,0.4,0.422222222222,0.434782608696,0.392156862745,0.465517241379,0.421052631579,0.393442622951,0.553571428571,0.422222222222,0.575,0.666666666667,0.647058823529,0.694444444444,0.48,0.508474576271,0.538461538462,0.551724137931,0.488372093023,0.488372093023,0.539682539683,0.528301886792,0.449275362319,0.611111111111,0.516129032258,0.507692307692,0.462686567164,0.541666666667,0.551020408163,0.488372093023,0.540540540541,0.52380952381,0.548387096774,0.477611940299,0.417910447761,0.391304347826,0.414634146341,0.452380952381,0.48,0.395833333333,0.476923076923,0.432432432432,0.553191489362,0.552631578947,0.540540540541,0.487804878049,0.522727272727,0.452380952381,0.4375,0.475,0.465517241379,0.448275862069,0.555555555556,0.52380952381,0.613636363636,0.510638297872,0.585365853659,0.5,0.489361702128,0.535714285714,0.5,0.576923076923,0.625,0.574468085106,0.488888888889,0.527777777778,0.52380952381,0.608695652174,0.541666666667,0.484375,0.485714285714,0.630769230769,0.5,0.4,0.446428571429,0.509803921569,0.477611940299,0.525,0.574074074074,0.480769230769,0.452380952381,0.651162790698,0.719298245614,0.525423728814,0.53488372093,0.565217391304,0.448275862069,0.52,0.509803921569,0.586206896552,0.620689655172,0.655172413793,0.559322033898,0.603174603175,0.488888888889,0.53488372093,0.481481481481,0.471698113208,0.530612244898,0.477272727273,0.411764705882,0.552631578947,0.46511627907,0.555555555556,0.464285714286,0.450980392157,0.426229508197,0.857142857143,0.490566037736,0.469387755102,0.43137254902,0.5,0.448979591837,0.5,0.5,0.541666666667,0.55,0.547619047619,0.608695652174,0.44,0.46511627907,0.340425531915,0.518518518519,0.423076923077,0.457627118644,0.513513513514,0.487179487179,0.371428571429,0.628571428571,0.666666666667,0.537037037037,0.442307692308,0.5,0.558139534884,0.536585365854,0.238095238095,0.452830188679,0.658536585366,0.545454545455,0.575,0.461538461538,0.479166666667,0.468085106383,0.489361702128,0.4,0.489795918367,0.462962962963,0.527272727273,0.446808510638,0.458333333333,0.441176470588,0.357142857143,0.358490566038,0.371428571429,0.285714285714,0.481481481481,0.411764705882,0.5,0.509090909091,0.532258064516,0.490566037736,0.520833333333,0.5,0.537037037037,0.512820512821,0.541666666667,0.595744680851,0.466666666667,0.454545454545,0.487804878049,0.5,0.4375,0.5,0.5625,0.558139534884,0.521739130435,0.431818181818,0.461538461538,0.542372881356,0.55,0.566037735849,0.38,0.549019607843,0.481481481481,0.529411764706,0.615384615385,0.418604651163,0.619047619048,0.6,0.574074074074,0.6,0.379310344828,0.436363636364,0.397058823529,0.414634146341,0.410714285714,0.382978723404,0.42,0.48,0.529411764706,0.447368421053,0.4,0.5,0.407407407407,0.441176470588,0.442307692308,0.56,0.478260869565,0.448275862069,0.69387755102,0.558823529412,0.52380952381,0.698412698413,0.454545454545,0.5,0.441860465116,0.525,0.555555555556,0.468085106383,0.405405405405,0.422222222222,0.484848484848,0.588235294118,0.432432432432,0.541666666667,0.55,0.625,0.361111111111,0.489795918367,0.528301886792,0.509433962264,0.470588235294,0.608695652174,0.547619047619,0.472727272727,0.403225806452,0.564102564103,0.512820512821,0.525,0.5,0.52380952381,0.488888888889,0.468085106383,0.555555555556,0.553191489362,0.583333333333,0.555555555556,0.55,0.509090909091,0.533333333333,0.462962962963,0.486486486486,0.5,0.40350877193,0.477272727273,0.625,0.458333333333,0.422222222222,0.45652173913,0.395348837209,0.47619047619,0.491228070175,0.509433962264,0.454545454545,0.487179487179,0.466666666667,0.434782608696,0.333333333333,0.447368421053,0.482142857143,0.442307692308,0.479166666667,0.515151515152,0.521739130435,0.53488372093,0.456140350877,0.621621621622,0.629032258065,0.595744680851,0.47619047619,0.459459459459,0.521739130435,0.46511627907,0.5,0.38,0.367346938776,0.595744680851,0.5,0.591836734694,0.471698113208,0.510204081633,0.444444444444,0.462962962963,0.55737704918,0.578125,0.296296296296,0.489795918367,0.388888888889,0.577777777778,0.632653061224,0.571428571429,0.442307692308,0.529411764706,0.467741935484,0.574468085106,0.65306122449,0.595744680851,0.622222222222,0.65,0.403846153846,0.577777777778,0.577777777778,0.551724137931,0.5,0.424242424242,0.36170212766,0.5,0.720930232558,0.591836734694,0.461538461538,0.472222222222,0.444444444444,0.555555555556,0.549019607843,0.644444444444,0.411764705882,0.56862745098,0.404255319149,0.384615384615,0.520833333333,0.59375,0.5,0.546875,0.594594594595,0.612903225806,0.673469387755,0.5,0.5,0.511904761905,0.464788732394,0.478873239437,0.563636363636,0.462962962963,0.558823529412,0.428571428571,0.45,0.542857142857,0.514285714286,0.642857142857,0.605263157895,0.4,0.58,0.561403508772,0.404255319149,0.558139534884,0.571428571429,0.439024390244,0.458333333333,0.533333333333,0.414634146341,0.571428571429,0.354838709677,0.444444444444,0.621621621622,0.472222222222,0.527777777778,0.526315789474,0.52380952381,0.454545454545,0.578947368421,0.428571428571,0.527272727273,0.54,0.541666666667,0.588235294118,0.666666666667,0.416666666667,0.510638297872,0.545454545455,0.512820512821,0.43137254902,0.444444444444,0.594594594595,0.583333333333,0.538461538462,0.564516129032,0.473684210526,0.5,0.464285714286,0.547169811321,0.515151515152,0.351851851852,0.552631578947,0.488888888889,0.488888888889,0.658536585366,0.508474576271,0.465517241379,0.43137254902,0.560975609756,0.432432432432,0.36170212766,0.583333333333,0.489795918367,0.515151515152,0.479166666667,0.5,0.529411764706,0.574468085106,0.4375,0.508771929825,0.466666666667,0.576923076923,0.355555555556,0.557692307692,0.446428571429,0.490566037736,0.471698113208,0.5,0.589743589744,0.575757575758,0.46,0.361111111111,0.5,0.5,0.594594594595,0.488888888889,0.555555555556,0.547169811321,0.518518518519,0.555555555556,0.527777777778,0.472222222222,0.509433962264,0.657894736842,0.511627906977,0.444444444444,0.393939393939,0.547619047619,0.508196721311,0.6,0.636363636364,0.541666666667,0.255319148936,0.531914893617,0.489795918367,0.521739130435,0.4,0.533333333333,0.5625,0.428571428571,0.457627118644,0.595238095238,0.509803921569,0.612244897959,0.512195121951,0.540540540541,0.625,0.531914893617,0.48275862069,0.490196078431,0.510204081633,0.459016393443,0.538461538462,0.525,0.4,0.461538461538,0.526315789474,0.3,0.395348837209,0.423076923077,0.476923076923,0.453333333333,0.484375,0.565217391304,0.592592592593,0.735294117647,0.526315789474,0.4375,0.482142857143,0.5,0.469387755102,0.520833333333,0.550724637681,0.482142857143,0.488372093023,0.571428571429,0.568965517241,0.415094339623,0.519230769231,0.481481481481,0.450980392157,0.584905660377,0.5,0.489361702128,0.47619047619,0.490196078431,0.509803921569,0.354166666667,0.418604651163,0.65306122449,0.595744680851,0.428571428571,0.452380952381,0.566037735849,0.607843137255,0.435897435897,0.470588235294,0.372881355932,0.393939393939,0.545454545455,0.479166666667,0.511627906977,0.564516129032,0.488888888889,0.547169811321,0.352941176471,0.347826086957,0.434782608696,0.5625,0.607142857143,0.411764705882,0.529411764706,0.609756097561,0.391304347826,0.515151515152,0.514285714286,0.618181818182,0.489795918367,0.444444444444,0.382978723404,0.486486486486,0.468085106383,0.612903225806,0.219512195122,0.543859649123,0.522727272727,0.520833333333,0.348837209302,0.325581395349,0.627906976744,0.55,0.52,0.489361702128,0.59375,0.613636363636,0.472727272727,0.65306122449,0.423076923077,0.581818181818,0.566037735849,0.571428571429,0.596153846154,0.462962962963,0.411764705882,0.586206896552,0.54347826087,0.44,0.534482758621,0.566037735849,0.5,0.490566037736,0.486486486486,0.441860465116,0.537037037037,0.525,0.418604651163,0.5,0.44776119403,0.451612903226,0.464285714286,0.487804878049,0.5,0.587301587302,0.521739130435,0.555555555556,0.574468085106,0.487179487179,0.480769230769,0.432835820896,0.426666666667,0.526315789474,0.544117647059,0.51724137931,0.48,0.577777777778,0.594594594595,0.611111111111,0.595238095238,0.648648648649,0.531914893617,0.54,0.545454545455,0.469387755102,0.5,0.392156862745,0.487804878049,0.536585365854,0.470588235294,0.403846153846,0.466666666667,0.655172413793,0.619047619048,0.636363636364,0.615384615385,0.761904761905,0.378378378378,0.472222222222,0.571428571429,0.684210526316,0.6,0.592592592593,0.487804878049,0.435897435897,0.432432432432,0.547619047619,0.589743589744,0.511627906977,0.617021276596,0.627906976744,0.685714285714,0.459459459459,0.615384615385,0.592592592593,0.568181818182,0.694444444444,0.666666666667,0.425,0.5,0.575757575758,0.5,0.491228070175,0.5,0.408163265306,0.413043478261,0.375,0.555555555556,0.5,0.491525423729,0.491228070175,0.433962264151,0.52,0.647058823529,0.358490566038,0.512195121951,0.425531914894,0.415384615385,0.448979591837,0.380952380952,0.4,0.36,0.408163265306,0.43137254902,0.367346938776,0.375,0.595744680851,0.454545454545,0.529411764706,0.590909090909,0.538461538462,0.407407407407,0.490566037736,0.673913043478,0.551724137931,0.673076923077,0.52,0.5,0.348837209302,0.525,0.536585365854,0.447368421053,0.414634146341,0.461538461538,0.473684210526,0.553191489362,0.491228070175,0.42,0.509803921569,0.444444444444,0.478260869565,0.307692307692,0.529411764706,0.582089552239,0.975,0.777777777778,0.878048780488,0.478260869565,0.58,0.488888888889,0.5,0.5625,0.418604651163,0.729166666667,0.440677966102,0.888888888889,0.8125,1.0,1.0,0.517857142857,0.509090909091,0.622641509434,0.756097560976,0.647058823529,0.558139534884,0.470588235294,0.444444444444,0.676470588235,0.616666666667,0.837209302326,0.710526315789,0.549019607843,0.568181818182,0.648148148148,1.0,0.933333333333,0.785714285714,0.404761904762,0.625,0.44262295082,0.682926829268,0.41935483871,0.5,0.387755102041,0.5,0.511111111111,0.581395348837,0.454545454545,0.515151515152,0.4375,0.625,0.521739130435,0.479166666667,0.53125,0.438596491228,0.434782608696,0.484375,0.477272727273,0.46511627907,0.43137254902,0.5,0.487179487179,0.47619047619,0.510204081633,0.46,0.509803921569,0.464788732394,0.5625,0.467741935484,0.415384615385,0.406779661017,0.392156862745,0.452380952381,0.45,0.298245614035,0.5,0.638888888889,0.54,0.518518518519,0.414634146341,0.526315789474,0.509803921569,0.593220338983,0.53488372093,0.555555555556,0.467741935484,0.527272727273,0.487804878049,0.5,0.333333333333,0.5,0.565217391304,0.578947368421,0.565217391304,0.4,0.451612903226,0.577777777778,0.486486486486,0.475409836066,0.446153846154,0.392156862745,0.4375,0.448979591837,0.431818181818,0.410256410256,0.52,0.463414634146,0.410256410256,0.509803921569,0.558139534884,0.52,0.425531914894,0.452380952381,0.435897435897,0.607843137255,0.446428571429,0.538461538462,0.428571428571,0.508196721311,0.444444444444,0.519230769231,0.538461538462,0.547169811321,0.558823529412,0.644444444444,0.5,0.56862745098,0.545454545455,0.547619047619,0.581818181818,0.555555555556,0.583333333333,0.454545454545,0.53125,0.53488372093,0.468085106383,0.521739130435,0.5,0.384615384615,0.530612244898,0.480769230769,0.458333333333,0.421052631579,0.471698113208,0.611111111111,0.512195121951,0.438596491228,0.490196078431,0.488372093023,0.444444444444,0.475,0.533333333333,0.276595744681,0.581395348837,0.456140350877,0.481481481481,0.5,0.488888888889,0.452380952381,0.439024390244,0.435897435897,0.555555555556,0.561403508772,0.566037735849,0.692307692308,0.617021276596,0.627906976744,0.666666666667,0.5,0.464285714286,0.466666666667,0.436363636364,0.384615384615,0.56862745098,0.510204081633,0.66,0.666666666667,0.607843137255,0.58,0.604166666667,0.557692307692,0.586206896552,0.657142857143,0.603448275862,0.627450980392,0.63829787234,0.464285714286,0.545454545455,0.575,0.357142857143,0.45,0.378378378378,0.515151515152,0.414634146341,0.375,0.617021276596,0.555555555556,0.46,0.475,0.589285714286,0.890909090909,0.55737704918,0.836363636364,0.74358974359,0.674418604651,0.709090909091,0.590909090909,0.444444444444,0.481481481481,0.852941176471,0.666666666667,0.588235294118,0.558823529412,0.679487179487,0.820512820513,0.368421052632,0.622641509434,0.618181818182,0.692307692308,0.675,0.5,0.540540540541,0.388888888889,0.631578947368,0.65306122449,0.764705882353,1.0,0.82,0.588235294118,0.825,0.65306122449,0.975609756098,0.765957446809,0.979166666667,0.574468085106,0.428571428571,0.432432432432,0.586206896552,0.529411764706,0.435897435897,0.541666666667,0.566666666667,0.576923076923,0.612903225806,0.5,0.377358490566,0.4,0.450980392157,0.5,0.628571428571,0.567567567568,0.466666666667,0.651162790698,0.392857142857,0.551020408163,0.619047619048,0.578947368421,0.666666666667,0.447368421053,0.488372093023,0.423076923077,0.421052631579,0.459459459459,0.591836734694,0.444444444444,0.692307692308,0.508771929825,0.488372093023,0.582089552239,0.421052631579,0.410256410256,0.509090909091,0.4,0.7,0.492537313433,0.431818181818,0.594594594595,0.367346938776,0.34693877551,0.431818181818,0.6,0.391304347826,0.382978723404,0.461538461538,0.604651162791,0.4,0.529411764706,0.444444444444,0.608695652174,0.47619047619,0.34693877551,0.547619047619,0.538461538462,0.58,0.4,0.53488372093,0.611111111111,0.5,0.444444444444,0.489361702128,0.37037037037,0.428571428571,0.563636363636,0.510204081633,0.466666666667,0.395348837209,0.571428571429,0.37037037037,0.533333333333,0.384615384615,0.488372093023,0.591836734694,0.645161290323,0.657894736842,0.46511627907,0.357142857143,0.461538461538,0.428571428571,0.511111111111,0.543859649123,0.43137254902,0.367346938776,0.529411764706,0.522727272727,0.357142857143,0.464285714286,0.529411764706,0.468085106383,0.511111111111,0.625,0.433333333333,0.46,0.636363636364,0.538461538462,0.491525423729,0.48275862069,0.390243902439,0.34,0.403846153846,0.5,0.413043478261,0.5,0.62962962963,0.4,0.553571428571,0.529411764706,0.555555555556,0.451612903226,0.441176470588,0.59375,0.486486486486,0.636363636364,0.666666666667,0.5,0.415094339623,0.394736842105,0.545454545455,0.595238095238,0.56862745098,0.54347826087,0.571428571429,0.590909090909,0.538461538462,0.588235294118,0.555555555556,0.41935483871,0.545454545455,0.477611940299,0.5,0.434782608696,0.568181818182,0.5,0.657894736842,0.444444444444,0.525423728814,0.526315789474,0.537037037037,0.5,0.545454545455,0.435897435897,0.388888888889,0.5,0.54,0.615384615385,0.568181818182,0.55,0.740740740741,0.53125,0.46875,0.4,0.558139534884,0.589743589744,0.386363636364,0.444444444444,0.48,0.666666666667,0.622222222222,0.542857142857,0.509090909091,0.547619047619,0.479452054795,0.577777777778,0.379310344828,0.411764705882,0.479166666667,0.6,0.446808510638,0.432432432432,0.461538461538,0.560975609756,0.586206896552,0.645833333333,0.469696969697,0.413043478261,0.578947368421,0.444444444444,0.394736842105,0.53488372093,0.518518518519,0.4,0.6,0.487179487179,0.452380952381,0.457142857143,0.530612244898,0.4,0.46,0.55,0.454545454545,0.411764705882,0.511111111111,0.541666666667,0.369565217391,0.484375,0.481481481481,0.591836734694,0.56862745098,0.620689655172,0.595744680851,0.425925925926,0.48,0.454545454545,0.382978723404,0.58064516129,0.571428571429,0.333333333333,0.408163265306,0.641025641026,0.46875,0.421052631579,0.511111111111,0.436363636364,0.563636363636,0.533333333333,0.493150684932,0.6,0.512195121951,0.55223880597,0.422222222222,0.384615384615,0.436363636364,0.51724137931,0.425925925926,0.636363636364,0.48,0.509090909091,0.463768115942,0.457142857143,0.528301886792,0.444444444444,0.333333333333,0.480769230769,0.5,0.425925925926,0.578947368421,0.460317460317,0.568965517241,0.5,0.470588235294,0.490566037736,0.522727272727,0.42,0.418604651163,0.58064516129,0.409090909091,0.545454545455,0.65625,0.520833333333,0.46511627907,0.392857142857,0.375,0.54347826087,0.488888888889,0.485714285714,0.372549019608,0.625,0.526315789474,0.46511627907,0.394736842105,0.52,0.425531914894,0.52,0.423076923077,0.549019607843,0.587301587302,0.478260869565,0.468085106383,0.457142857143,0.547169811321,0.611111111111,0.459459459459,0.404255319149,0.58064516129,0.477272727273,0.35593220339,0.42,0.488888888889,0.56,0.54347826087,0.446428571429,0.53488372093,0.5,0.517857142857,0.527777777778,0.5,0.492307692308,0.454545454545,0.592592592593,0.538461538462,0.567567567568,0.566037735849,0.44,0.589285714286,0.519230769231,0.489361702128,0.416666666667,0.509433962264,0.5,0.478260869565,0.589285714286,0.533333333333,0.411764705882,0.386363636364,0.479166666667,0.483870967742,0.478260869565,0.484848484848,0.666666666667,0.583333333333,0.604651162791,0.516129032258,0.531914893617,0.44,0.5,0.630434782609,0.557692307692,0.5625,0.555555555556,0.551020408163,0.592592592593,0.628571428571,0.626865671642,0.561403508772,0.475409836066,0.418604651163,0.413043478261,0.263157894737,0.378378378378,0.520833333333,0.350877192982,0.454545454545,0.479166666667,0.450980392157,0.522727272727,0.554054054054,0.560606060606,0.450980392157,0.490566037736,0.489795918367,0.511111111111,0.480769230769,0.509433962264,0.578125,0.4375,0.444444444444,0.490566037736,0.44,0.571428571429,0.571428571429,0.472222222222,0.487179487179,0.604166666667,0.55737704918,0.474358974359,0.459459459459,0.391304347826,0.366666666667,0.472222222222,0.396551724138,0.428571428571,0.491525423729,0.413793103448,0.519230769231,0.490909090909,0.42,0.490196078431,0.380952380952,0.446428571429,0.444444444444,0.5,0.521739130435,0.522727272727,0.442307692308,0.45652173913,0.578947368421,0.4,0.479166666667,0.5,0.48,0.461538461538,0.518518518519,0.558139534884,0.595238095238,0.567567567568,0.433333333333,0.435897435897,0.65,0.5,0.512820512821,0.547619047619,0.528301886792,0.634146341463,0.372093023256,0.459016393443,0.431818181818,0.481481481481,0.344262295082,0.631578947368,0.604651162791,0.466666666667,0.420289855072,0.547945205479,0.558139534884,0.5,0.627906976744,0.413043478261,0.387755102041,0.537037037037,0.508771929825,0.522727272727,0.363636363636,0.533333333333,0.533333333333,0.552631578947,0.525,0.551724137931,0.461538461538,0.536585365854,0.487804878049,0.418918918919,0.467741935484,0.344262295082,0.511111111111,0.466666666667,0.431818181818,0.466666666667,0.518518518519,0.508474576271,0.52,0.490909090909,0.592592592593,0.454545454545,0.421052631579,0.454545454545,0.355555555556,0.584905660377,0.461538461538,0.508771929825,0.628571428571,0.613636363636,0.734693877551,0.739130434783,0.631578947368,0.702702702703,0.565217391304,0.571428571429,0.6,0.450980392157,0.428571428571,0.611111111111,0.490566037736,0.4,0.461538461538,0.604651162791,0.486486486486,0.466666666667,0.487804878049,0.452380952381,0.305555555556,0.573770491803,0.571428571429,0.511627906977,0.446808510638,0.43137254902,0.488888888889,0.486486486486,0.560975609756,0.632653061224,0.357142857143,0.458333333333,0.387755102041,0.583333333333,0.5,0.5,0.333333333333,0.421052631579,0.395348837209,0.44262295082,0.461538461538,0.509090909091,0.549019607843,0.448275862069,0.542857142857,0.393939393939,0.461538461538,0.266666666667,0.4,0.509433962264,0.392857142857,0.488372093023,0.458333333333,0.434782608696,0.489795918367,0.604651162791,0.565217391304,0.555555555556,0.526315789474,0.560975609756,0.536585365854,0.522727272727,0.45652173913,0.446808510638,0.6,0.390243902439,0.521739130435,0.541666666667,0.464285714286,0.508771929825,0.578947368421,0.553191489362,0.511627906977,0.488372093023,0.547169811321,0.610169491525,0.459459459459,0.409090909091,0.547169811321,0.565217391304,0.608695652174,0.642857142857,0.542857142857,0.477272727273,0.466666666667,0.416666666667,0.270833333333,0.541666666667,0.56,0.458333333333,0.423728813559,0.365384615385,0.40350877193,0.45,0.517857142857,0.442307692308,0.488888888889,0.558823529412,0.575,0.5,0.390243902439,0.486486486486,0.5,0.468085106383,0.425925925926,0.509433962264,0.454545454545,0.489795918367,0.55,0.43137254902,0.540540540541,0.595744680851,0.489361702128,0.423076923077,0.48,0.342105263158,0.395348837209,0.476923076923,0.478260869565,0.452830188679,0.469387755102,0.488372093023,0.507936507937,0.5,0.48275862069,0.447368421053,0.540983606557,0.593220338983,0.409090909091,0.452830188679,0.5,0.456140350877,0.540540540541,0.465517241379,0.466666666667,0.557692307692,0.428571428571,0.565217391304,0.588235294118,0.573529411765,0.58,0.442307692308,0.36170212766,0.547169811321,0.5,0.577777777778,0.613636363636,0.52380952381,0.566037735849,0.563636363636,0.613636363636,0.5,0.549019607843,0.531914893617,0.5,0.525423728814,0.490196078431,0.56,0.480769230769,0.483870967742,0.44,0.6,0.372549019608,0.487179487179,0.413043478261,0.56862745098,0.52380952381,0.536585365854,0.533333333333,0.391304347826,0.474576271186,0.659574468085,0.56862745098,0.411764705882,0.446428571429,0.522727272727,0.545454545455,0.425531914894,0.545454545455,0.463414634146,0.545454545455,0.457627118644,0.555555555556,0.511111111111,0.391304347826,0.571428571429,0.512195121951,0.428571428571,0.470588235294,0.444444444444,0.574468085106,0.512820512821,0.5,0.617021276596,0.475,0.454545454545,0.54347826087,0.6875,0.275,0.487804878049,0.472727272727,0.6,0.621621621622,0.510638297872,0.6,0.528301886792,0.326086956522,0.68085106383,0.470588235294,0.609756097561,0.666666666667,0.405405405405,0.568181818182,0.411764705882,0.452380952381,0.583333333333,0.446808510638,0.47619047619,0.55,0.466666666667,0.423728813559,0.444444444444,0.611111111111,0.489795918367,0.441860465116,0.428571428571,0.462686567164,0.491525423729,0.516129032258,0.547619047619,0.488888888889,0.530612244898,0.480769230769,0.355555555556,0.421052631579,0.525423728814,0.45,0.533333333333,0.553846153846,0.509090909091,0.490909090909,0.51724137931,0.489361702128,0.469387755102,0.612244897959,0.509433962264,0.434782608696,0.529411764706,0.545454545455,0.515625,0.54,0.489361702128,0.535714285714,0.591836734694,0.5,0.482142857143,0.631578947368,0.520833333333,0.468085106383,0.490196078431,0.452830188679,0.54347826087,0.372549019608,0.577777777778,0.5625,0.52380952381,0.491228070175,0.510638297872,0.480769230769,0.578947368421,0.46,0.686274509804,0.46,0.464285714286,0.363636363636,0.565217391304,0.622641509434,0.547169811321,0.508474576271,0.619047619048,0.411764705882,0.529411764706,0.5,0.5,0.478260869565,0.519230769231,0.5,0.5625,0.56862745098,0.509803921569,0.490196078431,0.450980392157,0.56,0.555555555556,0.560975609756,0.560975609756,0.574468085106,0.6,0.509803921569,0.448979591837,0.576923076923,0.512195121951,0.489795918367,0.516129032258,0.53488372093,0.534482758621,0.521739130435,0.5,0.5,0.578947368421,0.44262295082,0.54347826087,0.444444444444,0.625,0.54347826087,0.583333333333,0.5,0.596153846154,0.450980392157,0.603773584906,0.403846153846,0.404255319149,0.379310344828,0.467741935484,0.472727272727,0.610169491525,0.339622641509,0.4,0.62962962963,0.612244897959,0.380952380952,0.368421052632,0.468085106383,0.489361702128,0.487804878049,0.433333333333,0.461538461538,0.415384615385,0.392857142857,0.446808510638,0.529411764706,0.461538461538,0.517857142857,0.5,0.519230769231,0.537313432836,0.51724137931,0.453125,0.472727272727,0.622641509434,0.48,0.6,0.44,0.520833333333,0.603448275862,0.383333333333,0.40350877193,0.526315789474,0.459459459459,0.358974358974,0.46,0.325581395349,0.521739130435,0.565217391304,0.555555555556,0.555555555556,0.464285714286,0.63829787234,0.403846153846,0.5,0.588235294118,0.509433962264,0.4,0.467741935484,0.459016393443,0.535714285714,0.46875,0.47619047619,0.438596491228,0.566037735849,0.491803278689,0.515625,0.604651162791,0.613636363636,0.566037735849,0.490909090909,0.482142857143,0.507462686567,0.5,0.438356164384,0.516666666667,0.5,0.614035087719,0.533333333333,0.549019607843,0.47619047619,0.477272727273,0.487804878049,0.619047619048,0.450980392157,0.521739130435,0.416666666667,0.470588235294,0.56,0.472727272727,0.5,0.559322033898,0.555555555556,0.459016393443,0.545454545455,0.5,0.367346938776,0.508474576271,0.477611940299,0.490909090909,0.452380952381,0.627118644068,0.459016393443,0.508474576271,0.553191489362,0.434782608696,0.408163265306,0.470588235294,0.5,0.515625,0.55737704918,0.555555555556,0.535714285714,0.5,0.444444444444,0.469387755102,0.604651162791,0.477272727273,0.415094339623,0.375,0.36,0.479166666667,0.5625,0.553571428571,0.489361702128,0.509090909091,0.469387755102,0.489361702128,0.538461538462,0.666666666667,0.428571428571,0.46511627907,0.475,0.385964912281,0.4375,0.479166666667,0.379310344828,0.538461538462,0.470588235294,0.545454545455,0.36,0.564516129032,0.593220338983,0.5,0.578947368421,0.56862745098,0.436363636364,0.460317460317,0.566037735849,0.5,0.557692307692,0.489361702128,0.536585365854,0.555555555556,0.463414634146,0.567567567568,0.595744680851,0.510204081633,0.452380952381,0.46875,0.409090909091,0.574074074074,0.5,0.396226415094,0.4375,0.577777777778,0.382978723404,0.5,0.657894736842,0.527272727273,0.416666666667,0.452380952381,0.390243902439,0.410714285714,0.415094339623,0.634146341463,0.645833333333,0.659574468085,0.5,0.482142857143,0.5,0.547169811321,0.604166666667,0.54347826087,0.6,0.56,0.583333333333,0.531914893617,0.46,0.468085106383,0.472727272727,0.640625,0.568181818182,0.380952380952,0.454545454545,0.444444444444,0.436363636364,0.462962962963,0.611111111111,0.566037735849,0.568181818182,0.535714285714,0.604651162791,0.387755102041,0.549019607843,0.5,0.466666666667,0.566037735849,0.679245283019,0.44262295082,0.431034482759,0.44,0.617021276596,0.347826086957,0.425531914894,0.488888888889,0.642857142857,0.594594594595,0.568181818182,0.630434782609,0.333333333333,0.48,0.47619047619,0.529411764706,0.46511627907,0.463414634146,0.469387755102,0.54347826087,0.5,0.666666666667,0.58,0.512195121951,0.441860465116,0.421052631579,0.48,0.459459459459,0.603448275862,0.46511627907,0.546875,0.65,0.529411764706,0.442307692308,0.520833333333,0.5,0.411764705882,0.522727272727,0.470588235294,0.471698113208,0.508771929825,0.535714285714,0.533333333333,0.536585365854,0.591836734694,0.547619047619,0.47619047619,0.466666666667,0.589743589744,0.675675675676,0.595238095238,0.477272727273,0.410714285714,0.477272727273,0.333333333333,0.381818181818,0.377777777778,0.45652173913,0.365853658537,0.35,0.390243902439,0.657142857143,0.513513513514,0.485714285714,0.488888888889,0.451612903226,0.461538461538,0.444444444444,0.491228070175,0.534482758621,0.428571428571,0.428571428571,0.365853658537,0.461538461538,0.407407407407,0.521739130435,0.612244897959,0.655172413793,0.590163934426,0.611111111111,0.465517241379,0.450980392157,0.545454545455,0.647058823529,0.558139534884,0.5,0.491228070175,0.410256410256,0.5,0.43137254902,0.564102564103,0.659090909091,0.442307692308,0.475409836066,0.416666666667,0.560975609756,0.411764705882,0.369565217391,0.538461538462,0.549019607843,0.592592592593,0.553571428571,0.436363636364,0.479166666667,0.471698113208,0.540983606557,0.529411764706,0.422222222222,0.365853658537,0.571428571429,0.470588235294,0.488888888889,0.568965517241,0.4375,0.618181818182,0.531914893617,0.517857142857,0.42,0.56,0.55737704918,0.566037735849,0.382352941176,0.491525423729,0.488888888889,0.569230769231,0.518518518519,0.454545454545,0.446428571429,0.446428571429,0.441860465116,0.53488372093,0.431818181818,0.568181818182,0.552631578947,0.571428571429,0.545454545455,0.528301886792,0.450980392157,0.645161290323,0.5625,0.931034482759,0.561403508772,0.544117647059,0.531914893617,0.413043478261,0.490196078431,0.375,0.616666666667,0.458333333333,0.5,0.568181818182,0.488888888889,0.542857142857,0.4375,0.446808510638,0.75,0.5,0.5,0.382352941176,0.594594594595,0.446428571429,0.464285714286,0.402985074627,0.522727272727,0.472222222222,0.507936507937,0.478260869565,0.456140350877,0.512195121951,0.571428571429,0.569444444444,0.47619047619,0.5,0.325581395349,0.588235294118,0.533333333333,0.487804878049,0.477272727273,0.581818181818,0.5,0.636363636364,0.547619047619,0.636363636364,0.530612244898,0.5,0.489795918367,0.675,0.447368421053,0.527777777778,0.435897435897,0.520833333333,0.461538461538,0.480769230769,0.567567567568,0.53488372093,0.6,0.471698113208,0.714285714286,0.785714285714,0.543859649123,0.627906976744,0.723404255319,0.744680851064,0.53488372093,0.588235294118,0.516666666667,0.627450980392,0.444444444444,0.473684210526,0.459459459459,0.520833333333,0.540540540541,0.51724137931,0.617647058824,0.517857142857,0.491803278689,0.447368421053,0.709677419355,0.43137254902,0.491525423729,0.438596491228,0.475,0.569230769231,0.36170212766,0.531914893617,0.511111111111,0.647058823529,0.4,0.581395348837,0.591836734694,0.6,0.56,0.526315789474,0.314814814815,0.5,0.47619047619,0.526315789474,0.423076923077,0.491803278689,0.538461538462,0.418604651163,0.555555555556,0.571428571429,0.5,0.605263157895,0.641509433962,0.5,0.490566037736,0.592592592593,0.604651162791,0.529411764706,0.4,0.423076923077,0.509433962264,0.5,0.446808510638,0.454545454545,0.571428571429,0.519230769231,0.431034482759,0.47619047619,0.415094339623,0.611111111111,0.608695652174,0.651162790698,0.541666666667,0.391304347826,0.454545454545,0.446808510638,0.521739130435,0.388888888889,0.292682926829,0.581395348837,0.454545454545,0.566037735849,0.5625,0.396551724138,0.461538461538,0.509803921569,0.508196721311,0.577777777778,0.557142857143,0.457627118644,0.421052631579,0.53125,0.469387755102,0.518518518519,0.446808510638,0.521739130435,0.444444444444,0.369565217391,0.551724137931,0.583333333333,0.520833333333,0.547619047619,0.571428571429,0.470588235294,0.538461538462,0.454545454545,0.470588235294,0.521739130435,0.444444444444,0.589743589744,0.5,0.536585365854,0.657894736842,0.65306122449,0.468085106383,0.585365853659,0.518518518519,0.441860465116,0.484848484848,0.527777777778,0.444444444444,0.492753623188,0.564516129032,0.528301886792,0.526315789474,0.509803921569,0.508771929825,0.574074074074,0.489795918367,0.592592592593,0.464285714286,0.455882352941,0.360655737705,0.45,0.5,0.538461538462,0.428571428571,0.357142857143,0.51724137931,0.578947368421,0.5,0.509090909091,0.591836734694,0.282051282051,0.5,0.525423728814,0.551724137931,0.584905660377,0.327272727273,0.483870967742,0.578947368421,0.5,0.48275862069,0.586956521739,0.321428571429,0.536585365854,0.488372093023,0.434782608696,0.468085106383,0.540983606557,0.527777777778,0.5,0.47619047619,0.593220338983,0.387755102041,0.516129032258,0.441176470588,0.508196721311,0.571428571429,0.5625,0.452380952381,0.432432432432,0.5,0.533333333333,0.527272727273,0.333333333333,0.525,0.444444444444,0.5,0.409090909091,0.446808510638,0.536585365854,0.553191489362,0.558139534884,0.409090909091,0.465517241379,0.586956521739,0.584905660377,0.642857142857,0.561403508772,0.55,0.612244897959,0.442307692308,0.517857142857,0.557692307692,0.555555555556,0.460526315789,0.453125,0.517857142857,0.44262295082,0.5,0.506493506494,0.485294117647,0.45,0.516129032258,0.51724137931,0.448275862069,0.55737704918,0.575,0.466666666667,0.384615384615,0.480769230769,0.444444444444,0.421875,0.466666666667,0.529411764706,0.5,0.56,0.521739130435,0.511111111111,0.54,0.485714285714,0.518518518519,0.509433962264,0.459459459459,0.526315789474,0.568181818182,0.438596491228,0.434782608696,0.446808510638,0.631578947368,0.479166666667,0.510204081633,0.551724137931,0.53488372093,0.542372881356,0.642857142857,0.615384615385,0.565217391304,0.563636363636,0.507246376812,0.521739130435,0.660377358491,0.627450980392,0.571428571429,0.475,0.468085106383,0.487804878049,0.545454545455,0.485714285714,0.549019607843,0.589743589744,0.589743589744,0.5,0.508771929825,0.56,0.641509433962,0.423728813559,0.360655737705,0.515625,0.491803278689,0.51724137931,0.561403508772,0.481481481481,0.58064516129,0.4,0.469387755102,0.555555555556,0.5,0.553191489362,0.591836734694,0.5,0.5,0.5625,0.615384615385,0.552631578947,0.387755102041,0.535714285714,0.508474576271,0.454545454545,0.607142857143,0.404255319149,0.46511627907,0.468085106383,0.6,0.53488372093,0.531914893617,0.54347826087,0.657142857143,0.615384615385,0.372549019608,0.5,0.448979591837,0.552631578947,0.52,0.434782608696,0.526315789474,0.447368421053,0.413043478261,0.483333333333,0.574468085106,0.46511627907,0.469387755102,0.565217391304,0.531914893617,0.394736842105,0.487804878049,0.54,0.442307692308,0.440677966102,0.52,0.405405405405,0.5,0.5,0.384615384615,0.41935483871,0.333333333333,0.403846153846,0.659090909091,0.461538461538,0.431818181818,0.59649122807,0.490909090909,0.568181818182,0.533333333333,0.541666666667,0.627450980392,0.518518518519,0.4,0.466666666667,0.534482758621,0.517857142857,0.686274509804,0.459016393443,0.4,0.466666666667,0.472727272727,0.51724137931,0.59375,0.560975609756,0.446808510638,0.326530612245,0.43137254902,0.5,0.407407407407,0.516666666667,0.436363636364,0.371428571429,0.521739130435,0.565217391304,0.509433962264,0.509803921569,0.345454545455,0.4375,0.487804878049,0.448979591837,0.622222222222,0.645833333333,0.6875,0.452830188679,0.293103448276,0.5,0.378378378378,0.333333333333,0.548387096774,0.46875,0.492307692308,0.413043478261,0.489361702128,0.447368421053,0.545454545455,0.63829787234,0.404255319149,0.634146341463,0.403846153846,0.549019607843,0.491803278689,0.320754716981,0.490566037736,0.4,0.472222222222,0.5,0.5625,0.404255319149,0.416666666667,0.528301886792,0.545454545455,0.543859649123,0.441860465116,0.428571428571,0.52,0.444444444444,0.454545454545,0.43137254902,0.490909090909,0.574074074074,0.418181818182,0.551020408163,0.512195121951,0.533333333333,0.5,0.464285714286,0.454545454545,0.564102564103,0.388888888889,0.34,0.5,0.384615384615,0.510638297872,0.463414634146,0.510638297872,0.529411764706,0.65625,0.5,0.45652173913,0.371428571429,0.446808510638,0.434782608696,0.488372093023,0.464285714286,0.487179487179,0.454545454545,0.433333333333,0.537037037037,0.586956521739,0.549019607843,0.487804878049,0.452380952381,0.509433962264,0.65306122449,0.515151515152,0.428571428571,0.529411764706,0.509433962264,0.5,0.439024390244,0.390243902439,0.523076923077,0.660377358491,0.560975609756,0.386363636364,0.617021276596,0.518518518519,0.537313432836,0.508196721311,0.441860465116,0.46,0.473684210526,0.5,0.459016393443,0.382978723404,0.45652173913,0.530612244898,0.520833333333,0.512195121951,0.425925925926,0.508196721311,0.422222222222,0.485714285714,0.434782608696,0.557692307692,0.482142857143,0.525,0.450980392157,0.5,0.479166666667,0.575,0.58,0.625,0.5,0.522727272727,0.521739130435,0.466666666667,0.428571428571,0.558823529412,0.543859649123,0.431818181818,0.438596491228,0.510638297872,0.574074074074,0.391304347826,0.603448275862,0.418604651163,0.47619047619,0.655172413793,0.62962962963,0.6,0.404761904762,0.468085106383,0.637931034483,0.617647058824,0.6,0.71875,0.423076923077,0.361111111111,0.372549019608,0.31914893617,0.551724137931,0.333333333333,0.44,0.534482758621,0.48,0.578125,0.524590163934,0.5,0.882352941176,0.95652173913,0.739130434783,0.489795918367,0.510204081633,0.68085106383,0.533333333333,0.403846153846,0.615384615385,0.36170212766,0.56862745098,0.510204081633,0.533333333333,0.5,0.657894736842,0.619047619048,0.365853658537,0.441860465116,0.456140350877,0.555555555556,0.444444444444,0.515625,0.527777777778,0.531914893617,0.475409836066,0.622641509434,0.537037037037,0.479166666667,0.5,0.566037735849,0.483870967742,0.482142857143,0.441860465116,0.527272727273,0.589743589744,0.5,0.565217391304,0.451612903226,0.533333333333,0.448275862069,0.461538461538,0.416666666667,0.5,0.592592592593,0.5,0.469696969697,0.452380952381,0.481481481481,0.5,0.425531914894,0.52380952381,0.612244897959,0.458333333333,0.482142857143,0.618181818182,0.614035087719,0.53488372093,0.56,0.6,0.487179487179,0.532258064516,0.5,0.574074074074,0.409090909091,0.604651162791,0.542372881356,0.442307692308,0.527272727273,0.584905660377,0.491228070175,0.565217391304,0.6,0.512820512821,0.4,0.54347826087,0.608695652174,0.448979591837,0.51724137931,0.530612244898,0.550724637681,0.407407407407,0.408163265306,0.442307692308,0.43137254902,0.392857142857,0.354166666667,0.452380952381,0.6875,0.384615384615,0.44,0.5625,0.5,0.576923076923,0.404761904762,0.5625,0.477272727273,0.538461538462,0.5,0.471698113208,0.409836065574,0.463414634146,0.520833333333,0.529411764706,0.566666666667,0.507042253521,0.387755102041,0.454545454545,0.606557377049,0.622950819672,0.6,0.51724137931,0.566666666667,0.558823529412,0.509433962264,0.415094339623,0.466666666667,0.404761904762,0.541666666667,0.510638297872,0.539682539683,0.489361702128,0.53125,0.549019607843,0.620689655172,0.6,0.473684210526,0.564516129032,0.430555555556,0.54347826087,0.588235294118,0.631578947368,0.533333333333,0.555555555556,0.440677966102,0.480769230769,0.340425531915,0.44,0.489361702128,0.591836734694,0.5,0.48275862069,0.456140350877,0.466666666667,0.595744680851,0.448979591837,0.575757575758,0.527777777778,0.54,0.464285714286,0.6,0.681818181818,0.507692307692,0.605263157895,0.459016393443,0.631578947368,0.41935483871,0.372549019608,0.522727272727,0.477272727273,0.454545454545,0.577777777778,0.428571428571,0.59375,0.418181818182,0.415094339623,0.571428571429,0.446808510638,0.54,0.436363636364,0.52380952381,0.431818181818,0.52380952381,0.45,0.480769230769,0.471698113208,0.442307692308,0.508196721311,0.472727272727,0.531914893617,0.5,0.641509433962,0.627906976744,0.54,0.509803921569,0.552631578947,0.486486486486,0.536585365854,0.561403508772,0.415384615385,0.470588235294,0.423076923077,0.515625,0.463768115942,0.469696969697,0.288461538462,0.430379746835,0.522388059701,0.394736842105,0.457142857143,0.578947368421,0.507692307692,0.441860465116,0.46511627907,0.5,0.44262295082,0.515151515152,0.588235294118,0.486486486486,0.617021276596,0.581395348837,0.56862745098,0.36170212766,0.62962962963,0.415094339623,0.354166666667,0.557692307692,0.51724137931,0.5,0.520833333333,0.482142857143,0.444444444444,0.526315789474,0.509090909091,0.395348837209,0.387755102041,0.56862745098,0.648148148148,0.45,0.416666666667,0.455882352941,0.365384615385,0.5,0.352941176471,0.475409836066,0.480769230769,0.431818181818,0.428571428571,0.576923076923,0.565217391304,0.575757575758,0.590909090909,0.558139534884,0.5,0.607142857143,0.4,0.345454545455,0.576271186441,0.576271186441,0.473684210526,0.471698113208,0.490909090909,0.677966101695,0.519230769231,0.448275862069,0.434782608696,0.545454545455,0.482142857143,0.490566037736,0.538461538462,0.479166666667,0.581395348837,0.548387096774,0.558823529412,0.555555555556,0.559322033898,0.439024390244,0.484848484848,0.661016949153,0.480769230769,0.40350877193,0.459016393443,0.418181818182,0.490566037736,0.551724137931,0.489795918367,0.482142857143,0.406779661017,0.488372093023,0.557692307692,0.509090909091,0.477611940299,0.6,0.644444444444,0.613636363636,0.5,0.507936507937,0.684210526316,0.574468085106,0.46,0.509803921569,0.539682539683,0.547169811321,0.666666666667,0.482142857143,0.596153846154,0.411764705882,0.468085106383,0.531914893617,0.5,0.571428571429,0.478260869565,0.446808510638,0.517857142857,0.581818181818,0.6,0.42,0.681818181818,0.5,0.52,0.4,0.560975609756,0.478260869565,0.489361702128,0.478260869565,0.416666666667,0.519230769231,0.464285714286,0.446153846154,0.6,0.560975609756,0.447368421053,0.6,0.576271186441,0.666666666667,0.44,0.574074074074,0.603448275862,0.555555555556,0.526315789474,0.384615384615,0.491803278689,0.522388059701,0.525,0.6,0.512195121951,0.479166666667,0.511627906977,0.6,0.608695652174,0.363636363636,0.625,0.345454545455,0.568965517241,0.5,0.344827586207,0.433333333333,0.479166666667,0.555555555556,0.487804878049,0.439024390244,0.519230769231,0.392857142857,0.452830188679,0.4,0.48275862069,0.5,0.468085106383,0.431818181818,0.524590163934,0.461538461538,0.5,0.4375,0.530303030303,0.568181818182,0.575,0.583333333333,0.642857142857,0.368421052632,0.528301886792,0.48,0.472727272727,0.563636363636,0.551020408163,0.466666666667,0.4375,0.5,0.56862745098,0.442307692308,0.465517241379,0.571428571429,0.475,0.35,0.391304347826,0.564102564103,0.622222222222,0.609756097561,0.53488372093,0.6875,0.571428571429,0.38,0.507692307692,0.586206896552,0.525423728814,0.491803278689,0.392156862745,0.450980392157,0.6,0.380952380952,0.5625,0.5,0.468085106383,0.428571428571,0.442307692308,0.630434782609,0.448979591837,0.5,0.509090909091,0.576923076923,0.333333333333,0.448979591837,0.410714285714,0.448275862069,0.560975609756,0.48,0.595238095238,0.48,0.612903225806,0.59375,0.488372093023,0.607142857143,0.6,0.48275862069,0.55,0.590909090909,0.625,0.56,0.386363636364,0.54,0.6,0.575757575758,0.511627906977,0.604651162791,0.489795918367,0.571428571429,0.581818181818,0.514285714286,0.415094339623,0.509803921569,0.620689655172,0.573529411765,0.595505617978,0.663793103448,0.68932038835,0.662921348315,0.575342465753,0.511627906977,0.553846153846,0.415094339623,0.541666666667,0.444444444444,0.55737704918,0.452830188679,0.527272727273,0.509090909091,0.491228070175,0.568965517241,0.596153846154,0.590909090909,0.558139534884,0.42,0.454545454545,0.578947368421,0.391304347826,0.517857142857,0.490566037736,0.564102564103,0.563636363636,0.553571428571,0.5,0.655172413793,0.521739130435,0.439024390244,0.6,0.480519480519,0.53125,0.535714285714,0.511111111111,0.512820512821,0.516129032258,0.818181818182,0.416666666667,0.5,0.4375,0.450980392157,0.375,0.615384615385,0.396226415094,0.4,0.442307692308,0.415094339623,0.621212121212,0.605633802817,0.536585365854,0.488372093023,0.53125,0.608695652174,0.6,0.510638297872,0.62,0.525,0.565217391304,0.393939393939,0.380281690141,0.708333333333,0.66,0.511111111111,0.52380952381,0.536585365854,0.536585365854,0.365853658537,0.390243902439,0.404761904762,0.416666666667,0.508196721311,0.489795918367,0.534482758621,0.517857142857,0.527272727273,0.558139534884,0.510204081633,0.58,0.596153846154,0.491228070175,0.549019607843,0.528301886792,0.5,0.43137254902,0.42,0.441860465116,0.454545454545,0.475,0.525,0.507246376812,0.571428571429,0.537037037037,0.508196721311,0.507246376812,0.454545454545,0.444444444444,0.432432432432,0.477272727273,0.595238095238,0.6,0.395833333333,0.576271186441,0.425531914894,0.439024390244,0.571428571429,0.51724137931,0.543859649123,0.527777777778,0.472727272727,0.5,0.487804878049,0.512195121951,0.5,0.409090909091,0.424242424242,0.63829787234,0.475,0.396226415094,0.491525423729,0.55,0.423728813559,0.578947368421,0.431034482759,0.527272727273,0.642857142857,0.455882352941,0.425531914894,0.512195121951,0.46875,0.491525423729,0.394736842105,0.454545454545,0.530612244898,0.519230769231,0.566037735849,0.555555555556,0.56862745098,0.46,0.423728813559,0.410256410256,0.515151515152,0.511111111111,0.558823529412,0.571428571429,0.457627118644,0.548387096774,0.491803278689,0.481481481481,0.4,0.435897435897,0.457627118644,0.509090909091,0.536585365854,0.448275862069,0.586956521739,0.482142857143,0.565217391304,0.407407407407,0.441860465116,0.490196078431,0.5,0.508474576271,0.659574468085,0.574074074074,0.421052631579,0.406779661017,0.571428571429,0.441860465116,0.6,0.509803921569,0.482142857143,0.525423728814,0.509803921569,0.470588235294,0.702702702703,0.416666666667,0.439024390244,0.477272727273,0.581818181818,0.795918367347,0.457627118644,0.536585365854,0.390243902439,0.526315789474,0.486486486486,0.441860465116,0.541666666667,0.43137254902,0.541666666667,0.5,0.527272727273,0.426229508197,0.384615384615,0.54347826087,0.466666666667,0.51724137931,0.636363636364,0.393442622951,0.418604651163,0.46511627907,0.545454545455,0.589285714286,0.617021276596,0.511627906977,0.519230769231,0.507042253521,0.56,0.590163934426,0.574074074074,0.454545454545,0.510638297872,0.459459459459,0.608695652174,0.482142857143,0.454545454545,0.577777777778,0.409090909091,0.615384615385,0.326086956522,0.510638297872,0.470588235294,0.394736842105,0.692307692308,0.578947368421,0.533333333333,0.380952380952,0.418604651163,0.520833333333,0.421052631579,0.489361702128,0.509803921569,0.559322033898,0.51724137931,0.416666666667,0.563636363636,0.741935483871,0.590909090909,0.454545454545,0.375,0.591836734694,0.520833333333,0.557692307692,0.5,0.5,0.5,0.358974358974,0.5625,0.593220338983,0.611111111111,0.702127659574,0.595238095238,0.510638297872,0.588235294118,0.540540540541,0.340425531915,0.351851851852,0.444444444444,0.51724137931,0.552631578947,0.45,0.617647058824,0.575757575758,0.617021276596,0.524590163934,0.406779661017,0.576923076923,0.574074074074,0.360655737705,0.474576271186,0.425531914894,0.542857142857,0.564102564103,0.53488372093,0.446428571429,0.470588235294,0.450980392157,0.434782608696,0.434782608696,0.527777777778,0.473684210526,0.545454545455,0.46511627907,0.4,0.42,0.472727272727,0.457142857143,0.396551724138,0.344827586207,0.5,0.515151515152,0.5,0.523076923077,0.486486486486,0.375,0.486486486486,0.402985074627,0.454545454545,0.363636363636,0.605263157895,0.487179487179,0.525,0.444444444444,0.531914893617,0.549019607843,0.54,0.666666666667,0.372881355932,0.444444444444,0.489795918367,0.48,0.3,0.432835820896,0.521739130435,0.59375,0.448275862069,0.534482758621,0.583333333333,0.46511627907,0.403846153846,0.545454545455,0.396825396825,0.510638297872,0.491525423729,0.516666666667,0.543859649123,0.438596491228,0.369565217391,0.557692307692,0.566037735849,0.4375,0.428571428571,0.531914893617,0.4,0.491525423729,0.452830188679,0.436363636364,0.444444444444,0.488888888889,0.446428571429,0.7,0.862068965517,0.509803921569,0.447368421053,0.428571428571,0.5,0.558139534884,0.394736842105,0.5,0.386363636364,0.333333333333,0.566666666667,0.452830188679,0.534482758621,0.422222222222,0.617647058824,0.4,0.457627118644,0.462962962963,0.46,0.392156862745,0.655737704918,0.589285714286,0.446428571429,0.475,0.588235294118,0.538461538462,0.422222222222,0.480769230769,0.583333333333,0.6,0.675,0.577777777778,0.52,0.5,0.426470588235,0.548387096774,0.6,0.558823529412,0.428571428571,1.0,0.588235294118,0.578947368421,0.450980392157,0.5625,0.47619047619,0.483333333333,0.604166666667,0.551020408163,0.575757575758,0.625,0.387096774194,0.44,0.46,0.55737704918,0.46,0.414634146341,0.517857142857,0.518518518519,0.515151515152,0.487179487179,0.64,0.489361702128,0.363636363636,0.666666666667,0.432432432432,0.578947368421,0.518518518519,0.769230769231,0.685714285714,0.641025641026,0.454545454545,0.533333333333,0.43137254902,0.509433962264,0.591836734694,0.489361702128,0.608695652174,0.58064516129,0.4,0.43137254902,0.46511627907,0.555555555556,0.535714285714,0.507462686567,0.490909090909,0.568181818182,0.511627906977,0.388888888889,0.571428571429,0.404255319149,0.571428571429,0.555555555556,0.612903225806,0.5625,0.425925925926,0.425925925926,0.529411764706,0.510638297872,0.425531914894,0.462962962963,0.440677966102,0.538461538462,0.576271186441,0.54,0.40625,0.446428571429,0.52,0.408163265306,0.44,0.428571428571,0.508771929825,0.453125,0.477611940299,0.360655737705,0.489795918367,0.552631578947,0.545454545455,0.54347826087,0.545454545455,0.54347826087,0.5,0.484848484848,0.566037735849,0.509433962264,0.576923076923,0.327586206897,0.414634146341,0.479166666667,0.449275362319,0.411764705882,0.410714285714,0.309523809524,0.461538461538,0.641025641026,0.516129032258,0.625,0.58064516129,0.387096774194,0.461538461538,0.557692307692,0.488372093023,0.547169811321,0.63829787234,0.36170212766,0.411764705882,0.456140350877,0.632653061224,0.367346938776,0.461538461538,0.541666666667,0.52,0.555555555556,0.473684210526,0.515151515152,0.56,0.517857142857,0.529411764706,0.446428571429,0.4,0.615384615385,0.52380952381,0.531914893617,0.450980392157,0.458333333333,0.434782608696,0.473684210526,0.489795918367,0.525,0.428571428571,0.558139534884,0.535714285714,0.6,0.380952380952,0.414634146341,0.509803921569,0.527777777778,0.595744680851,0.4,0.425531914894,0.574468085106,0.490566037736,0.490566037736,0.491228070175,0.466666666667,0.387096774194,0.44,0.553191489362,0.576271186441,0.533333333333,0.508474576271,0.433333333333,0.525423728814,0.619047619048,0.589285714286,0.565217391304,0.588235294118,0.474576271186,0.416666666667,0.484848484848,0.578947368421,0.454545454545,0.489795918367,0.5,0.472727272727,0.529411764706,0.574468085106,0.490909090909,0.44,0.490566037736,0.491525423729,0.596153846154,0.526315789474,0.490909090909,0.542372881356,0.436363636364,0.553571428571,0.53488372093,0.5,0.435897435897,0.617021276596,0.452830188679,0.342105263158,0.489795918367,0.564102564103,0.42,0.578947368421,0.510204081633,0.452380952381,0.418604651163,0.285714285714,0.553571428571,0.5,0.512820512821,0.551020408163,0.5,0.590909090909,0.5,0.632653061224,0.404255319149,0.478260869565,0.529411764706,0.44,0.647058823529,0.432835820896,0.5,0.466666666667,0.622222222222,0.469696969697,0.545454545455,0.410256410256,0.518518518519,0.596153846154,0.48,0.571428571429,0.531914893617,0.538461538462,0.560975609756,0.617647058824,0.5,0.324324324324,0.492307692308,0.681818181818,0.463414634146,0.4,0.413043478261,0.389830508475,0.425531914894,0.5,0.528301886792,0.521739130435,0.416666666667,0.5,0.542857142857,0.432432432432,0.55,0.510204081633,0.530612244898,0.4,0.531914893617,0.514285714286,0.564102564103,0.488888888889,0.509433962264,0.654545454545,0.476923076923,0.463414634146,0.588235294118,0.454545454545,0.519230769231,0.448275862069,0.648648648649,0.549019607843,0.4,0.545454545455,0.404255319149,0.54347826087,0.58064516129,0.380952380952,0.581395348837,0.40625,0.58064516129,0.48,0.561403508772,0.487804878049,0.395833333333,0.489795918367,0.521739130435,0.5,0.538461538462,0.461538461538,0.617021276596,0.571428571429,0.507692307692,0.468085106383,0.413043478261,0.521739130435,0.5,0.58,0.408163265306,0.491228070175,0.482142857143,0.5,0.55,0.4,0.54347826087,0.5,0.545454545455,0.510638297872,0.447368421053,0.474576271186,0.612244897959,0.613636363636,0.565217391304,0.487179487179,0.479166666667,0.557692307692,0.452380952381,0.48,0.558823529412,0.576923076923,0.521739130435,0.423076923077,0.567567567568,0.489361702128,0.491228070175,0.569230769231,0.490196078431,0.450980392157,0.5,0.704545454545,0.607843137255,0.620689655172,0.396226415094,0.538461538462,0.622641509434,0.654545454545,0.347826086957,0.42,0.571428571429,0.55,0.454545454545,0.547619047619,0.512820512821,0.424242424242,0.434782608696,0.479166666667,0.642857142857,0.583333333333,0.367346938776,0.431034482759,0.392857142857,0.588235294118,0.711111111111,0.679245283019,0.454545454545,0.46875,0.55223880597,0.516666666667,0.472727272727,0.56,0.37037037037,0.425531914894,0.549019607843,0.471698113208,0.54,0.46511627907,0.46511627907,0.490566037736,0.294117647059,0.555555555556,0.596153846154,0.564102564103,0.425531914894,0.545454545455,0.526315789474,0.387755102041,0.529411764706,0.181818181818,0.56,0.422222222222,0.55223880597,0.448979591837,0.510638297872,0.48,0.396551724138,0.525,0.372881355932,0.409090909091,0.512820512821,0.538461538462,0.413043478261,0.5,0.480769230769,0.507692307692,0.473684210526,0.47619047619,0.5,0.478260869565,0.469387755102,0.48,0.490909090909,0.454545454545,0.488888888889,0.509433962264,0.655172413793,0.430769230769,0.592592592593,0.654545454545,0.432432432432,0.446428571429,0.509803921569,0.571428571429,0.451612903226,0.446808510638,0.444444444444,0.634146341463,0.634146341463,0.478260869565,0.586206896552,0.478260869565,0.509803921569,0.578947368421,0.446808510638,0.470588235294,0.416666666667,0.545454545455,0.5,0.447368421053,0.544117647059,0.341463414634,0.5,0.565217391304,0.627906976744,0.571428571429,0.559322033898,0.446808510638,0.5,0.48,0.473684210526,0.5,0.565217391304,0.518518518519,0.422222222222,0.444444444444,0.371428571429,0.527777777778,0.583333333333,0.35,0.423076923077,0.311111111111,0.478260869565,0.571428571429,0.56,0.5,0.528301886792,0.55,0.384615384615,0.526315789474,0.540540540541,0.425531914894,0.511627906977,0.421052631579,0.545454545455,0.54347826087,0.442857142857,0.463768115942,0.435897435897,0.611111111111,0.45652173913,0.378378378378,0.384615384615,0.5,0.446428571429,0.529411764706,0.5,0.490909090909,0.294117647059,0.354166666667,0.557692307692,0.510204081633,0.514285714286,0.509803921569,0.450980392157,0.755555555556,0.461538461538,0.529411764706,0.529411764706,0.542372881356,0.366666666667,0.5,0.382978723404,0.551020408163,0.463414634146,0.480769230769,0.477272727273,0.5,0.4375,0.619047619048,0.428571428571,0.52,0.461538461538,0.545454545455,0.617021276596,0.617647058824,0.558139534884,0.43137254902,0.52,0.622222222222,0.555555555556,0.534482758621,0.620689655172,0.541666666667,0.392156862745,0.549019607843,0.588235294118,0.560975609756,0.484848484848,0.55,0.514285714286,0.486486486486,0.5,0.411764705882,0.551724137931,0.596774193548,0.464285714286,0.526315789474,0.549019607843,0.403846153846,0.779661016949,0.525,0.432432432432,0.551020408163,0.578947368421,0.407407407407,0.487804878049,0.352941176471,0.520833333333,0.627906976744,0.540540540541,0.486486486486,0.475,0.483870967742,0.538461538462,0.491525423729,0.574074074074,0.489361702128,0.487179487179,0.441860465116,0.466666666667,0.557692307692,0.549019607843,0.421052631579,0.48,0.53488372093,0.45,0.418604651163,0.604651162791,0.63829787234,0.657894736842,0.309523809524,0.372093023256,0.444444444444,0.553571428571,0.606060606061,0.377777777778,0.532258064516,0.5,0.507936507937,0.488888888889,0.470588235294,0.28125,0.396226415094,0.47619047619,0.545454545455,0.433962264151,0.517857142857,0.577777777778,0.452830188679,0.666666666667,0.648648648649,0.581818181818,0.46,0.528301886792,0.470588235294,0.363636363636,0.471698113208,0.5,0.466666666667,0.34693877551,0.52,0.568181818182,0.423728813559,0.603773584906,0.625,0.440677966102,0.525,0.425,0.454545454545,0.545454545455,0.513888888889,0.538461538462,0.634146341463,0.43137254902,0.589743589744,0.5,0.508474576271,0.458333333333,0.5,0.545454545455,0.512195121951,0.483870967742,0.452380952381,0.516129032258,0.526315789474,0.413793103448,0.433333333333,0.368421052632,0.5,0.5,0.354838709677,0.5,0.448275862069,0.484848484848,0.521739130435,0.382352941176,0.509803921569,0.379310344828,0.536585365854,0.53125,0.535714285714,0.519230769231,0.518518518519,0.477272727273,0.444444444444,0.5,0.633333333333,0.571428571429,0.459459459459,0.571428571429,0.519230769231,0.516129032258,0.486486486486,0.511111111111,0.657894736842,0.5,0.571428571429,0.472727272727,0.450980392157,0.311111111111,0.56862745098,0.491803278689,0.5,0.44,0.228571428571,0.36,0.584905660377,0.588235294118,0.571428571429,0.423076923077,0.352941176471,0.5,0.487804878049,0.647058823529,0.560975609756,0.5,0.529411764706,0.564102564103,0.4375,0.527272727273,0.58,0.487804878049,0.4,0.52380952381,0.549019607843,0.461538461538,0.421052631579,0.555555555556,0.592592592593,0.468085106383,0.470588235294,0.541666666667,0.486486486486,0.517857142857,0.471428571429,0.392156862745,0.568181818182,0.444444444444,0.404761904762,0.451612903226,0.586956521739,0.548387096774,0.542857142857,0.563636363636,0.552631578947,0.5,0.417910447761,0.512820512821,0.450980392157,0.5,0.547169811321,0.530612244898,0.451612903226,0.472222222222,0.5625,0.444444444444,0.472222222222,0.54347826087,0.465517241379,0.315789473684,0.51724137931,0.576923076923,0.521739130435,0.46,0.46,0.470588235294,0.489795918367,0.468085106383,0.442307692308,0.461538461538,0.514285714286,0.425,0.434782608696,0.446808510638,0.528301886792,0.5,0.459459459459,0.43137254902,0.536585365854,0.410256410256,0.558823529412,0.539682539683,0.444444444444,0.5,0.333333333333,0.434782608696,0.575,0.531914893617,0.558139534884,0.560975609756,0.4,0.569230769231,0.558823529412,0.568181818182,0.566037735849,0.51724137931,0.396551724138,0.529411764706,0.551020408163,0.415094339623,0.509090909091,0.592592592593,0.666666666667,0.333333333333,0.545454545455,0.511627906977,0.571428571429,0.44,0.490196078431,0.488888888889,0.535714285714,0.415094339623,0.649122807018,0.55223880597,0.707317073171,0.536585365854,0.604166666667,0.462686567164,0.45652173913,0.461538461538,0.528301886792,0.5,0.512195121951,0.41935483871,0.526315789474,0.369565217391,0.587301587302,0.358490566038,0.538461538462,0.5,0.630769230769,0.491228070175,0.518518518519,0.5,0.45,0.54347826087,0.4,0.418604651163,0.487179487179,0.514285714286,0.655172413793,0.977272727273,0.491228070175,0.6,0.5,0.40350877193,0.571428571429,0.485294117647,0.487179487179,0.441176470588,0.508196721311,0.5,0.521739130435,0.522727272727,0.487179487179,0.441860465116,0.452380952381,0.487179487179,0.4375,0.540540540541,0.456140350877,0.511627906977,0.526315789474,0.352941176471,0.647058823529,0.342105263158,0.487804878049,0.413793103448,0.428571428571,0.547619047619,0.5,0.450980392157,0.468085106383,0.425,0.411764705882,0.46511627907,0.5,0.516129032258,0.492307692308,0.510638297872,0.5,0.471698113208,0.470588235294,0.508474576271,0.4,0.491803278689,0.411764705882,0.475,0.412698412698,0.392857142857,0.454545454545,0.621621621622,0.6,0.379310344828,0.5,0.45,0.448979591837,0.432432432432,0.529411764706,0.489361702128,0.380952380952,0.431818181818,0.52380952381,0.628571428571,0.4,0.425,0.478260869565,0.489361702128,0.448979591837,0.487179487179,0.446808510638,0.368421052632,0.513513513514,0.6,0.56862745098,0.466666666667,0.466666666667,0.431818181818,0.490909090909,0.464285714286,0.482142857143,0.48275862069,0.490909090909,0.46511627907,0.522727272727,0.428571428571,0.487804878049,0.47619047619,0.5,0.377358490566,0.5,0.423076923077,0.458333333333,0.448275862069,0.511627906977,0.574074074074,0.472727272727,0.571428571429,0.567567567568,0.882352941176,0.642857142857,0.609756097561,0.84,0.448979591837,0.526315789474,0.551724137931,0.491525423729,0.395348837209,0.439024390244,0.577777777778,0.484848484848,0.459459459459,0.675675675676,0.571428571429,0.428571428571,0.632653061224,0.488372093023,0.533333333333,0.533333333333,0.571428571429,0.452380952381,0.533333333333,0.4375,0.452830188679,0.528301886792,0.559322033898,0.469387755102,0.411764705882,0.450980392157,0.617021276596,0.565217391304,0.421052631579,0.526315789474,0.390243902439,0.46511627907,0.518518518519,0.467741935484,0.524590163934,0.54,0.431818181818,0.421052631579,0.564102564103,0.486486486486,0.466666666667,0.481481481481,0.418181818182,0.53488372093,0.491803278689,0.45,0.491525423729,0.480769230769,0.464285714286,0.51724137931,0.540983606557,0.521739130435,0.487179487179,0.527272727273,0.478873239437,0.5,0.527272727273,0.51724137931,0.418181818182,0.545454545455,0.692307692308,0.425,0.422222222222,0.5,0.547169811321,0.480769230769,0.380952380952,0.431818181818,0.4,0.425925925926,0.608695652174,0.488372093023,0.425925925926,0.490909090909,0.5,0.522727272727,0.553846153846,0.548387096774,0.381818181818,0.547169811321,0.48,0.584905660377,0.455882352941,0.578947368421,0.609756097561,0.634615384615,0.461538461538,0.512820512821,0.528301886792,0.479452054795,0.58,0.537037037037,0.583333333333,0.394736842105,0.382978723404,0.586956521739,0.472727272727,0.45,0.434782608696,0.644444444444,0.48275862069,0.521739130435,0.517857142857,0.46,0.5,0.590909090909,0.415094339623,0.538461538462,0.510204081633,0.520833333333,0.42,0.518518518519,0.387096774194,0.58064516129,0.508196721311,0.509090909091,0.595238095238,0.586956521739,0.553191489362,0.519230769231,0.491525423729,0.5,0.485714285714,0.471698113208,0.555555555556,0.363636363636,0.5,0.490909090909,0.5625,0.452380952381,0.508474576271,0.46511627907,0.510204081633,0.414634146341,0.442857142857,0.367346938776,0.512820512821,0.373134328358,0.538461538462,0.446153846154,0.52,0.535714285714,0.54347826087,0.428571428571,0.411764705882,0.452380952381,0.586956521739,0.5,0.469387755102,0.428571428571,0.558823529412,0.528301886792,0.531914893617,0.5625,0.48,0.621621621622,0.571428571429,0.565217391304,0.576923076923,0.878048780488,0.63829787234,0.709090909091,0.666666666667,0.454545454545,0.372881355932,0.571428571429,0.571428571429,0.519230769231,0.569230769231,0.440677966102,0.468085106383,0.470588235294,0.454545454545,0.395833333333,0.56862745098,0.384615384615,0.547169811321,0.421052631579,0.532258064516,0.403846153846,0.5,0.454545454545,0.642857142857,0.489361702128,0.5,0.483870967742,0.414634146341,0.575757575758,0.44,0.522727272727,0.380952380952,0.526315789474,0.571428571429,0.48,0.413793103448,0.553191489362,0.333333333333,0.636363636364,0.487804878049,0.568965517241,0.5,0.444444444444,0.595744680851,0.444444444444,0.45,0.529411764706,0.483870967742,0.466666666667,0.648648648649,0.355555555556,0.673913043478,0.514285714286,0.538461538462,0.42,0.526315789474,0.473684210526,0.475,0.474576271186,0.490566037736,0.650793650794,0.460317460317,0.481012658228,0.578947368421,0.408163265306,0.41935483871,0.555555555556,0.568181818182,0.48,0.468085106383,0.487804878049,0.525,0.583333333333,0.519230769231,0.38,0.448275862069,0.5,0.5,0.42,0.488372093023,0.472222222222,0.488888888889,0.597014925373,0.536585365854,0.487179487179,0.560975609756,0.573770491803,0.403846153846,0.52,0.5,0.479166666667,0.487804878049,0.378378378378,0.459459459459,0.551020408163,0.5,0.466666666667,0.52,0.390243902439,0.470588235294,0.415384615385,0.510638297872,0.521739130435,0.551020408163,0.694444444444,0.394736842105,0.46511627907,0.558823529412,0.531914893617,0.561403508772,0.588235294118,0.478260869565,0.470588235294,0.595744680851,0.482142857143,0.491803278689,0.382978723404,0.5,0.508196721311,0.409090909091,0.462962962963,0.446808510638,0.596153846154,0.462962962963,0.583333333333,0.571428571429,0.5,0.6,0.475,0.529411764706,0.64,0.615384615385,0.596153846154,0.561403508772,0.622641509434,0.531914893617,0.447368421053,0.593220338983,0.446153846154,0.4,0.470588235294,0.511111111111,0.5,0.54,0.625,0.604651162791,0.456140350877,0.52,0.441860465116,0.7,0.489795918367,0.435897435897,0.432432432432,0.575,0.413043478261,0.636363636364,0.704545454545,0.559322033898,0.5,0.545454545455,0.565217391304,0.545454545455,0.576923076923,0.473684210526,0.509090909091,0.490566037736,0.6,0.477272727273,0.512195121951,0.474576271186,0.309523809524,0.462962962963,0.568181818182,0.615384615385,0.6,0.558139534884,0.487179487179,0.604651162791,0.47619047619,0.433333333333,0.4,0.566666666667,0.517857142857,0.4,0.52380952381,0.478260869565,0.428571428571,0.51724137931,0.418604651163,0.333333333333,0.404761904762,0.511111111111,0.471698113208,0.475,0.535714285714,0.5,0.59649122807,0.461538461538,0.421052631579,0.585365853659,0.475,0.491228070175,0.59649122807,0.37037037037,0.508196721311,0.468085106383,0.342105263158,0.675675675676,0.547169811321,0.634146341463,0.514285714286,0.428571428571,0.526315789474,0.472727272727,0.4,0.317073170732,0.540540540541,0.673913043478,0.442307692308,0.574074074074,0.5,0.5625,0.540983606557,0.421052631579,0.428571428571,0.5,0.563636363636,0.491525423729,0.52,0.563636363636,0.636363636364,0.6,0.512195121951,0.618181818182,0.571428571429,0.5,0.52,0.454545454545,0.545454545455,0.432432432432,0.551724137931,0.435897435897,0.440677966102,0.469387755102,0.4,0.547169811321,0.452830188679,0.518518518519,0.557692307692,0.5,0.387096774194,0.578947368421,0.431818181818,0.5625,0.5625,0.521739130435,0.54,0.403846153846,0.537037037037,0.527272727273,0.509090909091,0.516129032258,0.479166666667,0.625,0.568181818182,0.5,0.5,0.555555555556,0.418604651163,0.571428571429,0.472727272727,0.5,0.377358490566,0.418604651163,0.596153846154,0.586956521739,0.531914893617,0.5,0.395348837209,0.5,0.54347826087,0.666666666667,0.378378378378,0.581395348837,0.540983606557,0.520833333333,0.555555555556,0.314814814815,0.485714285714,0.56,0.475409836066,0.511627906977,0.54347826087,0.571428571429,0.408163265306,0.491228070175,0.589285714286,0.596153846154,0.595238095238,0.567567567568,0.490566037736,0.555555555556,0.592592592593,0.44262295082,0.48,0.5,0.574074074074,0.434782608696,0.612244897959,0.644444444444,0.42,0.54347826087,0.611111111111,0.625,0.677419354839,0.653846153846,0.5,0.489795918367,0.571428571429,0.431818181818,0.62962962963,0.529411764706,0.5,0.441860465116,0.465517241379,0.564102564103,0.424242424242,0.555555555556,0.577777777778,0.583333333333,0.553571428571,0.464285714286,0.528301886792,0.386363636364,0.577777777778,0.62,0.365853658537,0.533333333333,0.666666666667,0.547169811321,0.511111111111,0.526315789474,0.589743589744,0.407407407407,0.454545454545,0.5,0.484848484848,0.529411764706,0.484848484848,0.5,0.473684210526,0.523076923077,0.558139534884,0.513513513514,0.42,0.527272727273,0.541666666667,0.488888888889,0.702702702703,0.434782608696,0.608695652174,0.470588235294,0.483333333333,0.607843137255,0.515625,0.462686567164,0.564516129032,0.478260869565,0.5,0.525,0.551724137931,0.591836734694,0.555555555556,0.58,0.545454545455,0.581818181818,0.426229508197,0.422222222222,0.38,0.517857142857,0.428571428571,0.612244897959,0.484848484848,0.608695652174,0.243902439024,0.453125,0.544117647059,0.40350877193,0.466666666667,0.413793103448,0.5,0.387096774194,0.539682539683,0.52,0.516666666667,0.563636363636,0.642857142857,0.631578947368,0.41935483871,0.411764705882,0.543859649123,0.553571428571,0.56862745098,0.45652173913,0.409836065574,0.457142857143,0.584615384615,0.452380952381,0.568181818182,0.5,0.55,0.4375,0.4,0.5,0.558139534884,0.53488372093,0.471698113208,0.491803278689,0.450704225352,0.511111111111,0.375,0.473684210526,0.385964912281,0.487804878049,0.567567567568,0.777777777778,0.549019607843,0.577777777778,0.421052631579,0.452830188679,0.59649122807,0.38,0.490566037736,0.440677966102,0.571428571429,0.568181818182,0.65,0.479166666667,0.421052631579,0.522388059701,0.648148148148,0.369565217391,0.444444444444,0.617647058824,0.457142857143,0.63829787234,0.5,0.5,0.636363636364,0.532258064516,0.435483870968,0.314814814815,0.491525423729,0.425531914894,0.396226415094,0.596153846154,0.521739130435,0.41935483871,0.454545454545,0.547169811321,0.524590163934,0.547619047619,0.466666666667,0.46875,0.55,0.485294117647,0.528301886792,0.527272727273,0.563636363636,0.676056338028,0.5,0.474576271186,0.484375,0.509090909091,0.471698113208,0.589743589744,0.509090909091,0.596153846154,0.466666666667,0.52,0.479166666667,0.576271186441,0.479166666667,0.48,0.513513513514,0.395348837209,0.545454545455,0.555555555556,0.530612244898,0.418604651163,0.428571428571,0.403846153846,0.450980392157,0.571428571429,0.5,0.59375,0.530303030303,0.524590163934,0.439393939394,0.463414634146,0.491803278689,0.360655737705,0.607142857143,0.814814814815,0.68,0.576923076923,0.465517241379,0.723404255319,0.528571428571,0.72,0.620689655172,0.511627906977,0.512195121951,0.52,0.553191489362,0.543859649123,0.423076923077,0.515151515152,0.433962264151,0.56862745098,0.566666666667,0.512195121951,0.552631578947,0.261904761905,0.561403508772,0.396551724138,0.614035087719,0.375,0.567567567568,0.428571428571,0.5,0.480769230769,0.478260869565,0.528301886792,0.5,0.44262295082,0.765957446809,0.480769230769,0.5,0.621621621622,0.534482758621,0.409836065574,0.305555555556,0.517857142857,0.418604651163,0.538461538462,0.205128205128,0.484375,0.415094339623,0.381818181818,0.433962264151,0.535714285714,0.526315789474,0.510204081633,0.466666666667,0.390243902439,0.448275862069,0.619047619048,0.565217391304,0.66,0.492537313433,0.485714285714,0.517857142857,0.525423728814,0.415094339623,0.365384615385,0.450980392157,0.5,0.510638297872,0.584615384615,0.521739130435,0.448979591837,0.4375,0.458333333333,0.492957746479,0.4375,0.413043478261,0.351351351351,0.508196721311,0.513157894737,0.542372881356,0.422535211268,0.574468085106,0.5,0.564102564103,0.392857142857,0.410256410256,0.32,0.548387096774,0.396825396825,0.482142857143,0.529411764706,0.466666666667,0.43137254902,0.673469387755,0.558823529412,0.408163265306,0.463414634146,0.6,0.472727272727,0.393939393939,0.533333333333,0.452380952381,0.470588235294,0.485294117647,0.471698113208,0.566666666667,0.603773584906,0.388888888889,0.473684210526,0.487804878049,0.357142857143,0.441860465116,0.724137931034,0.461538461538,0.607142857143,0.485714285714,0.5,0.484848484848,0.4,0.403846153846,0.52380952381,0.595238095238,0.6,0.454545454545,0.615384615385,0.571428571429,0.530303030303,0.586206896552,0.452830188679,0.481481481481,0.456140350877,0.508474576271,0.458333333333,0.594594594595,0.509803921569,0.525423728814,0.59375,0.538461538462,0.454545454545,0.448979591837,0.5,0.558139534884,0.446428571429,0.446428571429,0.473684210526,0.528571428571,0.5,0.342857142857,0.53488372093,0.434782608696,0.4375,0.659090909091,0.475,0.516129032258,0.508474576271,0.511111111111,0.428571428571,0.567567567568,0.648648648649,0.304347826087,0.480769230769,0.586956521739,0.595744680851,0.395348837209,0.545454545455,0.627450980392,0.477272727273,0.538461538462,0.586956521739,0.41935483871,0.46511627907,0.488888888889,0.470588235294,0.428571428571,0.553191489362,0.585365853659,0.395348837209,0.393939393939,0.528301886792,0.578947368421,0.3,0.434782608696,0.6,0.477272727273,0.438596491228,0.486486486486,0.428571428571,0.465517241379,0.561403508772,0.409836065574,0.426229508197,0.519230769231,0.511111111111,0.533333333333,0.410256410256,0.622222222222,0.58064516129,0.526315789474,0.675675675676,0.542857142857,0.485714285714,0.566666666667,0.44,0.472222222222,0.5,0.472222222222,0.615384615385,0.564516129032,0.479166666667,0.645833333333,0.62962962963,0.372549019608,0.41935483871,0.424242424242,0.444444444444,0.444444444444,0.478260869565,0.472222222222,0.40625,0.5,0.5,0.547619047619,0.575,0.56,0.545454545455,0.458333333333,0.509433962264,0.577777777778,0.6,0.507462686567,0.528301886792,0.507692307692,0.470588235294,0.555555555556,0.511627906977,0.433962264151,0.454545454545,0.492307692308,0.5625,0.529411764706,0.46,0.408163265306,0.620689655172,0.509433962264,0.260869565217,0.486486486486,0.538461538462,0.581818181818,0.591836734694,0.43137254902,0.4375,0.5,0.558823529412,0.555555555556,0.475,0.555555555556,0.485714285714,0.416666666667,0.452380952381,0.666666666667,0.56862745098,0.444444444444,0.588235294118,0.5,0.391304347826,0.470588235294,0.473684210526,0.404255319149,0.274509803922,0.520833333333,0.520833333333,0.45,0.574468085106,0.424242424242,0.522727272727,0.428571428571,0.591836734694,0.468085106383,0.46511627907,0.439024390244,0.477272727273,0.647058823529,0.5,0.525,0.413793103448,0.516129032258,0.463414634146,0.456140350877,0.530612244898,0.536585365854,0.575,0.439024390244,0.441860465116,0.555555555556,0.578947368421,0.575,0.453125,0.413793103448,0.536585365854,0.450980392157,0.545454545455,0.522727272727,0.457142857143,0.434782608696,0.473684210526,0.520833333333,0.477272727273,0.377777777778,0.53488372093,0.565217391304,0.549019607843,0.369565217391,0.616666666667,0.478260869565,0.632653061224,0.422222222222,0.477611940299,0.325581395349,0.441860465116,0.5,0.536585365854,0.52380952381,0.425,0.544117647059,0.592592592593,0.525,0.326530612245,0.511627906977,0.526315789474,0.54347826087,0.521739130435,0.535714285714,0.454545454545,0.533333333333,0.532258064516,0.423076923077,0.592592592593,0.422222222222,0.508474576271,0.508196721311,0.557142857143,0.490909090909,0.444444444444,0.460317460317,0.363636363636,0.30612244898,0.525,0.47619047619,0.52380952381,0.538461538462,0.526315789474,0.404255319149,0.489361702128,0.56,0.425531914894,0.463414634146,0.518518518519,0.439024390244,0.509803921569,0.37037037037,0.5,0.486486486486,0.483333333333,0.425,0.354838709677,0.567567567568,0.454545454545,0.52380952381,0.472222222222,0.5,0.407407407407,0.41935483871,0.5,0.433333333333,0.48,0.425925925926,0.368421052632,0.342105263158,0.382978723404,0.5,0.446808510638,0.627906976744,0.409836065574,0.423728813559,0.428571428571,0.357142857143,0.45652173913,0.58,0.52380952381,0.551724137931,0.5,0.488888888889,0.619047619048,0.609756097561,0.606557377049,0.557142857143,0.484848484848,0.512195121951,0.405405405405,0.547169811321,0.5,0.612244897959,0.533333333333,0.541666666667,0.535714285714,0.3125,0.588235294118,0.652173913043,0.317073170732,0.463414634146,0.416666666667,0.418604651163,0.515151515152,0.526315789474,0.571428571429,0.301886792453,0.488888888889,0.74358974359,0.866666666667,0.590909090909,0.574468085106,0.583333333333,0.490909090909,0.52380952381,0.469387755102,0.482142857143,0.461538461538,0.541666666667,0.434782608696,0.539682539683,0.469696969697,0.425925925926,0.531914893617,0.546875,0.560975609756,0.454545454545,0.448275862069,0.433333333333,0.441860465116,0.530612244898,0.454545454545,0.491803278689,0.466666666667,0.473684210526,0.441860465116,0.458333333333,0.672413793103,0.475,0.35,0.620689655172,0.489361702128,0.529411764706,0.509803921569,0.489795918367,0.457142857143,0.607843137255,0.533333333333,0.513513513514,0.5,0.586956521739,0.6,0.583333333333,0.520833333333,0.4,0.490196078431,0.377358490566,0.518518518519,0.485714285714,0.509433962264,0.5,0.380952380952,0.6,0.421052631579,0.45,0.416666666667,0.610169491525,0.553191489362,0.490196078431,0.590163934426,0.53125,0.636363636364,0.425531914894,0.619047619048,0.45652173913,0.472727272727,0.553191489362,0.547169811321,0.53488372093,0.553191489362,0.571428571429,0.555555555556,0.486486486486,0.54,0.59649122807,0.43137254902,0.479166666667,0.650793650794,0.650793650794,0.434782608696,0.490196078431,0.450980392157,0.537037037037,0.511627906977,0.365853658537,0.578947368421,0.474576271186,0.625,0.45652173913,0.461538461538,0.571428571429,0.425531914894,0.510204081633,0.52,0.469387755102,0.434782608696,0.243902439024,0.525,0.441860465116,0.32,0.568181818182,0.439024390244,0.475,0.444444444444,0.490196078431,0.616666666667,0.479166666667,0.508474576271,0.592592592593,0.478260869565,0.675675675676,0.576271186441,0.629032258065,0.482142857143,0.551724137931,0.654545454545,0.575757575758,0.448979591837,0.578947368421,0.4375,0.563636363636,0.568965517241,0.5,0.557692307692,0.592592592593,0.604651162791,0.433333333333,0.448979591837,0.488372093023,0.547619047619,0.533333333333,0.547169811321,0.509803921569,0.440677966102,0.392857142857,0.489361702128,0.632653061224,0.565789473684,0.555555555556,0.282051282051,0.509803921569,0.450980392157,0.471698113208,0.490196078431,0.535714285714,0.55,0.522727272727,0.5,0.611111111111,0.5,0.509803921569,0.576923076923,0.615384615385,0.642857142857,0.4375,0.5,0.490196078431,0.542372881356,0.673076923077,0.606060606061,0.522727272727,0.568181818182,0.527777777778,0.5,0.557692307692,0.586206896552,0.475,0.521739130435,0.528301886792,0.482142857143,0.508474576271,0.508771929825,0.52380952381,0.619047619048,0.512195121951,0.532258064516,0.629032258065,0.466666666667,0.457142857143,0.522727272727,0.48,0.451612903226,0.451612903226,0.365853658537,0.549019607843,0.515151515152,0.558139534884,0.6,0.513513513514,0.526315789474,0.5,0.461538461538,0.418604651163,0.527777777778,0.567567567568,0.514285714286,0.375,0.46,0.563636363636,0.477272727273,0.558139534884,0.555555555556,0.438596491228,0.473684210526,0.617647058824,0.6,0.380952380952,0.45652173913,0.525,0.567567567568,0.578947368421,0.457142857143,0.317073170732,0.571428571429,0.576271186441,0.462962962963,0.468085106383,0.40350877193,0.620689655172,0.524590163934,0.46,0.340425531915,0.41935483871,0.5,0.528301886792,0.407407407407,0.366666666667,0.315789473684,0.577777777778,0.5,0.490566037736,0.428571428571,0.461538461538,0.509433962264,0.510638297872,0.531914893617,0.532258064516,0.519230769231,0.477272727273,0.533333333333,0.394736842105,0.5,0.545454545455,0.404761904762,0.477272727273,0.441860465116,0.357142857143,0.574468085106,0.533333333333,0.541666666667,0.555555555556,0.5,0.431818181818,0.511627906977,0.541666666667,0.5,0.636363636364,0.615384615385,0.547169811321,0.533333333333,0.473684210526,0.511111111111,0.47619047619,0.488372093023,0.538461538462,0.522727272727,0.363636363636,0.5,0.471698113208,0.545454545455,0.555555555556,0.52,0.65,0.439024390244,0.433333333333,0.473684210526,0.5,0.471698113208,0.620689655172,0.473684210526,0.5,0.469387755102,0.489361702128,0.463414634146,0.552631578947,0.5,0.520833333333,0.458333333333,0.648648648649,0.644444444444,0.4375,0.533333333333,0.490196078431,0.490566037736,0.47619047619,0.55223880597,0.542857142857,0.394736842105,0.463414634146,0.361111111111,0.52380952381,0.490196078431,0.533333333333,0.561403508772,0.511111111111,0.479166666667,0.452380952381,0.454545454545,0.524590163934,0.425531914894,0.454545454545,0.377777777778,0.675675675676,0.488372093023,0.583333333333,0.636363636364,0.590909090909,0.583333333333,0.530612244898,0.565217391304,0.534482758621,0.441860465116,0.461538461538,0.555555555556,0.510638297872,0.372093023256,0.489795918367,0.510638297872,0.378378378378,0.469387755102,0.416666666667,0.446808510638,0.444444444444,0.489361702128,0.6,0.439024390244,0.384615384615,0.394736842105,0.585365853659,0.533333333333,0.462962962963,0.522727272727,0.409090909091,0.470588235294,0.462686567164,0.513513513514,0.512195121951,0.521739130435,0.632653061224,0.512820512821,0.452380952381,0.545454545455,0.595744680851,0.489795918367,0.568181818182,0.521739130435,0.543859649123,0.521739130435,0.533333333333,0.48,0.464285714286,0.473684210526,0.483870967742,0.40625,0.5,0.5,0.473684210526,0.522727272727,0.423076923077,0.413043478261,0.466666666667,0.5625,0.55737704918,0.518518518519,0.537037037037,0.591836734694,0.425531914894,0.677419354839,0.685714285714,0.368421052632,0.433962264151,0.526315789474,0.508771929825,0.508771929825,0.529411764706,0.48275862069,0.475409836066,0.44,0.526315789474,0.444444444444,0.442307692308,0.413043478261,0.452380952381,0.571428571429,0.490909090909,0.527272727273,0.448275862069,0.404255319149,0.529411764706,0.583333333333,0.534482758621,0.560975609756,0.432835820896,0.46,0.515151515152,0.545454545455,0.574468085106,0.487804878049,0.391304347826,0.428571428571,0.490909090909,0.4375,0.538461538462,0.462962962963,0.516666666667,0.531914893617,0.703703703704,0.519230769231,0.625,0.55737704918,0.614035087719,0.568181818182,0.527272727273,0.5,0.518518518519,0.659574468085,0.478260869565,0.526315789474,0.576271186441,0.534482758621,0.606060606061,0.480769230769,0.538461538462,0.6,0.463414634146,0.275,0.5,0.59375,0.636363636364,0.594594594595,0.483870967742,0.490909090909,0.428571428571,0.462686567164,0.363636363636,0.411764705882,0.446428571429,0.444444444444,0.604166666667,0.543859649123,0.433962264151,0.527777777778,0.387755102041,0.566666666667,0.403846153846,0.492307692308,0.546875,0.52,0.576923076923,0.54,0.46511627907,0.794871794872,0.416666666667,0.447368421053,0.5,0.526315789474,0.412698412698,0.349206349206,0.44,0.581818181818,0.468085106383,0.351351351351,0.393939393939,0.411764705882,0.666666666667,0.5,0.595744680851,0.54347826087,0.55,0.434782608696,0.558139534884,0.62,0.531914893617,0.40350877193,0.587301587302,0.560975609756,0.547619047619,0.454545454545,0.466666666667,0.527272727273,0.54,0.5,0.528301886792,0.592592592593,0.606557377049,0.659090909091,0.551020408163,0.507462686567,0.5,0.413043478261,0.40350877193,0.520833333333,0.553191489362,0.457627118644,0.526315789474,0.5,0.459016393443,0.571428571429,0.492753623188,0.464285714286,0.476923076923,0.348837209302,0.512195121951,0.537313432836,0.5,0.621621621622,0.586956521739,0.462962962963,0.531914893617,0.577777777778,0.302325581395,0.607142857143,0.555555555556,0.444444444444,0.4375,0.571428571429,0.638888888889,0.509090909091,0.546875,0.589743589744,0.545454545455,0.64406779661,0.471698113208,0.48,0.470588235294,0.611111111111,0.703703703704,0.619047619048,0.537037037037,0.527777777778,0.464788732394,0.416666666667,0.648648648649,0.489361702128,0.458333333333,0.510204081633,0.466666666667,0.44,0.507936507937,0.46511627907,0.441176470588,0.684210526316,0.722222222222,0.666666666667,0.6,0.545454545455,0.510638297872,0.491228070175,0.533333333333,0.468085106383,0.341463414634,0.46,0.475,0.611111111111,0.423076923077,0.5,0.490909090909,0.471698113208,0.446428571429,0.465517241379,0.474576271186,0.450980392157,0.469387755102,0.578947368421,0.537037037037,0.459016393443,0.520833333333,0.438596491228,0.533333333333,0.525423728814,0.596153846154,0.530303030303,0.51724137931,0.491525423729,0.47619047619,0.475409836066,0.425,0.555555555556,0.487179487179,0.452380952381,0.46875,0.609756097561,0.470588235294,0.509433962264,0.6,0.5,0.58,0.566037735849,0.51724137931,0.451612903226,0.480769230769,0.4,0.36,0.592592592593,0.576923076923,0.555555555556,0.513513513514,0.439024390244,0.454545454545,0.54,0.631578947368,0.484848484848,0.375,0.511627906977,0.464285714286,0.436363636364,0.35,0.45,0.45,0.568181818182,0.516666666667,0.5,0.55223880597,0.606060606061,0.472222222222,0.428571428571,0.526315789474,0.48,0.43137254902,0.628571428571,0.564516129032,0.478260869565,0.447368421053,0.490909090909,0.435483870968,0.534482758621,0.46511627907,0.468085106383,0.490196078431,0.512195121951,0.593220338983,0.488888888889,0.568181818182,0.52,0.390243902439,0.387755102041,0.325581395349,0.5,0.428571428571,0.391304347826,0.361111111111,0.433962264151,0.5,0.595744680851,0.552631578947,0.540540540541,0.5,0.576923076923,0.607843137255,0.5,0.46511627907,0.666666666667,0.487804878049,0.47619047619,0.46,0.454545454545,0.62,0.311111111111,0.553191489362,0.574468085106,0.550724637681,0.459016393443,0.632653061224,0.413793103448,0.452380952381,0.446808510638,0.558139534884,0.488888888889,0.461538461538,0.470588235294,0.418604651163,0.450980392157,0.431818181818,0.530612244898,0.525423728814,0.558139534884,0.448979591837,0.447368421053,0.466666666667,0.578947368421,0.5,0.458333333333,0.553191489362,0.475,0.547619047619,0.611111111111,0.387755102041,0.576923076923,0.4,0.490566037736,0.404255319149,0.410256410256,0.434782608696,0.6,0.519230769231,0.375,0.425925925926,0.51724137931,0.379310344828,0.549019607843,0.48,0.525,0.578947368421,0.322580645161,0.5,0.568181818182,0.473684210526,0.65625,0.396825396825,0.5,0.525,0.533333333333,0.492753623188,0.421875,0.457627118644,0.512820512821,0.481481481481,0.396825396825,0.47619047619,0.645161290323,0.488372093023,0.627906976744,0.4,0.547169811321,0.477272727273,0.510638297872,0.466666666667,0.47619047619,0.5,0.5,0.327272727273,0.702702702703,0.66,0.473684210526,0.486486486486,0.372549019608,0.47619047619,0.532258064516,0.533333333333,0.479166666667,0.596153846154,0.571428571429,0.604651162791,0.509090909091,0.487804878049,0.614035087719,0.425925925926,0.641509433962,0.448979591837,0.43137254902,0.527777777778,0.512820512821,0.424242424242,0.533333333333,0.528301886792,0.438596491228,0.479166666667,0.436363636364,0.632653061224,0.583333333333,0.634615384615,0.659090909091,0.555555555556,0.478873239437,0.526315789474,0.510638297872,0.560975609756,0.54347826087,0.479166666667,0.428571428571,0.415094339623,0.452380952381,0.468085106383,0.471698113208,0.538461538462,0.403846153846,0.478260869565,0.511627906977,0.589743589744,0.475,0.44776119403,0.534482758621,0.491228070175,0.440677966102,0.534482758621,0.446808510638,0.304347826087,0.6,0.411764705882,0.418181818182,0.489361702128,0.586206896552,0.527777777778,0.45,0.545454545455,0.474576271186,0.530612244898,0.526315789474,0.382978723404,0.5,0.518518518519,0.591836734694,0.454545454545,0.415384615385,0.54,0.527272727273,0.470588235294,0.526315789474,0.575,0.677419354839,0.418181818182,0.551020408163,0.537037037037,0.428571428571,0.566666666667,0.404255319149,0.585365853659,0.531914893617,0.529411764706,0.540983606557,0.59375,0.432432432432,0.576271186441,0.433962264151,0.5,0.421052631579,0.575,0.621621621622,0.681818181818,0.454545454545,0.428571428571,0.464285714286,0.411764705882,0.44,0.413043478261,0.52,0.25,0.333333333333,0.5,0.607843137255,0.655737704918,0.587301587302,0.461538461538,0.53488372093,0.45,0.471698113208,0.447368421053,0.439024390244,0.508771929825,0.488888888889,0.392857142857,0.527777777778,0.441860465116,0.571428571429,0.489361702128,0.575,0.462962962963,0.56862745098,0.46511627907,0.473684210526,0.551020408163,0.32,0.727272727273,0.258064516129,0.391304347826,0.622950819672,0.405405405405,0.742857142857,0.386363636364,0.5,0.485714285714,0.678571428571,0.522727272727,0.589285714286,0.512820512821,0.673469387755,0.6875,0.607843137255,0.625,0.435897435897,0.588235294118,0.540540540541,0.627906976744,0.644444444444,0.971428571429,0.531914893617,0.468085106383,0.59649122807,0.530612244898,0.595238095238,0.583333333333,0.574468085106,0.522727272727,0.428571428571,0.456140350877,0.473684210526,0.583333333333,0.691176470588,0.485714285714,0.5,0.472727272727,0.472727272727,0.387755102041,0.405405405405,0.48,0.517857142857,0.446808510638,0.605263157895,0.714285714286,0.447368421053,0.612244897959,0.510204081633,0.517857142857,0.54347826087,0.586956521739,0.38,0.40350877193,0.545454545455,0.533333333333,0.592592592593,0.452830188679,0.481481481481,0.54347826087,0.436363636364,0.560975609756,0.675,0.536585365854,0.36,0.487804878049,0.538461538462,0.404255319149,0.333333333333,0.577777777778,0.487804878049,0.4,0.41935483871,0.56862745098,0.438596491228,0.425531914894,0.590909090909,0.546875,0.479166666667,0.5,0.473684210526,0.529411764706,0.416666666667,0.354166666667,0.603773584906,0.547619047619,0.638888888889,0.341463414634,0.415094339623,0.482142857143,0.578947368421,0.59375,0.489361702128,0.571428571429,0.458333333333,0.6,0.555555555556,0.444444444444,0.422222222222,0.688888888889,0.603773584906,0.470588235294,0.358974358974,0.436363636364,0.615384615385,0.583333333333,0.433333333333,0.51724137931,0.615384615385,0.444444444444,0.484848484848,0.463414634146,0.463414634146,0.547169811321,0.491803278689,0.423728813559,0.452380952381,0.631578947368,0.525423728814,0.490909090909,0.452830188679,0.631578947368,0.447368421053,0.447368421053,0.538461538462,0.555555555556,0.441176470588,0.526315789474,0.555555555556,0.606557377049,0.489361702128,0.551020408163,0.644444444444,0.596153846154,0.538461538462,0.413043478261,0.425531914894,0.365384615385,0.393442622951,0.409090909091,0.528301886792,0.456140350877,0.394736842105,0.53125,0.471698113208,0.413793103448,0.5,0.542372881356,0.58064516129,0.5,0.509433962264,0.548387096774,0.576923076923,0.527272727273,0.566037735849,0.458333333333,0.552631578947,0.411764705882,0.530612244898,0.454545454545,0.593220338983,0.358490566038,0.346153846154,0.511627906977,0.48275862069,0.454545454545,0.571428571429,0.566037735849,0.592592592593,0.620689655172,0.620689655172,0.490909090909,0.522727272727,0.515151515152,0.441176470588,0.485714285714,0.430769230769,0.483870967742,0.439024390244,0.418181818182,0.520833333333,0.4,0.619047619048,0.636363636364,0.471698113208,0.48,0.568181818182,0.512195121951,0.509433962264,0.478260869565,0.511627906977,0.6,0.382352941176,0.514285714286,0.511627906977,0.702702702703,0.538461538462,0.571428571429,0.441860465116,0.369565217391,0.529411764706,0.461538461538,0.5,0.6,0.5,0.483870967742,0.446428571429,0.527272727273,0.666666666667,0.438596491228,0.492063492063,0.490909090909,0.258064516129,0.489795918367,0.566037735849,0.428571428571,0.45,0.48,0.484848484848,0.6,0.375,0.461538461538,0.673469387755,0.434782608696,0.525423728814,0.5,0.478260869565,0.633333333333,0.456140350877,0.466666666667,0.386363636364,0.56,0.489361702128,0.46511627907,0.531914893617,0.407407407407,0.513513513514,0.617647058824,0.555555555556,0.444444444444,0.428571428571,0.553191489362,0.536585365854,0.5,0.577777777778,0.510204081633,0.487179487179,0.469387755102,0.48275862069,0.457627118644,0.490566037736,0.549019607843,0.380952380952,0.489361702128,0.538461538462,0.612903225806,0.705882352941,0.75,0.51724137931,0.40625,0.408163265306,0.55,0.651162790698,0.682926829268,0.512820512821,0.434782608696,0.478260869565,0.586956521739,0.619047619048,0.585365853659,0.509803921569,0.481481481481,0.47619047619,0.4,0.5,0.516129032258,0.490909090909,0.568181818182,0.6,0.568181818182,0.433962264151,0.425925925926,0.628571428571,0.571428571429,0.533333333333,0.387755102041,0.546666666667,0.509803921569,0.34,0.5,0.578947368421,0.625,0.52380952381,0.479166666667,0.490196078431,0.5,0.558823529412,0.542372881356,0.392857142857,0.648148148148,0.527777777778,0.565217391304,0.606060606061,0.619047619048,0.4,0.734693877551,0.547619047619,0.521739130435,0.466666666667,0.413043478261,0.471698113208,0.533333333333,0.520833333333,0.44,0.5,0.461538461538,0.393939393939,0.530612244898,0.466666666667,0.428571428571,0.465517241379,0.516666666667,0.5625,0.525,0.558139534884,0.577777777778,0.395348837209,0.484848484848,0.52380952381,0.558823529412,0.538461538462,0.48275862069,0.4375,0.518518518519,0.5,0.530612244898,0.531914893617,0.521739130435,0.605263157895,0.428571428571,0.377777777778,0.575757575758,0.457142857143,0.326530612245,0.571428571429,0.392156862745,0.38,0.448275862069,0.454545454545,0.414634146341,0.638888888889,0.466666666667,0.62962962963,0.559322033898,0.52,0.5,0.534482758621,0.391304347826,0.568181818182,0.464285714286,0.571428571429,0.65,0.548387096774,0.870967741935,0.38,0.4,0.576923076923,0.552631578947,0.475,0.466666666667,0.489361702128,0.555555555556,0.511627906977,0.514285714286,0.448275862069,0.489361702128,0.551020408163,0.416666666667,0.5,0.508771929825,0.571428571429,0.525423728814,0.46511627907,0.520833333333,0.535714285714,0.46875,0.576923076923,0.468085106383,0.5,0.607843137255,0.6,0.439024390244,0.448275862069,0.542857142857,0.472222222222,0.509433962264,0.3,0.446808510638,0.537313432836,0.545454545455,0.568965517241,0.379310344828,0.6,0.522727272727,0.432432432432,0.45,0.479166666667,0.55,0.689655172414,0.684210526316,0.676470588235,0.463414634146,0.512195121951,0.482142857143,0.529411764706,0.425531914894,0.531914893617,0.52380952381,0.58,0.46,0.44,0.44,0.525423728814,0.56862745098,0.486486486486,0.538461538462,0.413043478261,0.571428571429,0.589285714286,0.4,0.586206896552,0.586206896552,0.426229508197,0.4,0.487179487179,0.5,0.581395348837,0.515151515152,0.288888888889,0.533333333333,0.518518518519,0.605263157895,0.45652173913,0.488888888889,0.403846153846,0.490196078431,0.531914893617,0.568181818182,0.6,0.571428571429,0.485714285714,0.491228070175,0.509090909091,0.340425531915,0.52380952381,0.409090909091,0.884615384615,0.390243902439,0.5,0.528301886792,0.560606060606,0.607843137255,0.619047619048,0.529411764706,0.48,0.513513513514,0.684210526316,0.477272727273,0.515151515152,0.410714285714,0.55,0.541666666667,0.58,0.538461538462,0.470588235294,0.390243902439,0.451612903226,0.485294117647,0.490196078431,0.517857142857,0.538461538462,0.558139534884,0.434782608696,0.457142857143,0.451612903226,0.517857142857,0.414634146341,0.531914893617,0.486486486486,0.489795918367,0.560975609756,0.382978723404,0.636363636364,0.428571428571,0.462962962963,0.525423728814,0.464285714286,0.488372093023,0.5,0.416666666667,0.431034482759,0.428571428571,0.5,0.380952380952,0.574074074074,0.475,0.425,0.75,0.617647058824,0.444444444444,0.558139534884,0.452830188679,0.510638297872,0.490196078431,0.53125,0.621621621622,0.5,0.45,0.585365853659,0.52,0.537037037037,0.787878787879,0.555555555556,0.565217391304,0.568181818182,0.510204081633,0.487179487179,0.6875,0.509803921569,0.516129032258,0.560975609756,0.452830188679,0.422222222222,0.441860465116,0.5,0.414634146341,0.413043478261,0.55,0.413043478261,0.461538461538,0.578947368421,0.459016393443,0.552631578947,0.45,0.524590163934,0.418604651163,0.442307692308,0.56,0.5,0.457627118644,0.571428571429,0.58,0.555555555556,0.521739130435,0.531914893617,0.48,0.411764705882,0.583333333333,0.395348837209,0.446808510638,0.458333333333,0.411764705882,0.47619047619,0.630434782609,0.387096774194,0.418181818182,0.621621621622,0.358974358974,0.43137254902,0.490566037736,0.583333333333,0.454545454545,0.428571428571,0.559322033898,0.453125,0.428571428571,0.5,0.388888888889,0.5,0.586206896552,0.48275862069,0.535714285714,0.333333333333,0.432432432432,0.695652173913,0.488372093023,0.367346938776,0.525423728814,0.6,0.431818181818,0.464788732394,0.531914893617,0.479166666667,0.574468085106,0.583333333333,0.53488372093,0.551020408163,0.5,0.5,0.48275862069,0.519230769231,0.478260869565,0.462686567164,0.55737704918,0.517857142857,0.4,0.425531914894,0.571428571429,0.577777777778,0.535714285714,0.418604651163,0.395348837209,0.476923076923,0.458333333333,0.5,0.333333333333,0.53488372093,0.6,0.515625,0.638888888889,0.461538461538,0.425531914894,0.339285714286,0.559322033898,0.518518518519,0.509803921569,0.465517241379,0.529411764706,0.441860465116,0.568181818182,0.666666666667,0.465517241379,0.5,0.517857142857,0.354166666667,0.477272727273,0.44262295082,0.439024390244,0.561403508772,0.525423728814,0.522727272727,0.551724137931,0.512820512821,0.5,0.545454545455,0.511627906977,0.555555555556,0.547169811321,0.694444444444,0.578947368421,0.594594594595,0.466666666667,0.575,0.56,0.472727272727,0.509090909091,0.5625,0.585365853659,0.480769230769,0.380952380952,0.5,0.537037037037,0.604166666667,0.581395348837,0.470588235294,0.564516129032,0.391304347826,0.608695652174,0.428571428571,0.435483870968,0.414634146341,0.551020408163,0.466666666667,0.538461538462,0.581818181818,0.421052631579,0.444444444444,0.564102564103,0.54,0.34,0.534482758621,0.388888888889,0.518518518519,0.375,0.4,0.59375,0.37037037037,0.513157894737,0.5,0.540983606557,0.533333333333,0.411764705882,0.408163265306,0.470588235294,0.561403508772,0.411764705882,0.387096774194,0.403846153846,0.6,0.551724137931,0.375,0.583333333333,0.490196078431,0.532258064516,0.543859649123,0.490566037736,0.456140350877,0.43661971831,0.522727272727,0.439024390244,0.448275862069,0.710526315789,0.416666666667,0.611111111111,0.5,0.596153846154,0.385964912281,0.365853658537,0.365853658537,0.378378378378,0.384615384615,0.392156862745,0.396226415094,0.46,0.615384615385,0.464285714286,0.394736842105,0.52380952381,0.5,0.5,0.338709677419,0.44,0.641509433962,0.507462686567,0.575757575758,0.418181818182,0.524590163934,0.644444444444,0.613636363636,0.342105263158,0.465517241379,0.46,0.534482758621,0.514285714286,0.540540540541,0.590909090909,0.4375,0.571428571429,0.558139534884,0.473684210526,0.5,0.462962962963,0.479166666667,0.35,0.469696969697,0.55,0.576271186441,0.491803278689,0.488888888889,0.53125,0.5,0.475,0.473684210526,0.424242424242,0.453125,0.472727272727,0.390243902439,0.543859649123,0.6,0.528571428571,0.459016393443,0.560606060606,0.468085106383,0.5625,0.425925925926,0.479166666667,0.577777777778,0.513513513514,0.418604651163,0.384615384615,0.592592592593,0.536585365854,0.479166666667,0.333333333333,0.590163934426,0.483333333333,0.45,0.54,0.490909090909,0.480769230769,0.326530612245,0.369565217391,0.509803921569,0.46511627907,0.595744680851,0.333333333333,0.679245283019,0.392857142857,0.607142857143,0.568181818182,0.586206896552,0.594594594595,0.541666666667,0.5,0.435897435897,0.5,0.490909090909,0.478260869565,0.512820512821,0.72972972973,0.615384615385,0.571428571429,0.555555555556,0.541666666667,0.387755102041,0.583333333333,0.515625,0.40350877193,0.433333333333,0.490566037736,0.566666666667,0.488372093023,0.452380952381,0.590909090909,0.5625,0.513513513514,0.413043478261,0.526315789474,0.537037037037,0.509803921569,0.532258064516,0.555555555556,0.574074074074,0.531914893617,0.413793103448,0.46511627907,0.52,0.5,0.490566037736,0.632653061224,0.5,0.612244897959,0.4,0.473684210526,0.461538461538,0.522727272727,0.461538461538,0.545454545455,0.444444444444,0.434782608696,0.421052631579,0.5,0.365384615385,0.574468085106,0.542857142857,0.592592592593,0.529411764706,0.46,0.536585365854,0.431818181818,0.490566037736,0.625,0.434782608696,0.536585365854,0.468085106383,0.520833333333,0.636363636364,0.425531914894,0.441860465116,0.510638297872,0.439024390244,0.46875,0.594594594595,0.621621621622,0.469387755102,0.32,0.416666666667,0.448275862069,0.444444444444,0.5,0.545454545455,0.5,0.416666666667,0.431818181818,0.40625,0.6,0.617021276596,0.48275862069,0.477272727273,0.568965517241,0.630434782609,0.512820512821,0.46,0.684210526316,0.558139534884,0.46875,0.340909090909,0.423728813559,0.470588235294,0.578947368421,0.459459459459,0.483333333333,0.608695652174,0.581818181818,0.530612244898,0.476923076923,0.428571428571,0.387096774194,0.621212121212,0.428571428571,0.5,0.507246376812,0.486486486486,0.589285714286,0.553571428571,0.574074074074,0.581818181818,0.430769230769,0.519230769231,0.509803921569,0.380952380952,0.477272727273,0.4,0.548387096774,0.709090909091,0.509803921569,0.52,0.471698113208,0.520833333333,0.448275862069,0.543859649123,0.488372093023,0.54347826087,0.368421052632,0.491228070175,0.533333333333,0.471698113208,0.418181818182,0.528301886792,0.377777777778,0.576923076923,0.489361702128,0.492307692308,0.549019607843,0.442307692308,0.454545454545,0.354838709677,0.52,0.568181818182,0.625,0.275,0.546875,0.454545454545,0.727272727273,0.346153846154,0.378378378378,0.5,0.490196078431,0.421052631579,0.5,0.5,0.514285714286,0.463414634146,0.491228070175,0.464285714286,0.43137254902,0.38,0.615384615385,0.619047619048,0.5,0.447368421053,0.526315789474,0.53488372093,0.5,0.507246376812,0.581818181818,0.536585365854,0.483870967742,0.479166666667,0.604651162791,0.462962962963,0.481481481481,0.466666666667,0.531914893617,0.457142857143,0.541666666667,0.519230769231,0.630434782609,0.461538461538,0.431818181818,0.468085106383,0.395833333333,0.514285714286,0.586206896552,0.5625,0.585365853659,0.326923076923,0.5,0.614035087719,0.527272727273,0.466666666667,0.508771929825,0.530612244898,0.46,0.43661971831,0.571428571429,0.511111111111,0.590909090909,0.547169811321,0.521739130435,0.537037037037,0.47619047619,0.5,0.529411764706,0.522727272727,0.5,0.548387096774,0.6,0.630434782609,0.48275862069,0.46,0.566037735849,0.58064516129,0.479166666667,0.393939393939,0.444444444444,0.491803278689,0.533333333333,0.46511627907,0.585714285714,0.660377358491,0.487804878049,0.5,0.461538461538,0.458333333333,0.370967741935,0.333333333333,0.66,0.467741935484,0.448275862069,0.58,0.362068965517,0.621212121212,0.666666666667,0.507692307692,0.535714285714,0.53488372093,0.531914893617,0.421052631579,0.557692307692,0.581818181818,0.555555555556,0.413043478261,0.509433962264,0.452380952381,0.617021276596,0.393939393939,0.619047619048,0.480769230769,0.36170212766,0.5,0.5,0.481481481481,0.434782608696,0.526315789474,0.507936507937,0.469387755102,0.603773584906,0.446808510638,0.472727272727,0.545454545455,0.4,0.595238095238,0.5,0.423076923077,0.55,0.372093023256,0.72972972973,0.457627118644,0.4,0.511111111111,0.472222222222,0.489361702128,0.487179487179,0.518518518519,0.365384615385,0.536585365854,0.510638297872,0.422222222222,0.444444444444,0.448275862069,0.421052631579,0.382978723404,0.627906976744,0.464285714286,0.524590163934,0.404761904762,0.5,0.642857142857,0.558823529412,0.563636363636,0.527777777778,0.346153846154,0.375,0.584905660377,0.53488372093,0.482142857143,0.45652173913,0.456140350877,0.618181818182,0.59649122807,0.526315789474,0.45,0.408163265306,0.511111111111,0.5,0.451612903226,0.509090909091,0.589285714286,0.64,0.490566037736,0.520833333333,0.524590163934,0.466666666667,0.421052631579,0.447368421053,0.469387755102,0.466666666667,0.425,0.487804878049,0.586956521739,0.553191489362,0.45652173913,0.509090909091,0.482142857143,0.575,0.612244897959,0.463414634146,0.53125,0.404761904762,0.571428571429,0.54347826087,0.581395348837,0.565217391304,0.574468085106,0.644444444444,0.5,0.469387755102,0.454545454545,0.615384615385,0.54,0.520833333333,0.491803278689,0.421052631579,0.486486486486,0.390243902439,0.369565217391,0.453125,0.4,0.533333333333,0.444444444444,0.45,0.444444444444,0.596153846154,0.470588235294,0.510638297872,0.52,0.438596491228,0.581818181818,0.810810810811,0.571428571429,0.48275862069,0.672413793103,0.704918032787,0.491803278689,0.372093023256,0.387755102041,0.456140350877,0.5,0.606557377049,0.561403508772,0.5,0.517857142857,0.423076923077,0.5,0.553571428571,0.483333333333,0.5,0.4375,0.463414634146,0.454545454545,0.536585365854,0.541666666667,0.468085106383,0.489795918367,0.304347826087,0.395833333333,0.439393939394,0.478260869565,0.47619047619,0.557692307692,0.54347826087,0.5,0.545454545455,0.595744680851,0.607843137255,0.5,0.634146341463,0.44,0.547619047619,0.42,0.527777777778,0.625,0.317073170732,0.483333333333,0.387755102041,0.482142857143,0.383333333333,0.571428571429,0.47619047619,0.5,0.481481481481,0.473684210526,0.516129032258,0.457142857143,0.511627906977,0.604651162791,0.581395348837,0.5,0.543859649123,0.421052631579,0.509433962264,0.595238095238,0.52380952381,0.461538461538,0.450980392157,0.420289855072,0.622641509434,0.469387755102,0.428571428571,0.489795918367,0.458333333333,0.571428571429,0.558139534884,0.384615384615,0.462962962963,0.62962962963,0.468085106383,0.56,0.584905660377,0.56862745098,0.483870967742,0.48275862069,0.48275862069,0.625,0.525,0.491525423729,0.491525423729,0.448979591837,0.414634146341,0.528301886792,0.574074074074,0.658536585366,0.428571428571,0.559322033898,0.486486486486,0.452830188679,0.517857142857,0.448979591837,0.304347826087,0.510638297872,0.488888888889,0.634615384615,0.4375,0.344262295082,0.447368421053,0.547619047619,0.512195121951,0.518518518519,0.6,0.666666666667,0.555555555556,0.422222222222,0.522727272727,0.511627906977,0.5625,0.394736842105,0.561403508772,0.459459459459,0.428571428571,0.490196078431,0.590909090909,0.511111111111,0.45,0.574074074074,0.541666666667,0.5,0.547945205479,0.472727272727,0.56,0.565217391304,0.5,0.448979591837,0.52,0.526315789474,0.55,0.510638297872,0.528301886792,0.465517241379,0.471698113208,0.536585365854,0.470588235294,0.442307692308,0.56862745098,0.459459459459,0.428571428571,0.604166666667,0.596774193548,0.365853658537,0.407407407407,0.566666666667,0.538461538462,0.666666666667,0.62,0.4,0.567567567568,0.366666666667,0.675675675676,0.450980392157,0.533333333333,0.527272727273,0.444444444444,0.604166666667,0.575,0.463414634146,0.348837209302,0.45652173913,0.469387755102,0.444444444444,0.515151515152,0.540540540541,0.538461538462,0.473684210526,0.5,0.491228070175,0.534482758621,0.508771929825,0.507936507937,0.507936507937,0.607843137255,0.571428571429,0.545454545455,0.391304347826,0.525,0.441860465116,0.428571428571,0.487179487179,0.639344262295,0.59649122807,0.583333333333,0.54347826087,0.446428571429,0.525,0.350877192982,0.6,0.447368421053,0.558139534884,0.58064516129,0.540540540541,0.510204081633,0.484848484848,0.574468085106,0.534482758621,0.682926829268,0.490909090909,0.357142857143,0.45652173913,0.454545454545,0.525,0.390243902439,0.475,0.460317460317,0.483870967742,0.404761904762,0.444444444444,0.466666666667,0.48,0.410256410256,0.538461538462,0.590909090909,0.486486486486,0.527777777778,0.558823529412,0.489361702128,0.608695652174,0.436363636364,0.46511627907,0.5,0.423076923077,0.432432432432,0.616666666667,0.488888888889,0.4,0.529411764706,0.466666666667,0.431818181818,0.531914893617,0.589743589744,0.432432432432,0.538461538462,0.483333333333,0.53488372093,0.545454545455,0.613636363636,0.513513513514,0.390243902439,0.452830188679,0.584905660377,0.529411764706,0.553191489362,0.387755102041,0.585365853659,0.551020408163,0.395348837209,0.489795918367,0.446808510638,0.375,0.512195121951,0.458333333333,0.403846153846,0.558139534884,0.553571428571,0.45652173913,0.636363636364,0.614035087719,0.615384615385,0.541666666667,0.531914893617,0.439024390244,0.447368421053,0.386363636364,0.478260869565,0.5,0.473684210526,0.5,0.4,0.555555555556,0.622222222222,0.547169811321,0.565217391304,0.540540540541,0.615384615385,0.510638297872,0.466666666667,0.386363636364,0.478260869565,0.610169491525,0.354166666667,0.531914893617,0.547619047619,0.559322033898,0.62,0.62962962963,0.586956521739,0.510638297872,0.612903225806,0.404255319149,0.535714285714,0.48,0.536585365854,0.441860465116,0.522727272727,0.511111111111,0.40625,0.574074074074,0.481481481481,0.423076923077,0.458333333333,0.368421052632,0.538461538462,0.566666666667,0.409090909091,0.446428571429,0.588235294118,0.510204081633,0.524590163934,0.431818181818,0.519230769231,0.458333333333,0.508196721311,0.55,0.446428571429,0.462962962963,0.509803921569,0.52,0.375,0.547619047619,0.5,0.460317460317,0.512820512821,0.591836734694,0.466666666667,0.55,0.4,0.538461538462,0.441176470588,0.4,0.53488372093,0.514285714286,0.519230769231,0.475,0.47619047619,0.675675675676,0.657142857143,0.436363636364,0.458333333333,0.442307692308,0.590909090909,0.533333333333,0.510638297872,0.43137254902,0.433333333333,0.425,0.476923076923,0.410256410256,0.488888888889,0.428571428571,0.525,0.425925925926,0.351351351351,0.590909090909,0.536585365854,0.529411764706,0.365384615385,0.596153846154,0.530612244898,0.4,0.536585365854,0.583333333333,0.369565217391,0.557692307692,0.5,0.53488372093,0.571428571429,0.540983606557,0.71875,0.421052631579,0.464285714286,0.659090909091,0.513513513514,0.461538461538,0.563636363636,0.561403508772,0.5,0.535211267606,0.491803278689,0.431818181818,0.472222222222,0.591836734694,0.490566037736,0.508196721311,0.5,0.611111111111,0.510638297872,0.448979591837,0.5,0.461538461538,0.59375,0.666666666667,0.576923076923,0.578947368421,0.590909090909,0.54347826087,0.611111111111,0.386363636364,0.448275862069,0.560975609756,0.512820512821,0.428571428571,0.46875,0.454545454545,0.418181818182,0.558139534884,0.528301886792,0.478260869565,0.458333333333,0.421052631579,0.542857142857,0.531914893617,0.436363636364,0.527777777778,0.46875,0.410714285714,0.520833333333,0.527777777778,0.517857142857,0.5,0.438596491228,0.5,0.5,0.456140350877,0.56,0.390243902439,0.384615384615,0.5,0.448979591837,0.588235294118,0.435897435897,0.512820512821,0.581395348837,0.456140350877,0.482142857143,0.418604651163,0.410714285714,0.446428571429,0.549295774648,0.416666666667,0.488888888889,0.5,0.5,0.395833333333,0.514285714286,0.53125,0.527777777778,0.542857142857,0.458333333333,0.5,0.511627906977,0.614035087719,0.593220338983,0.558139534884,0.530612244898,0.52380952381,0.535714285714,0.5,0.541666666667,0.491228070175,0.519230769231,0.275,1.0,0.484848484848,0.457142857143,0.636363636364,0.521739130435,0.5,0.372549019608,0.365384615385,0.421052631579,0.490566037736,0.5,0.605263157895,0.52380952381,0.428571428571,0.470588235294,0.528301886792,0.36170212766,0.485294117647,0.46511627907,0.519230769231,0.5,0.468085106383,0.604166666667,0.509433962264,0.6,0.428571428571,0.309523809524,0.575757575758,0.6,0.514285714286,0.607843137255,0.714285714286,0.488888888889,0.452830188679,0.439024390244,0.560975609756,0.507692307692,0.447368421053,0.568965517241,0.525,0.292682926829,0.307692307692,0.479166666667,0.480769230769,0.451612903226,0.518518518519,0.553191489362,0.53125,0.425531914894,0.489795918367,0.390243902439,0.454545454545,0.543859649123,0.512195121951,0.659090909091,0.444444444444,0.5,0.357142857143,0.575,0.345454545455,0.538461538462,0.387755102041,0.513513513514,0.619047619048,0.636363636364,0.58064516129,0.545454545455,0.555555555556,0.5,0.555555555556,0.529411764706,0.487804878049,0.636363636364,0.588235294118,0.388888888889,0.403846153846,0.526315789474,0.51724137931,0.84375,0.842105263158,0.770833333333,0.6,0.823529411765,0.714285714286,0.549295774648,1.0,1.0,0.5,1.0,0.506849315068,0.439024390244,0.513513513514,0.483333333333,0.579710144928,0.851851851852,1.0,0.452380952381,0.619047619048,0.838709677419,0.575,0.511627906977,0.513513513514,0.43137254902,0.5,0.422222222222,0.833333333333,0.425531914894,1.0,0.892857142857,0.42,0.588235294118,0.454545454545,0.516666666667,0.471428571429,0.477611940299,0.47619047619,0.472727272727,0.473684210526,0.566037735849,0.490566037736,0.463414634146,0.392156862745,0.436363636364,0.454545454545,0.478260869565,0.439024390244,0.481481481481,0.533333333333,0.435897435897,0.490566037736,0.406779661017,0.354166666667,0.607843137255,0.575,0.628571428571,0.648148148148,0.649122807018,0.510204081633,0.5,0.530612244898,0.526315789474,0.537037037037,0.564102564103,0.529411764706,0.4375,0.492537313433,0.557692307692,0.463768115942,0.462962962963,0.46511627907,0.5,0.382978723404,0.645161290323,0.607142857143,0.679245283019,0.557692307692,0.511627906977,0.365853658537,0.54,0.529411764706,0.411764705882,0.463414634146,0.55,0.440677966102,0.463414634146,0.477272727273,0.5,0.459459459459,0.454545454545,0.375,0.454545454545,0.531914893617,0.548387096774,0.551020408163,0.487179487179,0.46511627907,0.471698113208,0.472222222222,0.583333333333,0.55,0.548387096774,0.509803921569,0.491228070175,0.522727272727,0.528301886792,0.563636363636,0.535714285714,0.354166666667,0.3,0.611111111111,0.630434782609,0.54347826087,0.472727272727,0.540540540541,0.522727272727,0.46,0.377777777778,0.435897435897,0.48,0.421052631579,0.491525423729,0.54,0.546666666667,0.547619047619,0.350877192982,0.5,0.42,0.642857142857,0.5,0.585714285714,0.78125,0.78125,0.627118644068,0.828571428571,0.583333333333,0.8,0.361111111111,0.342857142857,0.384615384615,0.608695652174,0.569444444444,0.469387755102,0.595744680851,0.666666666667,0.533333333333,0.525423728814,0.395833333333,0.632653061224,0.510204081633,0.46,0.507936507937,0.5,0.695652173913,0.584905660377,0.488888888889,0.528301886792,0.560975609756,0.509433962264,0.415094339623,0.53125,0.55,0.52,0.425925925926,0.450980392157,0.474576271186,0.464285714286,0.684210526316,0.433962264151,0.547619047619,0.549019607843,0.530612244898,0.52,0.555555555556,0.382978723404,0.315789473684,0.369565217391,0.463414634146,0.392156862745,0.4,0.527272727273,0.472727272727,0.447368421053,0.52380952381,0.413793103448,0.586956521739,0.439393939394,0.46511627907,0.486486486486,0.510638297872,0.411764705882,0.549019607843,0.59649122807,0.509803921569,0.5,0.541666666667,0.520833333333,0.54347826087,0.54,0.424242424242,0.675,0.491525423729,0.540540540541,0.547619047619,0.545454545455,0.527272727273,0.558823529412,0.590909090909,0.531914893617,0.5,0.5,0.461538461538,0.7,0.574468085106,0.454545454545,0.536585365854,0.420289855072,0.516129032258,0.468085106383,0.508196721311,0.469387755102,0.466666666667,0.47619047619,0.571428571429,0.557692307692,0.5,0.547619047619,0.510204081633,0.6,0.536585365854,0.577777777778,0.366666666667,0.394736842105,0.490566037736,0.549019607843,0.571428571429,0.45652173913,0.510638297872,0.508474576271,0.710526315789,0.538461538462,0.655172413793,0.482142857143,0.363636363636,0.525423728814,0.528301886792,0.387755102041,0.510638297872,0.636363636364,0.435897435897,0.594594594595,0.480769230769,0.415094339623,0.42,0.5,0.447368421053,0.425531914894,0.418181818182,0.4,0.475409836066,0.658536585366,0.571428571429,0.555555555556,0.588235294118,0.56,0.468085106383,0.363636363636,0.46,0.574468085106,0.413043478261,0.595744680851,0.584905660377,0.585365853659,0.588235294118,0.5,0.464285714286,0.511111111111,0.477272727273,0.526315789474,0.72972972973,0.621621621622,0.5,0.676470588235,0.531914893617,0.432432432432,0.5,0.452380952381,0.44,0.462962962963,0.611111111111,0.641791044776,0.628571428571,0.422222222222,0.326530612245,0.539682539683,0.526315789474,0.5,0.516666666667,0.659090909091,0.630434782609,0.512820512821,0.564102564103,0.533333333333,0.384615384615,0.418604651163,0.604166666667,0.482142857143,0.36,0.583333333333,0.591836734694,0.543859649123,0.652173913043,0.64,0.5,0.326530612245,0.597222222222,0.530612244898,0.479166666667,0.659574468085,0.517857142857,0.527777777778,0.509090909091,0.52,0.508196721311,0.581395348837,0.477272727273,0.488888888889,0.611111111111,0.368421052632,0.540540540541,0.541666666667,0.435897435897,0.462962962963,0.489795918367,0.56862745098,0.530303030303,0.372093023256,0.488888888889,0.394736842105,0.538461538462,0.342105263158,0.666666666667,0.707317073171,0.68085106383,0.537037037037,0.682926829268,0.558139534884,0.689655172414,0.36170212766,0.583333333333,0.5375,0.610169491525,0.55,0.59649122807,0.571428571429,0.37037037037,0.428571428571,0.410256410256,0.470588235294,0.512195121951,0.5,0.560606060606,0.56862745098,0.5,0.448275862069,0.45,0.291666666667,0.5625,0.68,0.660377358491,0.475409836066,0.666666666667,0.5,0.59375,0.555555555556,0.585365853659,0.454545454545,0.647058823529,0.477272727273,0.40350877193,0.507692307692,0.418181818182,0.4,0.423728813559,0.632653061224,0.571428571429,0.596153846154,0.529411764706,0.5,0.561403508772,0.5,0.512820512821,0.491803278689,0.43137254902,0.555555555556,0.5,0.541666666667,0.289473684211,0.605263157895,0.605263157895,0.459459459459,0.390243902439,0.589743589744,0.488888888889,0.452830188679,0.611111111111,0.51724137931,0.462686567164,0.426229508197,0.48275862069,0.530612244898,0.535714285714,0.7,0.564102564103,0.471698113208,0.575,0.575,0.586206896552,0.34375,0.647058823529,0.547619047619,0.547619047619,0.479166666667,0.480769230769,0.55,0.432432432432,0.361111111111,0.439024390244,0.46,0.46,0.595744680851,0.491228070175,0.490909090909,0.43137254902,0.433333333333,0.583333333333,0.525,0.4,0.446428571429,0.454545454545,0.533333333333,0.526315789474,0.524590163934,0.476923076923,0.416666666667,0.435897435897,0.414634146341,0.591836734694,0.538461538462,0.448979591837,0.473684210526,0.404255319149,0.604166666667,0.462686567164,0.479166666667,0.43137254902,0.514285714286,0.54347826087,0.510204081633,0.43137254902,0.520833333333,0.45652173913,0.421052631579,0.457142857143,0.641025641026,0.461538461538,0.558139534884,0.548387096774,0.40625,0.435897435897,0.512195121951,0.52380952381,0.452830188679,0.5,0.571428571429,0.533333333333,0.5,0.590163934426,0.5,0.518518518519,0.590909090909,0.542857142857,0.48,0.489795918367,0.435897435897,0.410256410256,0.619047619048,0.565217391304,0.5,0.625,1.0,0.666666666667,0.55737704918,0.517857142857,0.62,0.428571428571,0.431818181818,0.488372093023,0.489795918367,0.672727272727,0.45652173913,0.487804878049,0.533333333333,0.5,0.264150943396,0.535211267606,0.515151515152,0.571428571429,0.659090909091,0.553191489362,0.608695652174,0.413043478261,0.490909090909,0.461538461538,0.538461538462,0.45652173913,0.584905660377,0.613636363636,0.551020408163,0.393442622951,0.510204081633,0.56862745098,0.309090909091,0.405405405405,0.493333333333,0.62962962963,0.553191489362,0.391304347826,0.452380952381,0.574074074074,0.585365853659,0.404761904762,0.483870967742,0.380952380952,0.565217391304,0.5,0.645833333333,0.431034482759,0.464285714286,0.54,0.5,0.36170212766,0.422222222222,0.658536585366,0.488636363636,0.472222222222,0.390243902439,0.418604651163,0.489361702128,0.55737704918,0.5,0.585365853659,0.578947368421,0.441860465116,0.558139534884,0.553571428571,0.463414634146,0.581395348837,0.571428571429,0.410714285714,0.413043478261,0.487804878049,0.53125,0.625,0.567567567568,0.421052631579,0.52,0.576271186441,0.490196078431,0.489361702128,0.406779661017,0.528301886792,0.487804878049,0.534482758621,0.475,0.6,0.522388059701,0.551020408163,0.44,0.411764705882,0.473684210526,0.511111111111,0.403846153846,0.442307692308,0.536585365854,0.6,0.489361702128,0.5,0.477272727273,0.540540540541,0.5625,0.54,0.442307692308,0.5,0.409090909091,0.583333333333,0.458333333333,0.591836734694,0.52,0.385964912281,0.5625,0.491228070175,0.508771929825,0.482142857143,0.54,0.5,0.46,0.470588235294,0.576923076923,0.595744680851,0.45,0.463414634146,0.48,0.527027027027,0.581081081081,0.516666666667,0.534482758621,0.46511627907,0.418604651163,0.564102564103,0.492753623188,0.487804878049,0.472972972973,0.466666666667,0.475,0.574468085106,0.416666666667,0.426470588235,0.511111111111,0.425,0.426229508197,0.5,0.577777777778,0.465517241379,0.51724137931,0.431818181818,0.454545454545,0.560975609756,0.5,0.620689655172,0.5,0.611111111111,0.525,0.484848484848,0.591836734694,0.404761904762,0.44,0.384615384615,0.557692307692,0.42,0.444444444444,0.490566037736,0.525423728814,0.524590163934,0.539682539683,0.333333333333,0.468085106383,0.433962264151,0.448979591837,0.625,0.590909090909,0.395833333333,0.508474576271,0.44262295082,0.552631578947,0.552631578947,0.384615384615,0.5,0.490196078431,0.475,0.3125,0.34693877551,0.634615384615,0.525423728814,0.6,0.372093023256,0.574468085106,0.566666666667,0.525423728814,0.470588235294,0.45,0.589743589744,0.56862745098,0.583333333333,0.468085106383,0.5,0.5,0.527777777778,0.388888888889,0.375,0.52380952381,0.515151515152,0.538461538462,0.607843137255,0.5,0.384615384615,0.425531914894,0.488888888889,0.465517241379,0.452380952381,0.510204081633,0.487179487179,0.5,0.471698113208,0.454545454545,0.586206896552,0.642857142857,0.441176470588,0.228571428571,0.342105263158,0.52380952381,0.566666666667,0.653846153846,0.413043478261,0.4,0.485714285714,0.527272727273,0.549019607843,0.386363636364,0.488372093023,0.555555555556,0.511111111111,0.563636363636,0.466666666667,0.52380952381,0.480769230769,0.454545454545,0.529411764706,0.463768115942,0.485714285714,0.555555555556,0.5,0.515151515152,0.586206896552,0.363636363636,0.472727272727,0.372093023256,0.518518518519,0.436363636364,0.384615384615,0.613636363636,0.564102564103,0.564102564103,0.416666666667,0.631578947368,0.478260869565,0.488888888889,0.444444444444,0.553846153846,0.5,0.530612244898,0.421052631579,0.485714285714,0.568181818182,0.552631578947,0.490566037736,0.471698113208,0.558139534884,0.591836734694,0.657894736842,0.452380952381,0.490196078431,0.545454545455,0.5,0.541666666667,0.5,0.428571428571,0.38,0.375,0.425,0.384615384615,0.488888888889,0.5,0.571428571429,0.6,0.52,0.583333333333,0.558823529412,0.657142857143,0.490566037736,0.48275862069,0.270833333333,0.418604651163,0.405405405405,0.388888888889,0.342105263158,0.333333333333,0.4,0.5625,0.478260869565,0.333333333333,0.322580645161,0.390625,0.377049180328,0.533333333333,0.413043478261,0.479166666667,0.552631578947,0.521739130435,0.513513513514,0.444444444444,0.477272727273,0.487804878049,0.5,0.6,0.612244897959,0.434782608696,0.558139534884,0.526315789474,0.441176470588,0.645161290323,0.441176470588,0.573770491803,0.5,0.490909090909,0.509433962264,0.46,0.454545454545,0.44262295082,0.42,0.6,0.433962264151,0.478260869565,0.549295774648,0.566666666667,0.54,0.404255319149,0.433333333333,0.375,0.5,0.481481481481,0.45652173913,0.5,0.466666666667,0.47619047619,0.566666666667,0.522727272727,0.522727272727,0.702702702703,0.581395348837,0.512195121951,0.351351351351,0.566666666667,0.487179487179,0.487804878049,0.47619047619,0.472727272727,0.421052631579,0.48275862069,0.450980392157,0.574468085106,0.487179487179,0.47619047619,0.511627906977,0.457627118644,0.4375,0.6,0.578947368421,0.4375,0.470588235294,0.534246575342,0.488888888889,0.511627906977,0.612244897959,0.5,0.52380952381,0.510638297872,0.538461538462,0.616666666667,0.488888888889,0.470588235294,0.441860465116,0.612903225806,0.64,0.617021276596,0.5,0.5,0.568965517241,0.46875,0.382978723404,0.410714285714,0.347826086957,0.5,0.647058823529,0.604166666667,0.5,0.714285714286,0.690476190476,0.377358490566,0.428571428571,0.488372093023,0.555555555556,0.465517241379,0.351851851852,0.5,0.583333333333,0.358974358974,0.387755102041,0.461538461538,0.413043478261,0.46511627907,0.372881355932,0.435897435897,0.521739130435,0.486486486486,0.571428571429,0.545454545455,0.411764705882,0.404761904762,0.227272727273,0.575,0.52,0.566037735849,0.413793103448,0.56862745098,0.466666666667,0.509433962264,0.461538461538,0.452830188679,0.527272727273,0.6,0.545454545455,0.565789473684,0.476923076923,0.422222222222,0.482142857143,0.396551724138,0.478260869565,0.595238095238,0.581395348837,0.416666666667,0.459016393443,0.510204081633,0.491803278689,0.393939393939,0.438596491228,0.6,0.756097560976,0.542372881356,0.577777777778,0.442307692308,0.5,0.565217391304,0.428571428571,0.509803921569,0.658536585366,0.396226415094,0.325581395349,0.382352941176,0.470588235294,0.584905660377,0.51724137931,0.538461538462,0.533333333333,0.5,0.636363636364,0.54,0.442307692308,0.54,0.447368421053,0.622641509434,0.508196721311,0.58,0.519230769231,0.551724137931,0.480769230769,0.469387755102,0.452380952381,0.47619047619,0.468085106383,0.36170212766,0.454545454545,0.464788732394,0.471698113208,0.618181818182,0.54,0.545454545455,0.53488372093,0.560975609756,0.566037735849,0.5625,0.612244897959,0.566666666667,0.4375,0.510638297872,0.511627906977,0.388888888889,0.555555555556,0.488372093023,0.575,0.439024390244,0.627906976744,0.571428571429,0.46511627907,0.461538461538,0.571428571429,0.462962962963,0.508771929825,0.47619047619,0.565217391304,0.418181818182,0.5,0.59649122807,0.555555555556,0.538461538462,0.404761904762,0.536585365854,0.51724137931,0.339622641509,0.38,0.446428571429,0.446428571429,0.619047619048,0.583333333333,0.604166666667,0.666666666667,0.34375,0.58,0.571428571429,0.634615384615,0.666666666667,0.395348837209,0.357142857143,0.413043478261,0.46,0.423076923077,0.436363636364,0.583333333333,0.464285714286,0.609756097561,0.592592592593,0.450980392157,0.461538461538,0.581395348837,0.545454545455,0.555555555556,0.375,0.558139534884,0.5,0.487179487179,0.539682539683,0.740740740741,0.432432432432,0.511111111111,0.571428571429,0.5,0.470588235294,0.470588235294,0.478260869565,0.421052631579,0.379310344828,0.53125,0.621621621622,0.527777777778,0.518518518519,0.403846153846,0.673913043478,0.692307692308,0.674418604651,0.647058823529,0.333333333333,0.852941176471,0.636363636364,0.567567567568,0.536585365854,0.4375,0.518518518519,0.5625,0.538461538462,0.361111111111,0.513513513514,0.862068965517,0.522727272727,0.485714285714,0.421052631579,0.46511627907,0.384615384615,0.530612244898,0.578947368421,0.69387755102,0.695652173913,0.565217391304,0.589743589744,0.5,0.525,0.380952380952,0.677966101695,0.488372093023,0.490909090909,0.45652173913,0.465517241379,0.611111111111,0.488372093023,0.666666666667,0.426229508197,0.566037735849,0.327272727273,0.468085106383,0.488888888889,0.454545454545,0.477611940299,0.477272727273,0.510638297872,0.563636363636,0.471698113208,0.567901234568,0.529411764706,0.55,0.416666666667,0.4,0.525,0.465517241379,0.595744680851,0.530612244898,0.571428571429,0.485714285714,0.595238095238,0.595744680851,0.470588235294,0.527777777778,0.444444444444,0.532258064516,0.555555555556,0.326530612245,0.474576271186,0.5,0.55,0.666666666667,0.53488372093,0.452830188679,0.339622641509,0.395348837209,0.422222222222,0.536585365854,0.531914893617,0.54,0.591836734694,0.479166666667,0.481481481481,0.446428571429,0.464285714286,0.574074074074,0.541666666667,0.69387755102,0.509803921569,0.446808510638,0.461538461538,0.307692307692,0.463414634146,0.458333333333,0.576271186441,0.385964912281,0.53488372093,0.549019607843,0.511111111111,0.564102564103,0.432432432432,0.577777777778,0.604651162791,0.512195121951,0.510638297872,0.590909090909,0.471698113208,0.416666666667,0.541666666667,0.538461538462,0.508771929825,0.441176470588,0.340425531915,0.642857142857,0.59375,0.605263157895,0.52380952381,0.382352941176,0.416666666667,0.428571428571,0.577777777778,0.422222222222,0.333333333333,0.347826086957,0.658536585366,0.681818181818,0.686274509804,0.408163265306,0.563636363636,0.384615384615,0.631578947368,0.613636363636,0.511627906977,0.42,0.358974358974,0.636363636364,0.5,0.621621621622,0.462962962963,0.564102564103,0.46875,0.509803921569,0.5,0.461538461538,0.479166666667,0.52,0.466666666667,0.5,0.517857142857,0.6,0.518518518519,0.42,0.625,0.448979591837,0.452830188679,0.537037037037,0.64,0.590909090909,0.612244897959,0.382978723404,0.372093023256,0.609375,0.583333333333,0.566037735849,0.574074074074,0.588235294118,0.522727272727,0.380952380952,0.5625,0.466666666667,0.372549019608,0.622222222222,0.5,0.673913043478,0.673469387755,0.479166666667,0.454545454545,0.54347826087,0.47619047619,0.36170212766,0.6875,0.545454545455,0.448979591837,0.529411764706,0.493333333333,0.384615384615,0.551020408163,0.612903225806,0.450980392157,0.539682539683,0.722222222222,0.5,0.560975609756,0.342857142857,0.564102564103,0.422222222222,0.454545454545,0.481481481481,0.490196078431,0.619047619048,0.571428571429,0.552631578947,0.45652173913,0.5,0.48,0.468085106383,0.488372093023,0.542372881356,0.526315789474,0.411764705882,0.53125,0.509433962264,0.6,0.595238095238,0.391304347826,0.469387755102,0.522727272727,0.62,0.547169811321,0.540983606557,0.589743589744,0.433962264151,0.611111111111,0.409090909091,0.490909090909,0.583333333333,0.581395348837,0.404255319149,0.512820512821,0.467532467532,0.543859649123,0.452830188679,0.439024390244,0.450980392157,0.375,0.48,0.404255319149,0.595744680851,0.69696969697,0.458333333333,0.566037735849,0.472727272727,0.365853658537,0.509090909091,0.483333333333,0.47619047619,0.603773584906,0.520833333333,0.526315789474,0.521739130435,0.530612244898,0.5,0.5,0.603448275862,0.537037037037,0.454545454545,0.586956521739,0.611111111111,0.485714285714,0.552631578947,0.567164179104,0.428571428571,0.450980392157,0.607843137255,0.464285714286,0.533333333333,0.602941176471,0.636363636364,0.446808510638,0.475,0.514285714286,0.607843137255,0.607843137255,0.645833333333,0.589743589744,0.489361702128,0.547169811321,0.586956521739,0.359375,0.34693877551,0.615384615385,0.694444444444,0.509803921569,0.45652173913,0.387096774194,0.435897435897,0.492307692308,0.5,0.491525423729,0.392156862745,0.450980392157,0.615384615385,0.617021276596,0.592592592593,0.510638297872,0.357142857143,0.564102564103,0.527272727273,0.521739130435,0.555555555556,0.454545454545,0.6,0.536585365854,0.529411764706,0.395348837209,0.54347826087,0.676470588235,0.311111111111,0.396226415094,0.59375,0.487179487179,0.472222222222,0.571428571429,0.567567567568,0.537037037037,0.454545454545,0.58,0.477272727273,0.45652173913,0.553571428571,0.459459459459,0.441176470588,0.468085106383,0.509433962264,0.454545454545,0.583333333333,0.470588235294,0.490196078431,0.551020408163,0.479166666667,0.444444444444,0.518518518519,0.536231884058,0.472727272727,0.36,0.605263157895,0.53125,0.538461538462,0.549019607843,0.54347826087,0.5625,0.5,0.358490566038,0.563636363636,0.575757575758,0.444444444444,0.438596491228,0.386363636364,0.4,0.56,0.609756097561,0.541666666667,0.5,0.595744680851,0.518518518519,0.46,0.596774193548,0.512195121951,0.666666666667,0.522727272727,0.54,0.391304347826,0.410714285714,0.59649122807,0.568181818182,0.555555555556,0.544117647059,0.535211267606,0.545454545455,0.510204081633,0.603448275862,0.446808510638,0.418604651163,0.5,0.552631578947,0.434782608696,0.444444444444,0.468085106383,0.607843137255,0.660714285714,0.5,0.68253968254,0.581818181818,0.571428571429,0.527272727273,0.63829787234,0.478260869565,0.46511627907,0.452830188679,0.583333333333,0.510204081633,0.490909090909,0.54347826087,0.489795918367,0.435483870968,0.526315789474,0.521739130435,0.5625,0.444444444444,0.605263157895,0.658536585366,0.603773584906,0.446808510638,0.5,0.358490566038,0.433962264151,0.375,0.578947368421,0.459016393443,0.428571428571,0.617021276596,0.545454545455,0.577777777778,0.453125,0.25,0.459016393443,0.5,0.48275862069,0.547619047619,0.53488372093,0.575,0.441860465116,0.614035087719,0.42,0.5,0.5,0.519230769231,0.491228070175,0.379310344828,0.466666666667,0.545454545455,0.454545454545,0.5,0.46511627907,0.365384615385,0.4,0.428571428571,0.396226415094,0.468085106383,0.533333333333,0.555555555556,0.537037037037,0.439024390244,0.432432432432,0.461538461538,0.371428571429,0.52380952381,0.658536585366,0.416666666667,0.422222222222,0.468085106383,0.525423728814,0.441860465116,0.568181818182,0.451612903226,0.609756097561,0.423076923077,0.62,0.5,0.418604651163,0.575,0.592592592593,0.6,0.542857142857,0.616666666667,0.456140350877,0.465517241379,0.545454545455,0.433962264151,0.340909090909,0.341463414634,0.577777777778,0.58,0.568181818182,0.571428571429,0.470588235294,0.450980392157,0.509803921569,0.631578947368,0.487179487179,0.553191489362,0.548387096774,0.45652173913,0.438356164384,0.55,0.56,0.647058823529,0.531914893617,0.509433962264,0.484848484848,0.478260869565,0.453125,0.487179487179,0.469387755102,0.738095238095,0.489795918367,0.435897435897,0.375,0.52380952381,0.507462686567,0.439024390244,0.509090909091,0.5,0.548387096774,0.477272727273,0.511627906977,0.5625,0.5625,0.531914893617,0.434782608696,0.476923076923,0.5,0.446808510638,0.604166666667,0.488372093023,0.560606060606,0.431034482759,0.3,0.42,0.365384615385,0.625,0.540983606557,0.651162790698,0.512195121951,0.574468085106,0.387755102041,0.69696969697,0.537037037037,0.515151515152,0.509433962264,0.549019607843,0.548387096774,0.62962962963,0.5,0.452380952381,0.5,0.431818181818,0.532258064516,0.581818181818,0.425531914894,0.441860465116,0.616666666667,0.48,0.5,0.46,0.492753623188,0.444444444444,0.473684210526,0.456140350877,0.538461538462,0.4,0.541666666667,0.382978723404,0.532467532468,0.5,0.545454545455,0.565217391304,0.516129032258,0.469387755102,0.421875,0.48275862069,0.492753623188,0.5,0.530612244898,0.538461538462,0.55223880597,0.421052631579,0.489795918367,0.5,0.539682539683,0.524590163934,0.361111111111,0.482142857143,0.649122807018,0.428571428571,0.470588235294,0.418604651163,0.581081081081,0.461538461538,0.493506493506,0.464285714286,0.465517241379,0.576271186441,0.469387755102,0.425,0.597014925373,0.470588235294,0.396551724138,0.407407407407,0.525,0.625,0.55,0.543859649123,0.407407407407,0.452830188679,0.484848484848,0.442307692308,0.583333333333,0.5,0.446808510638,0.509803921569,0.388888888889,0.558139534884,0.552631578947,0.406779661017,0.491228070175,0.525423728814,0.5,0.404761904762,0.425,0.477272727273,0.539682539683,0.516129032258,0.538461538462,0.493150684932,0.5,0.490909090909,0.479166666667,0.5,0.647058823529,0.588235294118,0.563636363636,0.355555555556,0.483870967742,0.610169491525,0.547169811321,0.55,0.461538461538,0.489361702128,0.666666666667,0.512820512821,0.555555555556,0.44,0.375,0.45,0.634146341463,0.415094339623,0.45652173913,0.436363636364,0.571428571429,0.530612244898,0.540540540541,0.72,0.56862745098,0.410256410256,0.574468085106,0.5,0.481481481481,0.4,0.444444444444,0.530612244898,0.595238095238,0.652173913043,0.426229508197,0.456140350877,0.488372093023,0.547169811321,0.466666666667,0.475,0.428571428571,0.534482758621,0.446428571429,0.558823529412,0.451612903226,0.584905660377,0.589285714286,0.595744680851,0.546875,0.489361702128,0.56862745098,0.428571428571,0.59375,0.575757575758,0.532258064516,0.407407407407,0.611940298507,0.602941176471,0.53125,0.492307692308,0.45652173913,0.576923076923,0.462962962963,0.52380952381,0.611111111111,0.633333333333,0.595238095238,0.4,0.461538461538,0.472222222222,0.517857142857,0.673469387755,0.483870967742,0.475409836066,0.478260869565,0.592592592593,0.489361702128,0.466666666667,0.551724137931,0.392857142857,0.4,0.375,0.490909090909,0.596153846154,0.530612244898,0.434782608696,0.48,0.46,0.476923076923,0.528571428571,0.582089552239,0.447368421053,0.48,0.647058823529,0.519230769231,0.45652173913,0.452830188679,0.384615384615,0.51724137931,0.4,0.395833333333,0.428571428571,0.54,0.475,0.477611940299,0.433962264151,0.640625,0.490909090909,0.448979591837,0.444444444444,0.519230769231,0.489361702128,0.377777777778,0.369565217391,0.411764705882,0.596153846154,0.393939393939,0.465517241379,0.463414634146,0.469387755102,0.555555555556,0.406779661017,0.563636363636,0.564516129032,0.524590163934,0.566666666667,0.535714285714,0.508474576271,0.558139534884,0.515151515152,0.483870967742,0.428571428571,0.47619047619,0.511111111111,0.529411764706,0.45,0.538461538462,0.388888888889,0.576923076923,0.392857142857,0.521739130435,0.4,0.630434782609,0.452830188679,0.416666666667,0.590909090909,0.632653061224,0.48275862069,0.382978723404,0.58,0.576923076923,0.466666666667,0.513513513514,0.609756097561,0.541666666667,0.466666666667,0.613636363636,0.586956521739,0.421052631579,0.518518518519,0.528301886792,0.525423728814,0.648648648649,0.542372881356,0.512195121951,0.625,0.451612903226,0.509803921569,0.557692307692,0.54,0.619047619048,0.64,0.586206896552,0.377358490566,0.564516129032,0.675,0.527777777778,0.396226415094,0.3,0.454545454545,0.47619047619,0.571428571429,0.583333333333,0.438596491228,0.392156862745,0.574074074074,0.458333333333,0.342105263158,0.520833333333,0.490909090909,0.652173913043,0.511627906977,0.571428571429,0.532258064516,0.697674418605,0.584905660377,0.627906976744,0.391304347826,0.566037735849,0.530612244898,0.473684210526,0.512195121951,0.5,0.654545454545,0.355555555556,0.418918918919,0.477272727273,0.522727272727,0.434782608696,0.533333333333,0.416666666667,0.394736842105,0.510638297872,0.431818181818,0.551020408163,0.533333333333,0.489361702128,0.526315789474,0.535714285714,0.470588235294,0.509090909091,0.5,0.526315789474,0.5,0.513513513514,0.450980392157,0.534482758621,0.40350877193,0.575757575758,0.477272727273,0.65,0.481481481481,0.377777777778,0.550724637681,0.53488372093,0.538461538462,0.440677966102,0.490909090909,0.475,0.5,0.549019607843,0.5,0.4,0.442307692308,0.578125,0.535714285714,0.444444444444,0.536585365854,0.568181818182,0.545454545455,0.387096774194,0.466666666667,0.377358490566,0.391304347826,0.578947368421,0.59649122807,0.56,0.470588235294,0.481481481481,0.425531914894,0.518518518519,0.434782608696,0.416666666667,0.418604651163,0.486486486486,0.65625,0.452830188679,0.563636363636,0.529411764706,0.438596491228,0.382978723404,0.5,0.490196078431,0.469387755102,0.464285714286,0.425531914894,0.4375,0.45,0.536585365854,0.478260869565,0.510204081633,0.458333333333,0.4375,0.432432432432,0.557692307692,0.265306122449,0.48275862069,0.603773584906,0.478260869565,0.434782608696,0.5,0.530612244898,0.589743589744,0.468085106383,0.5,0.435897435897,0.54,0.62962962963,0.537313432836,0.589743589744,0.452830188679,0.482142857143,0.38,0.450980392157,0.47619047619,0.560975609756,0.459016393443,0.409090909091,0.681818181818,0.344827586207,0.428571428571,0.54,0.595744680851,0.477272727273,0.415094339623,0.479166666667,0.436363636364,0.471698113208,0.490909090909,0.470588235294,0.578947368421,0.533333333333,0.472222222222,0.5,0.586956521739,0.536585365854,0.45652173913,0.604651162791,0.378378378378,0.460317460317,0.425925925926,0.467741935484,0.435897435897,0.574468085106,0.5,0.521739130435,0.438596491228,0.382978723404,0.577777777778,0.564102564103,0.53488372093,0.448979591837,0.46,0.510204081633,0.423076923077,0.5,0.490196078431,0.465517241379,0.56862745098,0.509433962264,0.588235294118,0.521739130435,0.462962962963,0.58,0.636363636364,0.509433962264,0.44776119403,0.553191489362,0.558139534884,0.553191489362,0.418604651163,0.461538461538,0.568181818182,0.408163265306,0.547169811321,0.423728813559,0.457627118644,0.479166666667,0.676470588235,0.46875,0.416666666667,0.5,0.694444444444,0.5,0.527777777778,0.814814814815,0.772727272727,0.714285714286,0.53488372093,0.46875,0.525,0.884615384615,0.583333333333,0.434782608696,0.395348837209,0.524590163934,0.452830188679,0.590163934426,0.37037037037,0.423728813559,0.446428571429,0.414634146341,0.488888888889,0.444444444444,0.511111111111,0.512820512821,0.5,0.423076923077,0.415094339623,0.390243902439,0.518518518519,0.461538461538,0.533333333333,0.565217391304,0.625,0.522388059701,0.428571428571,0.5,0.382978723404,0.408163265306,0.5,0.444444444444,0.547169811321,0.527272727273,0.38,0.411764705882,0.514285714286,0.576923076923,0.648648648649,0.521739130435,0.595238095238,0.538461538462,0.530612244898,0.571428571429,0.46875,0.589285714286,0.326530612245,0.68085106383,0.648648648649,0.547169811321,0.48,0.483333333333,0.576271186441,0.42,0.416666666667,0.555555555556,0.46,0.464285714286,0.448979591837,0.46,0.454545454545,0.472972972973,0.183333333333,0.531914893617,0.490566037736,0.547169811321,0.487179487179,0.5,0.627906976744,0.5625,0.583333333333,0.586956521739,0.4375,0.5625,0.44,0.5,0.414634146341,0.450980392157,0.473684210526,0.424242424242,0.557692307692,0.462962962963,0.508771929825,0.477272727273,0.490909090909,0.53488372093,0.52,0.487179487179,0.474576271186,0.530303030303,0.484848484848,0.482142857143,0.491228070175,0.411764705882,0.532258064516,0.540983606557,0.551020408163,0.53488372093,0.527777777778,0.63829787234,0.648148148148,0.4375,0.54,0.541666666667,0.309523809524,0.673913043478,0.553571428571,0.62,0.56,0.527272727273,0.307692307692,0.413043478261,0.488888888889,0.488372093023,0.47619047619,0.487179487179,0.515625,0.553571428571,0.454545454545,0.6,0.436363636364,0.489795918367,0.675675675676,0.588235294118,0.5,0.486486486486,0.411764705882,0.488372093023,0.478260869565,0.472727272727,0.416666666667,0.510204081633,0.6,0.461538461538,0.361111111111,0.482142857143,0.547169811321,0.45,0.454545454545,0.388888888889,0.620689655172,0.395833333333,0.56,0.422222222222,0.5,0.470588235294,0.537037037037,0.454545454545,0.54347826087,0.46511627907,0.5,0.357142857143,0.52380952381,0.462962962963,0.5625,0.448979591837,0.509803921569,0.463414634146,0.408163265306,0.518518518519,0.508474576271,0.333333333333,0.547619047619,0.460317460317,0.428571428571,0.513513513514,0.628571428571,0.529411764706,0.56,0.896551724138,0.428571428571,0.571428571429,0.43137254902,0.466666666667,0.517857142857,0.533333333333,0.470588235294,0.509803921569,0.557692307692,0.5,0.615384615385,0.6,0.387755102041,0.651162790698,0.52380952381,0.5,0.5,0.5,0.471698113208,0.45652173913,0.454545454545,0.534482758621,0.5,0.484848484848,0.630434782609,0.441860465116,0.363636363636,0.549019607843,0.6,0.511627906977,0.520833333333,0.5,0.414634146341,0.442307692308,0.403846153846,0.360655737705,0.508771929825,0.531914893617,0.392156862745,0.608695652174,0.510204081633,0.571428571429,0.413043478261,0.423076923077,0.5,0.509433962264,0.450980392157,0.531914893617,0.5,0.5625,0.511111111111,0.372093023256,0.651162790698,0.54347826087,0.716981132075,0.271186440678,0.577777777778,0.473684210526,0.492307692308,0.44776119403,0.507692307692,0.436363636364,0.5,0.525,0.641025641026,0.565217391304,0.425,0.547169811321,0.394736842105,0.477611940299,0.573770491803,0.55,0.567567567568,0.5,0.666666666667,0.519230769231,0.423076923077,0.5,0.552631578947,0.684210526316,0.630434782609,0.5,0.619047619048,0.666666666667,0.52,0.44,0.454545454545,0.483333333333,0.472727272727,0.642857142857,0.666666666667,0.661290322581,0.488372093023,0.63829787234,0.545454545455,0.551724137931,0.526315789474,0.557692307692,0.551020408163,0.487804878049,0.560975609756,0.533333333333,0.51724137931,0.473684210526,0.467741935484,0.559322033898,0.406779661017,0.5,0.372093023256,0.5,0.590909090909,0.564102564103,0.42,0.537037037037,0.591836734694,0.509090909091,0.487804878049,0.56,0.45,0.542857142857,0.528301886792,0.466666666667,0.5,0.489795918367,0.55,0.467741935484,0.509803921569,0.574468085106,0.541666666667,0.508771929825,0.553571428571,0.62,0.491803278689,0.609756097561,0.547619047619,0.842105263158,0.454545454545,0.52,0.425,0.441176470588,0.432432432432,0.625,0.558139534884,0.459459459459,0.5625,0.563636363636,0.487804878049,0.532258064516,0.478260869565,0.481481481481,0.5,0.519230769231,0.464285714286,0.446428571429,0.409090909091,0.508771929825,0.522727272727,0.395348837209,0.44,0.454545454545,0.547619047619,0.56,0.488372093023,0.478260869565,0.509803921569,0.536585365854,0.490196078431,0.448275862069,0.519230769231,0.538461538462,0.5,0.48,0.522727272727,0.5,0.543859649123,0.589285714286,0.574468085106,0.559322033898,0.348837209302,0.5,0.58064516129,0.462686567164,0.611111111111,0.45652173913,0.4,0.477272727273,0.521739130435,0.459016393443,0.526315789474,0.421052631579,0.522727272727,0.5,0.658536585366,0.560975609756,0.641509433962,0.54,0.5,0.5,0.483333333333,0.481481481481,0.593220338983,0.617021276596,0.5,0.517857142857,0.674418604651,0.515151515152,0.583333333333,0.615384615385,0.571428571429,0.457142857143,0.576271186441,0.543859649123,0.5,0.531914893617,0.527272727273,0.547619047619,0.511111111111,0.480769230769,0.489795918367,0.477272727273,0.516129032258,0.531914893617,0.560975609756,0.5,0.480769230769,0.522727272727,0.444444444444,0.5,0.516129032258,0.448979591837,0.5,0.525423728814,0.508771929825,0.5,0.615384615385,0.594594594595,0.45652173913,0.521739130435,0.536585365854,0.454545454545,0.452380952381,0.625,0.539682539683,0.568181818182,0.538461538462,0.5,0.585365853659,0.613636363636,0.538461538462,0.54347826087,0.460317460317,0.524590163934,0.475,0.475,0.609756097561,0.48,0.418604651163,0.806451612903,0.878787878788,0.880952380952,0.46511627907,0.5,0.468085106383,0.522388059701,0.448275862069,0.44776119403,0.528301886792,0.333333333333,0.423728813559,0.507692307692,0.540540540541,0.630434782609,0.488888888889,0.588235294118,0.423076923077,0.4375,0.534482758621,0.488372093023,0.452380952381,0.5,0.538461538462,0.414634146341,0.456140350877,0.508196721311,0.428571428571,0.517857142857,0.41935483871,0.563636363636,0.352941176471,0.367346938776,0.408163265306,0.461538461538,0.454545454545,0.6,0.396226415094,0.594594594595,0.481481481481,0.569230769231,0.555555555556,0.519230769231,0.446428571429,0.5,0.448275862069,0.627906976744,0.52,0.481481481481,0.473684210526,0.571428571429,0.649122807018,0.581395348837,0.568181818182,0.52,0.446808510638,0.527272727273,0.491228070175,0.551020408163,0.54,0.458333333333,0.622222222222,0.380952380952,0.518518518519,0.463414634146,0.372093023256,0.5625,0.392156862745,0.453125,0.508196721311,0.512195121951,0.351351351351,0.575,0.357142857143,0.686274509804,0.534482758621,0.510638297872,0.428571428571,0.488888888889,0.446428571429,0.365853658537,0.521739130435,0.355555555556,0.446808510638,0.411764705882,0.612244897959,0.595744680851,0.5,0.425531914894,0.555555555556,0.442307692308,0.574468085106,0.529411764706,0.595238095238,0.5,0.463414634146,0.625,0.347826086957,0.538461538462,0.56,0.510638297872,0.536585365854,0.54,0.346153846154,0.416666666667,0.446428571429,0.431818181818,0.441860465116,0.375,0.5,0.421052631579,0.574074074074,0.5,0.622641509434,0.477272727273,0.547619047619,0.47619047619,0.5,0.425925925926,0.380952380952,0.436363636364,0.479166666667,0.48,0.358208955224,0.416666666667,0.528301886792,0.416666666667,0.568181818182,0.418604651163,0.592592592593,0.363636363636,0.611111111111,0.457142857143,0.612903225806,0.586956521739,0.490909090909,0.42,0.490566037736,0.466666666667,0.571428571429,0.542857142857,0.545454545455,0.578947368421,0.595744680851,0.538461538462,0.480769230769,0.52,0.537037037037,0.354166666667,0.472727272727,0.472222222222,0.444444444444,0.377049180328,0.425925925926,0.571428571429,0.553571428571,0.5,0.311111111111,0.510638297872,0.648148148148,0.45,0.586956521739,0.434782608696,0.561403508772,0.43137254902,0.647058823529,0.555555555556,0.574468085106,0.5,0.538461538462,0.549019607843,0.533333333333,0.586956521739,0.45,0.461538461538,0.5625,0.566666666667,0.490909090909,0.436363636364,0.413793103448,0.530612244898,0.65306122449,0.519230769231,0.487804878049,0.5,0.577777777778,0.673913043478,0.622222222222,0.52,0.444444444444,0.5,0.625,0.208333333333,0.487179487179,0.588235294118,0.358490566038,0.561403508772,0.481481481481,0.481481481481,0.386363636364,0.433962264151,0.475409836066,0.5,0.555555555556,0.489361702128,0.555555555556,0.483333333333,0.367647058824,0.567164179104,0.540983606557,0.519230769231,0.391304347826,0.549019607843,0.514285714286,0.40350877193,0.553571428571,0.52380952381,0.45,0.613636363636,0.673469387755,0.571428571429,0.528301886792,0.462962962963,0.462962962963,0.56,0.534482758621,0.48275862069,0.588235294118,0.588235294118,0.481481481481,0.606557377049,0.527777777778,0.463414634146,0.466666666667,0.472727272727,0.421052631579,0.475,0.527777777778,0.46875,0.545454545455,0.456140350877,0.537037037037,0.363636363636,0.444444444444,0.355555555556,0.509433962264,0.5,0.450980392157,0.357142857143,0.510638297872,0.415384615385,0.47619047619,0.490909090909,0.5,0.471698113208,0.469387755102,0.596153846154,0.517857142857,0.54,0.511111111111,0.512820512821,0.540540540541,0.391304347826,0.394736842105,0.574468085106,0.521739130435,0.410714285714,0.573770491803,0.432432432432,0.535714285714,0.432432432432,0.560975609756,0.575,0.4375,0.448275862069,0.553191489362,0.581395348837,0.477272727273,0.547619047619,0.468085106383,0.416666666667,0.52,0.488372093023,0.509803921569,0.461538461538,0.482142857143,0.609756097561,0.387096774194,0.384615384615,0.512195121951,0.466666666667,0.25,0.688888888889,0.705882352941,0.5625,0.540540540541,0.393939393939,0.404255319149,0.690476190476,0.416666666667,0.433333333333,0.490909090909,0.46875,0.509803921569,0.666666666667,0.489795918367,0.627450980392,0.472727272727,0.575,0.490566037736,0.642857142857,0.469387755102,0.442307692308,0.510204081633,0.326086956522,0.607142857143,0.326923076923,0.578947368421,0.415094339623,0.346153846154,0.450980392157,0.568965517241,0.458333333333,0.5,0.55,0.485714285714,0.45652173913,0.472222222222,0.54347826087,0.476923076923,0.450704225352,0.558823529412,0.486486486486,0.482142857143,0.470588235294,0.571428571429,0.56862745098,0.590909090909,0.55737704918,0.433962264151,0.357142857143,0.538461538462,0.4375,0.44,0.469387755102,0.357142857143,0.482142857143,0.547169811321,0.47619047619,0.538461538462,0.568181818182,0.5,0.447368421053,0.783783783784,0.543859649123,0.678571428571,0.586956521739,0.435897435897,0.575,0.553191489362,0.535714285714,0.472727272727,0.526315789474,0.41095890411,0.5,0.619047619048,0.5,0.416666666667,0.462962962963,0.540540540541,0.458333333333,0.474576271186,0.620689655172,0.530612244898,0.489795918367,0.384615384615,0.408163265306,0.354166666667,0.520833333333,0.492063492063,0.507246376812,0.509803921569,0.539682539683,0.407407407407,0.533333333333,0.525423728814,0.489361702128,0.588235294118,0.342105263158,0.596153846154,0.586206896552,0.487179487179,0.552631578947,0.555555555556,0.509433962264,0.454545454545,0.459016393443,0.574468085106,0.462962962963,0.573770491803,0.545454545455,0.426229508197,0.388888888889,0.40625,0.673076923077,0.526315789474,0.659090909091,0.354838709677,0.325581395349,0.462686567164,0.434210526316,0.489361702128,0.487179487179,0.525,0.595744680851,0.465517241379,0.538461538462,0.529411764706,0.571428571429,0.5,0.444444444444,0.458333333333,0.486486486486,0.571428571429,0.510638297872,0.415094339623,0.514285714286,0.440677966102,0.438596491228,0.452380952381,0.409090909091,0.508771929825,0.47619047619,0.5,0.6,0.446808510638,0.659090909091,0.464285714286,0.448275862069,0.527272727273,0.5,0.545454545455,0.5,0.5,0.512820512821,0.468085106383,0.524590163934,0.532258064516,0.603773584906,0.566037735849,0.488888888889,0.551020408163,0.52380952381,0.511627906977,0.475,0.404255319149,0.483333333333,0.352941176471,0.591836734694,0.384615384615,0.4375,0.517857142857,0.533333333333,0.566666666667,0.535714285714,0.613636363636,0.55,0.552631578947,0.4,0.536231884058,0.518518518519,0.462962962963,0.5,0.491228070175,0.5,0.489795918367,0.56,0.541666666667,0.472727272727,0.5625,0.4375,0.487804878049,0.473684210526,0.358974358974,0.404761904762,0.380952380952,0.357142857143,0.533333333333,0.469387755102,0.530612244898,0.604166666667,0.480769230769,0.387755102041,0.56862745098,0.474576271186,0.416666666667,0.452380952381,0.603448275862,0.40350877193,0.490566037736,0.574468085106,0.521739130435,0.538461538462,0.608695652174,0.415094339623,0.411764705882,0.421052631579,0.548387096774,0.484848484848,0.441176470588,0.441860465116,0.52,0.488888888889,0.478260869565,0.471698113208,0.456140350877,0.410714285714,0.473684210526,0.911764705882,0.71875,0.489795918367,0.524590163934,0.404255319149,0.48275862069,0.482142857143,0.46,0.425,0.533333333333,0.379310344828,0.438596491228,0.434782608696,0.529411764706,0.423076923077,0.263157894737,0.395348837209,0.532258064516,0.492063492063,0.452830188679,0.636363636364,0.508771929825,0.472727272727,0.415094339623,0.491228070175,0.404255319149,0.380952380952,0.358974358974,0.468085106383,0.48275862069,0.622641509434,0.540983606557,0.527272727273,0.521739130435,0.490196078431,0.46,0.477272727273,0.413793103448,0.414634146341,0.448275862069,0.444444444444,0.465517241379,0.462962962963,0.509803921569,0.478260869565,0.456140350877,0.538461538462,0.553191489362,0.555555555556,0.510204081633,0.551724137931,0.457142857143,0.472727272727,0.615384615385,0.5,0.538461538462,0.537313432836,0.519230769231,0.490909090909,0.442307692308,0.574074074074,0.55,0.571428571429,0.532258064516,0.5,0.546875,0.5,0.428571428571,0.491228070175,0.5,0.333333333333,0.567164179104,0.45652173913,0.620689655172,0.465517241379,0.538461538462,0.509803921569,0.511627906977,0.596153846154,0.55,0.45652173913,0.533333333333,0.538461538462,0.571428571429,0.44,0.425531914894,0.481481481481,0.490196078431,0.384615384615,0.514285714286,0.516666666667,0.40350877193,0.475,0.488372093023,0.564102564103,0.515625,0.44,0.466666666667,0.51724137931,0.571428571429,0.421052631579,0.568181818182,0.555555555556,0.534482758621,0.441860465116,0.574468085106,0.651162790698,0.648648648649,0.54,0.521739130435,0.558823529412,0.577777777778,0.472727272727,0.454545454545,0.338461538462,0.452830188679,0.545454545455,0.439024390244,0.465517241379,0.589743589744,0.590163934426,0.509803921569,0.541666666667,0.578947368421,0.44,0.472222222222,0.594594594595,0.514285714286,0.47619047619,0.564102564103,0.36,0.566666666667,0.568181818182,0.576923076923,0.64406779661,0.595238095238,0.448979591837,0.456140350877,0.465517241379,0.473684210526,0.604166666667,0.617021276596,0.52,0.483333333333,0.48,0.5,0.515151515152,0.521739130435,0.571428571429,0.428571428571,0.466666666667,0.518518518519,0.487179487179,0.433962264151,0.634615384615,0.55,0.551724137931,0.454545454545,0.458333333333,0.6,0.442307692308,0.476923076923,0.48,0.517857142857,0.529411764706,0.53488372093,0.55737704918,0.542372881356,0.47619047619,0.405405405405,0.5,0.522727272727,0.518518518519,0.441860465116,0.533333333333,0.447368421053,0.525,0.470588235294,0.413043478261,0.608695652174,0.583333333333,0.528301886792,0.530612244898,0.472727272727,0.446153846154,0.454545454545,0.573770491803,0.377358490566,0.229166666667,0.5,0.546875,0.488372093023,0.528301886792,0.421052631579,0.56,0.611111111111,0.473684210526,0.76,0.605263157895,0.584615384615,0.431034482759,0.531914893617,0.521739130435,0.384615384615,0.553191489362,0.482142857143,0.542857142857,0.428571428571,0.457142857143,0.509803921569,0.511111111111,0.444444444444,0.432432432432,0.418604651163,0.466666666667,0.5,0.368421052632,0.530612244898,0.468085106383,0.441860465116,0.358490566038,0.5,0.555555555556,0.516129032258,0.375,0.5,0.5,0.5,0.469387755102,0.492063492063,0.529411764706,0.461538461538,0.488888888889,0.52380952381,0.479166666667,0.519230769231,0.488888888889,0.48,0.464285714286,0.584905660377,0.466666666667,0.484848484848,0.55,0.462962962963,0.486486486486,0.5,0.575757575758,0.512195121951,0.472222222222,0.431034482759,0.583333333333,0.5,0.666666666667,0.586956521739,0.452380952381,0.446808510638,0.555555555556,0.5,0.324324324324,0.522727272727,0.596153846154,0.5,0.44,0.375,0.434782608696,0.492063492063,1.0,0.431034482759,0.375,0.421052631579,0.518518518519,0.464285714286,0.537037037037,0.525,0.5,0.438596491228,0.564516129032,0.591836734694,0.472727272727,0.395348837209,0.586956521739,0.619047619048,0.563636363636,0.462962962963,0.538461538462,0.5,0.52,0.530612244898,0.510638297872,0.405405405405,0.477611940299,0.472222222222,0.536585365854,0.490196078431,0.540540540541,0.533333333333,0.48,0.38,0.557692307692,0.603773584906,0.589285714286,0.647058823529,0.596153846154,0.615384615385,0.531914893617,0.571428571429,0.586956521739,0.603448275862,0.512195121951,0.4,0.524590163934,0.531914893617,0.577777777778,0.411764705882,0.481481481481,0.440677966102,0.673913043478,0.641025641026,0.54,0.56862745098,0.509433962264,0.510204081633,0.490196078431,0.625,0.595744680851,0.585365853659,0.555555555556,0.367346938776,0.436363636364,0.56,0.604651162791,0.431818181818,0.536585365854,0.560975609756,0.42,0.4,0.543859649123,0.560975609756,0.5,0.545454545455,0.450980392157,0.622641509434,0.459459459459,0.525,0.612244897959,0.62,0.5,0.475409836066,0.479166666667,0.576923076923,0.6,0.632653061224,0.551020408163,0.611111111111,0.595744680851,0.545454545455,0.53488372093,0.480769230769,0.395348837209,0.539682539683,0.565217391304,0.688888888889,0.450980392157,0.428571428571,0.467741935484,0.571428571429,0.591836734694,0.486486486486,0.484848484848,0.619047619048,0.564102564103,0.538461538462,0.510204081633,0.486486486486,0.524590163934,0.538461538462,0.469387755102,0.766666666667,0.447368421053,0.5,0.55,0.410714285714,0.524590163934,0.5,0.464285714286,0.428571428571,0.4375,0.468085106383,0.45,0.578947368421,0.377358490566,0.606557377049,0.4375,0.489361702128,0.441176470588,0.459459459459,0.58,0.486486486486,0.388888888889,0.456140350877,0.444444444444,0.542857142857,0.479166666667,0.650793650794,0.56862745098,0.611111111111,0.508771929825,0.510204081633,0.612244897959,0.381818181818,0.672131147541,0.483870967742,0.433962264151,0.369565217391,0.479166666667,0.48,0.448979591837,0.358490566038,0.508474576271,0.476923076923,0.521739130435,0.525,0.46511627907,0.409090909091,0.545454545455,0.403846153846,0.613636363636,0.5,0.6,0.483870967742,0.377049180328,0.475409836066,0.509433962264,0.543859649123,0.6,0.456140350877,0.545454545455,0.516666666667,0.539682539683,0.557692307692,0.648148148148,0.543859649123,0.489795918367,0.590909090909,0.704545454545,0.673076923077,0.433962264151,0.459016393443,0.389830508475,0.55737704918,0.481481481481,0.311111111111,0.390243902439,0.583333333333,0.439024390244,0.53488372093,0.366666666667,0.352941176471,0.52,0.462962962963,0.5,0.536585365854,0.469696969697,0.475409836066,0.384615384615,0.730158730159,0.454545454545,0.421052631579,0.607142857143,0.561403508772,0.368421052632,0.591549295775,0.490909090909,0.467741935484,0.530303030303,0.434782608696,0.58064516129,0.612903225806,0.464285714286,0.58,0.5,0.404255319149,0.365384615385,0.56862745098,0.538461538462,0.480769230769,0.520833333333,0.545454545455,0.595238095238,0.457627118644,0.483333333333,0.387755102041,0.724137931034,0.461538461538,0.47619047619,0.531914893617,0.689655172414,0.5,0.5,0.468085106383,0.553191489362,0.5,0.480769230769,0.5,0.545454545455,0.566037735849,0.4,0.309523809524,0.45652173913,0.454545454545,0.6,0.533333333333,0.553191489362,0.56862745098,0.55737704918,0.533333333333,0.543859649123,0.542372881356,0.591836734694,0.569230769231,0.416666666667,0.508196721311,0.458333333333,0.509803921569,0.641025641026,0.477272727273,0.458333333333,0.391304347826,0.553571428571,0.52380952381,0.583333333333,0.508771929825,0.458333333333,0.666666666667,0.65306122449,0.688888888889,0.395833333333,0.657894736842,0.6,0.559322033898,0.510638297872,0.5625,0.433962264151,0.453125,0.425531914894,0.478260869565,0.507936507937,0.479166666667,0.522388059701,0.5,0.492753623188,0.510204081633,0.436363636364,0.382978723404,0.377358490566,0.545454545455,0.5,0.559322033898,0.484375,0.5,0.415384615385,0.428571428571,0.438596491228,0.659090909091,0.482142857143,0.478260869565,0.5,0.541666666667,0.372093023256,0.54347826087,0.513513513514,0.642857142857,0.522727272727,0.521739130435,0.6,0.6,0.565217391304,0.425531914894,0.434782608696,0.357142857143,0.342105263158,0.511627906977,0.604166666667,0.583333333333,0.571428571429,0.612244897959,0.529411764706,0.43137254902,0.551020408163,0.469387755102,0.510204081633,0.69696969697,0.634146341463,0.620689655172,0.621621621622,0.488888888889,0.571428571429,0.58,0.40350877193,0.441860465116,0.521739130435,0.479166666667,0.434782608696,0.54,0.454545454545,0.413793103448,0.534482758621,0.590909090909,0.396226415094,0.584905660377,0.454545454545,0.585365853659,0.4,0.511111111111,0.43137254902,0.432432432432,0.574468085106,0.541666666667,0.546875,0.5,0.509433962264,0.59649122807,0.490566037736,0.512195121951,0.464285714286,0.490909090909,0.52,0.604166666667,0.418604651163,0.5,0.547169811321,0.462962962963,0.452830188679,0.62,0.347826086957,0.482142857143,0.56862745098,0.442307692308,0.489795918367,0.5625,0.470588235294,0.468085106383,0.488888888889,0.378378378378,0.577777777778,0.561403508772,0.606557377049,0.577777777778,0.549019607843,0.620689655172,0.581818181818,0.410256410256,0.448979591837,0.483870967742,0.452830188679,0.604651162791,0.538461538462,0.461538461538,0.54,0.566037735849,0.467741935484,0.5,0.44262295082,0.479166666667,0.421052631579,0.652173913043,0.5,0.551724137931,0.5,0.5,0.478260869565,0.5,0.576923076923,0.540540540541,0.468085106383,0.512195121951,0.381818181818,0.402985074627,0.521739130435,0.436363636364,0.5,0.425925925926,0.471698113208,0.444444444444,0.488888888889,0.453125,0.386363636364,0.589743589744,0.46,0.42,0.5625,0.490196078431,0.567567567568,0.56,0.391304347826,0.885714285714,0.48275862069,0.789473684211,0.469387755102,0.534482758621,0.491228070175,0.521739130435,0.622222222222,0.660377358491,0.547619047619,0.475,0.571428571429,0.409090909091,0.44,0.475409836066,0.389830508475,0.466666666667,0.55,0.5625,0.518518518519,0.425925925926,0.542372881356,0.593220338983,0.44,0.553846153846,0.54347826087,0.466666666667,0.54347826087,0.547169811321,0.516666666667,0.46,0.431034482759,0.333333333333,0.428571428571,0.431818181818,0.478260869565,0.375,0.45652173913,0.4,0.555555555556,0.477272727273,0.581818181818,0.46,0.553191489362,0.433333333333,0.461538461538,0.36,0.586956521739,0.415094339623,0.5,0.593220338983,0.534482758621,0.490909090909,0.625,0.466666666667,0.471698113208,0.575,0.490196078431,0.428571428571,0.417910447761,0.512820512821,0.411764705882,0.490566037736,0.490566037736,0.673913043478,0.586956521739,0.5,0.526315789474,0.40350877193,0.533333333333,0.537037037037,0.454545454545,0.508474576271,0.536585365854,0.510204081633,0.511627906977,0.491525423729,0.535714285714,0.5,0.530612244898,0.45652173913,0.555555555556,0.862068965517,0.454545454545,0.6,0.514285714286,0.5,0.478260869565,0.528301886792,0.535714285714,0.622222222222,0.52,0.434782608696,0.545454545455,0.5625,0.5,0.439393939394,0.432432432432,0.56,0.478260869565,0.470588235294,0.489795918367,0.46875,0.436363636364,0.555555555556,0.6,0.465517241379,0.451612903226,0.462686567164,0.339622641509,0.482142857143,0.565217391304,0.520833333333,0.46511627907,0.454545454545,0.5,0.365384615385,0.5,0.52380952381,0.480769230769,0.55,0.463414634146,0.470588235294,0.304347826087,0.45,0.385964912281,0.461538461538,0.630769230769,0.551724137931,0.540983606557,0.516129032258,0.521739130435,0.487804878049,0.545454545455,0.578947368421,0.457142857143,0.62,0.42,0.37037037037,0.350877192982,0.409090909091,0.285714285714,0.269230769231,0.448979591837,0.553571428571,0.596153846154,0.469387755102,0.388888888889,0.405405405405,0.531914893617,0.440677966102,0.440677966102,0.425925925926,0.534482758621,0.553571428571,0.51724137931,0.470588235294,0.531914893617,0.513513513514,0.479166666667,0.53488372093,0.520833333333,0.451612903226,0.404761904762,0.637931034483,0.475409836066,0.483870967742,0.5,0.424242424242,0.32,0.433962264151,0.461538461538,0.51724137931,0.5,0.444444444444,0.5,0.6,0.7,0.685714285714,0.382978723404,0.577777777778,0.591836734694,0.428571428571,0.547619047619,0.5,0.404761904762,0.428571428571,0.414634146341,0.411764705882,0.571428571429,0.431818181818,0.454545454545,0.58,0.574074074074,0.607843137255,0.571428571429,0.365384615385,0.454545454545,0.515151515152,0.58,0.553191489362,0.454545454545,0.464285714286,0.477272727273,0.5,0.52,0.434782608696,0.594594594595,0.421052631579,0.561403508772,0.549019607843,0.622222222222,0.5,0.511627906977,0.409090909091,0.480769230769,0.4375,0.485714285714,0.446428571429,0.559322033898,0.568181818182,0.529411764706,0.541666666667,0.5,0.487179487179,0.511627906977,0.5,0.555555555556,0.52,0.509090909091,0.657894736842,0.486486486486,0.555555555556,0.479166666667,0.52380952381,0.415094339623,0.407407407407,0.530612244898,0.5,0.477611940299,0.619047619048,0.6,0.694444444444,0.608695652174,0.666666666667,0.613636363636,0.632653061224,0.534482758621,0.475409836066,0.475409836066,0.523076923077,0.55223880597,0.514705882353,0.450980392157,0.456140350877,0.525423728814,0.405405405405,0.581395348837,0.512195121951,0.414634146341,0.452830188679,0.444444444444,0.535714285714,0.625,0.307692307692,0.392857142857,0.351351351351,0.28125,0.4,0.479166666667,0.442307692308,0.508771929825,0.525,0.55223880597,0.490566037736,0.634146341463,0.475,0.596153846154,0.5,0.435483870968,0.551020408163,0.530612244898,0.470588235294,0.534482758621,0.470588235294,0.553191489362,0.446808510638,0.553571428571,0.540540540541,0.552631578947,0.564102564103,0.530612244898,0.533333333333,0.5,0.446428571429,0.490566037736,0.44,0.482142857143,0.51724137931,0.590909090909,0.551020408163,0.525423728814,0.54,0.551724137931,0.507936507937,0.535714285714,0.525423728814,0.462962962963,0.483870967742,0.512820512821,0.583333333333,0.508474576271,0.576923076923,0.418181818182,0.372093023256,0.423076923077,0.590909090909,0.428571428571,0.551020408163,0.333333333333,0.538461538462,0.473684210526,0.472727272727,0.681818181818,0.549019607843,0.557692307692,0.527272727273,0.590909090909,0.584615384615,0.53488372093,0.666666666667,0.38,0.301886792453,0.406779661017,0.391304347826,0.538461538462,0.533333333333,0.541666666667,0.468085106383,0.51724137931,0.457627118644,0.519230769231,0.538461538462,0.358974358974,0.594594594595,0.488372093023,0.454545454545,0.595744680851,0.641509433962,0.764705882353,0.452830188679,0.531914893617,0.610169491525,0.442307692308,0.462962962963,0.396226415094,0.433962264151,0.528301886792,0.448979591837,0.5,0.448275862069,0.511627906977,0.452380952381,0.584905660377,0.466666666667,0.5,0.628571428571,0.521739130435,0.479166666667,0.612244897959,0.446428571429,0.490196078431,0.405797101449,0.530612244898,0.491228070175,0.555555555556,0.596153846154,0.578947368421,0.507936507937,0.636363636364,0.489795918367,0.551724137931,0.303571428571,0.45,0.565217391304,0.527777777778,0.509090909091,0.517857142857,0.512820512821,0.433962264151,0.631578947368,0.555555555556,0.521739130435,0.595238095238,0.439024390244,0.483333333333,0.617021276596,0.539682539683,0.560975609756,0.428571428571,0.435897435897,0.603773584906,0.509090909091,0.551724137931,0.489361702128,0.525423728814,0.538461538462,0.478260869565,0.584905660377,0.394736842105,0.519230769231,0.458333333333,0.566037735849,0.584905660377,0.620689655172,0.5,0.486486486486,0.44,0.59649122807,0.446428571429,0.571428571429,0.490566037736,0.44,0.340425531915,0.551020408163,0.571428571429,0.610169491525,0.574468085106,0.541666666667,0.452830188679,0.4375,0.617021276596,0.456140350877,0.384615384615,0.507936507937,0.551724137931,0.568965517241,0.5,0.512195121951,0.533333333333,0.53488372093,0.590163934426,0.428571428571,0.521739130435,0.450980392157,0.441860465116,0.468085106383,0.54347826087,0.5,0.483333333333,0.525423728814,0.296296296296,0.446808510638,0.585714285714,0.486486486486,0.5,0.651162790698,0.651162790698,0.243243243243,0.604166666667,0.519230769231,0.527272727273,0.317073170732,0.54347826087,0.469387755102,0.469696969697,0.372093023256,0.473684210526,0.411764705882,0.555555555556,0.673076923077,0.561403508772,0.46511627907,0.551020408163,0.472972972973,0.617021276596,0.553191489362,0.488888888889,0.425,0.489361702128,0.551020408163,0.553191489362,0.38,0.512195121951,0.571428571429,0.32,0.410256410256,0.431818181818,0.559322033898,0.55223880597,0.544117647059,0.439024390244,0.395348837209,0.56862745098,0.56,0.291666666667,0.651162790698,0.425925925926,0.452830188679,0.409090909091,0.372549019608,0.518518518519,0.425531914894,0.647058823529,0.5,0.526315789474,0.507042253521,0.511111111111,0.519230769231,0.5625,0.466666666667,0.381818181818,0.521739130435,0.444444444444,0.513513513514,0.433333333333,0.41935483871,0.5,0.407407407407,0.480769230769,0.425531914894,0.591836734694,0.5625,0.452380952381,0.511111111111,0.674418604651,0.604651162791,0.460317460317,0.518518518519,0.5,0.512195121951,0.581818181818,0.7,0.375,0.514285714286,0.5,0.438596491228,0.46,0.510638297872,0.510638297872,0.519230769231,0.457627118644,0.5,0.558823529412,0.434782608696,0.5,0.530612244898,0.512195121951,0.5,0.53488372093,0.48275862069,0.524590163934,0.55,0.446808510638,0.521739130435,0.454545454545,0.47619047619,0.533333333333,0.416666666667,0.574074074074,0.54,0.52380952381,0.584905660377,0.5,0.529411764706,0.5,0.428571428571,0.416666666667,0.45,0.5,0.436363636364,0.519230769231,0.48275862069,0.466666666667,0.459459459459,0.466666666667,0.466666666667,0.413043478261,0.466666666667,0.4,0.48,0.571428571429,0.547169811321,0.365384615385,0.509803921569,0.519230769231,0.471698113208,0.557692307692,0.307692307692,0.425,0.36170212766,0.348837209302,0.472727272727,0.487804878049,0.521739130435,0.391304347826,0.5625,0.568181818182,0.404255319149,0.510204081633,0.543859649123,0.37037037037,0.309523809524,0.48275862069,0.45652173913,0.357142857143,0.46511627907,0.69696969697,0.392857142857,0.431818181818,0.473684210526,0.461538461538,0.466666666667,0.54,0.631578947368,0.720930232558,0.695652173913,0.542372881356,0.541666666667,0.479166666667,0.409836065574,0.568181818182,0.58,0.535714285714,0.478260869565,0.452380952381,0.5,0.384615384615,0.5,0.566037735849,0.435897435897,0.468085106383,0.5,0.521739130435,0.636363636364,0.571428571429,0.333333333333,0.553191489362,0.509433962264,0.436363636364,0.415094339623,0.532258064516,0.516666666667,0.444444444444,0.473684210526,0.557692307692,0.56862745098,0.516129032258,0.605263157895,0.558823529412,0.5,0.541666666667,0.387755102041,0.410714285714,0.5,0.5,0.410256410256,0.454545454545,0.458333333333,0.375,0.558139534884,0.473684210526,0.563636363636,0.606557377049,0.583333333333,0.428571428571,0.613636363636,0.563636363636,0.479166666667,0.56862745098,0.608695652174,0.555555555556,0.645833333333,0.592592592593,0.552631578947,0.381818181818,0.37037037037,0.5,0.440677966102,0.574468085106,0.595744680851,0.489795918367,0.440677966102,0.41935483871,0.576923076923,0.5,0.466666666667,0.428571428571,0.515151515152,0.485714285714,0.529411764706,0.414634146341,0.607843137255,0.578947368421,0.529411764706,0.454545454545,0.459016393443,0.527272727273,0.52,0.571428571429,0.557692307692,0.471698113208,0.547169811321,0.457627118644,0.382978723404,0.428571428571,0.564516129032,0.454545454545,0.456140350877,0.511111111111,0.422222222222,0.425,0.456140350877,0.458333333333,0.541666666667,0.553191489362,0.517857142857,0.519230769231,0.607142857143,0.475409836066,0.46,0.538461538462,0.5,0.509090909091,0.508474576271,0.547169811321,0.538461538462,0.627118644068,0.520833333333,0.6,0.515625,0.52380952381,0.47619047619,0.565217391304,0.5,0.416666666667,0.547169811321,0.538461538462,0.585365853659,0.53488372093,0.490196078431,0.510204081633,0.490566037736,0.513888888889,0.489795918367,0.36,0.530612244898,0.5,0.52380952381,0.596153846154,0.392156862745,0.4375,0.5,0.625,0.568181818182,0.4,0.652173913043,0.531914893617,0.446808510638,0.512820512821,0.511627906977,0.557692307692,0.518518518519,0.47619047619,0.564102564103,0.5,0.6,0.479166666667,0.448979591837,0.5,0.595744680851,0.490566037736,0.557692307692,0.519230769231,0.545454545455,0.448979591837,0.611111111111,0.481481481481,0.492063492063,0.467741935484,0.527777777778,0.395348837209,0.404761904762,0.333333333333,0.594202898551,0.517857142857,0.5,0.386363636364,0.442307692308,0.446428571429,0.473684210526,0.604651162791,0.545454545455,0.533333333333,0.392857142857,0.561403508772,0.488372093023,0.48275862069,0.5,0.571428571429,0.581395348837,0.620689655172,0.608695652174,0.625,0.645833333333,0.595744680851,0.566037735849,0.636363636364,0.62,0.545454545455,0.618181818182,0.604651162791,0.488888888889,0.428571428571,0.507246376812,0.407407407407,0.541666666667,0.42,0.448979591837,0.34375,0.361111111111,0.384615384615,0.377777777778,0.379310344828,0.461538461538,0.460317460317,0.411764705882,0.434782608696,0.44,0.425,0.428571428571,0.488372093023,0.574468085106,0.4,0.544117647059,0.537313432836,0.456140350877,0.5,0.681818181818,0.409836065574,0.536585365854,0.520833333333,0.511627906977,0.425925925926,0.478260869565,0.54,0.341463414634,0.311111111111,0.518518518519,0.474576271186,0.415094339623,0.58064516129,0.529411764706,0.53488372093,0.486486486486,0.53488372093,0.589743589744,0.407407407407,0.491525423729,0.48,0.6875,0.633333333333,0.5,0.645833333333,0.472727272727,0.446808510638,0.292682926829,0.386363636364,0.472222222222,0.547169811321,0.489361702128,0.55,0.425,0.480769230769,0.479166666667,0.545454545455,0.5,0.486486486486,0.489361702128,0.575,0.531914893617,0.568181818182,0.551020408163,0.5,0.55,0.452830188679,0.560975609756,0.55737704918,0.6,0.613636363636,0.452830188679,0.560975609756,0.644444444444,0.549019607843,0.677419354839,0.546875,0.516129032258,0.489795918367,0.472972972973,0.516666666667,0.565217391304,0.490909090909,0.450980392157,0.307692307692,0.425,0.378378378378,0.468085106383,0.444444444444,0.53125,0.605263157895,0.439024390244,0.395348837209,0.473684210526,0.508771929825,0.510638297872,0.487179487179,0.471698113208,0.5,0.362068965517,0.464285714286,0.439024390244,0.555555555556,0.549019607843,0.524590163934,0.552631578947,0.684210526316,0.346153846154,0.627906976744,0.428571428571,0.333333333333,0.540983606557,0.641509433962,0.627118644068,0.483333333333,0.382978723404,0.433962264151,0.35593220339,0.468085106383,0.567567567568,0.415094339623,0.35593220339,0.454545454545,0.423076923077,0.410256410256,0.634146341463,0.588235294118,0.433962264151,0.5,0.47619047619,0.436363636364,0.422222222222,0.574468085106,0.568181818182,0.62962962963,0.59649122807,0.528301886792,0.583333333333,0.468085106383,0.444444444444,0.571428571429,0.411764705882,0.466666666667,0.367346938776,0.528301886792,0.541666666667,0.522727272727,0.413793103448,0.333333333333,0.532258064516,0.631578947368,0.470588235294,0.5,0.45652173913,0.403846153846,0.557692307692,0.551020408163,0.469387755102,0.480769230769,0.564102564103,0.463414634146,0.482142857143,0.473684210526,0.567567567568,0.566666666667,0.509090909091,0.5625,0.425,0.415094339623,0.4375,0.446428571429,0.5,0.471698113208,0.563636363636,0.448979591837,0.386363636364,0.71875,0.28125,0.53488372093,0.625,0.577777777778,0.578947368421,0.568181818182,0.533333333333,0.469387755102,0.581818181818,0.470588235294,0.471698113208,0.448979591837,0.409090909091,0.48275862069,0.44,0.685714285714,0.838709677419,0.405405405405,0.45,0.589285714286,0.565217391304,0.488372093023,0.607843137255,0.425,0.595238095238,0.5,0.442307692308,0.452380952381,0.472727272727,0.461538461538,0.538461538462,0.425531914894,0.511111111111,0.588235294118,0.527777777778,0.509433962264,0.478260869565,0.627450980392,0.45,0.340909090909,0.528301886792,0.381818181818,0.549019607843,0.734693877551,0.48275862069,0.362068965517,0.423728813559,0.488888888889,0.491228070175,0.533333333333,0.586956521739,0.549019607843,0.577777777778,0.441860465116,0.5,0.431818181818,0.547619047619,0.522727272727,0.448979591837,0.433333333333,0.483870967742,0.469387755102,0.396226415094,0.571428571429,0.583333333333,0.468085106383,0.528301886792,0.477611940299,0.395348837209,0.58064516129,0.491525423729,0.475,0.46,0.5,0.564516129032,0.566666666667,0.614035087719,0.512195121951,0.519230769231,0.636363636364,0.466666666667,0.439024390244,0.585365853659,0.48,0.460317460317,0.459016393443,0.489361702128,0.433962264151,0.422222222222,0.636363636364,0.47619047619,0.551020408163,0.490909090909,0.442307692308,0.62,0.553191489362,0.553191489362,0.532258064516,0.655172413793,0.512820512821,0.571428571429,0.466666666667,0.528301886792,0.444444444444,0.38,0.596153846154,0.568181818182,0.533333333333,0.542372881356,0.454545454545,0.51724137931,0.535714285714,0.557692307692,0.464285714286,0.469696969697,0.553191489362,0.468085106383,0.56,0.607142857143,0.452830188679,0.377358490566,0.571428571429,0.962962962963,0.47619047619,0.357142857143,0.350877192982,0.446808510638,0.576923076923,0.511627906977,0.549019607843,0.396226415094,0.657142857143,0.615384615385,0.646153846154,0.555555555556,0.521739130435,0.413043478261,0.545454545455,0.490909090909,0.477611940299,0.488372093023,0.564102564103,0.466666666667,0.440677966102,0.538461538462,0.655172413793,0.416666666667,0.409090909091,0.478260869565,0.408163265306,0.36,0.446808510638,0.507692307692,0.538461538462,0.560975609756,0.613636363636,0.543859649123,0.53125,0.548387096774,0.5,0.5625,0.527777777778,0.463414634146,0.422222222222,0.538461538462,0.5,0.542372881356,0.48275862069,0.511111111111,0.444444444444,0.575757575758,0.510638297872,0.638888888889,0.490196078431,0.510204081633,0.538461538462,0.476923076923,0.537037037037,0.44,0.533333333333,0.386363636364,0.422222222222,0.53125,0.4,0.422222222222,0.434782608696,0.377358490566,0.43137254902,0.489795918367,0.571428571429,0.571428571429,0.54347826087,0.36170212766,0.581395348837,0.492063492063,0.517857142857,0.468085106383,0.46511627907,0.528301886792,0.436363636364,0.479166666667,0.512195121951,0.418604651163,0.477272727273,0.48,0.511111111111,0.536585365854,0.490566037736,0.470588235294,0.520833333333,0.477272727273,0.552631578947,0.533333333333,0.568181818182,0.487804878049,0.428571428571,0.612244897959,0.395833333333,0.651162790698,0.806451612903,0.703703703704,0.766666666667,0.461538461538,0.459459459459,0.425,0.531914893617,0.45652173913,0.507936507937,0.467741935484,0.526315789474,0.384615384615,0.360655737705,0.508771929825,0.522727272727,0.42,0.280701754386,0.461538461538,0.350877192982,0.603174603175,0.490566037736,0.491228070175,0.453125,0.46511627907,0.5,0.441860465116,0.529411764706,0.480769230769,0.5,0.408163265306,0.509433962264,0.531914893617,0.466666666667,0.485714285714,0.440677966102,0.529411764706,0.413333333333,0.555555555556,0.609756097561,0.5,0.472727272727,0.888888888889,0.404761904762,0.423728813559,0.5,0.466666666667,0.538461538462,0.31914893617,0.472727272727,0.351851851852,0.62,0.5,0.508196721311,0.363636363636,0.375,0.431034482759,0.549019607843,0.627906976744,0.558139534884,0.480769230769,0.611111111111,0.545454545455,0.509433962264,0.438596491228,0.4,0.538461538462,0.462962962963,0.259259259259,0.487804878049,0.5,0.510204081633,0.426229508197,0.529411764706,0.622222222222,0.5,0.575757575758,0.465517241379,0.641025641026,0.428571428571,0.557142857143,0.511111111111,0.457627118644,0.470588235294,0.542857142857,0.43137254902,0.610169491525,0.571428571429,0.448979591837,0.666666666667,0.462962962963,0.425,0.585365853659,0.595238095238,0.511627906977,0.289473684211,0.365853658537,0.425925925926,0.5,0.413043478261,0.43137254902,0.490909090909,0.446808510638,0.435897435897,0.428571428571,0.418604651163,0.466666666667,0.460317460317,0.45,0.5,0.527777777778,0.6,0.644444444444,0.547619047619,0.406779661017,0.489795918367,0.516129032258,0.423728813559,0.485294117647,0.533333333333,0.533333333333,0.475,0.540983606557,0.511627906977,0.518518518519,0.40350877193,0.578947368421,0.55,0.516129032258,0.466666666667,0.484375,0.475409836066,0.636363636364,0.58064516129,0.571428571429,0.48,0.533333333333,0.53488372093,0.510638297872,0.444444444444,0.328125,0.425531914894,0.526315789474,0.461538461538,0.515625,0.644444444444,0.565217391304,0.526315789474,0.405405405405,0.55,0.461538461538,0.738095238095,0.578947368421,0.577777777778,0.320754716981,0.441860465116,0.634615384615,0.615384615385,0.519230769231,0.5,0.458333333333,0.510204081633,0.38,0.512195121951,0.590909090909,0.547169811321,0.424242424242,0.547619047619,0.595238095238,0.517857142857,0.585365853659,0.594594594595,0.45,0.452380952381,0.428571428571,0.576923076923,0.48,0.522727272727,0.439024390244,0.487179487179,0.472727272727,0.507246376812,0.396551724138,0.471698113208,0.565217391304,0.457142857143,0.532258064516,0.488888888889,0.551724137931,0.387755102041,0.363636363636,0.448275862069,0.521739130435,0.441860465116,0.5,0.492063492063,0.543859649123,0.566037735849,0.512820512821,0.567567567568,0.46875,0.451612903226,0.472727272727,0.46511627907,0.53488372093,0.581818181818,0.584905660377,0.428571428571,0.468085106383,0.428571428571,0.462962962963,0.549019607843,0.571428571429,0.473684210526,0.509090909091,0.56862745098,0.461538461538,0.560606060606,0.396226415094,0.551020408163,0.528301886792,0.510638297872,0.511627906977,0.612903225806,0.557692307692,0.473684210526,0.450980392157,0.416666666667,0.508474576271,0.404255319149,0.46875,0.632653061224,0.458333333333,0.608695652174,0.418181818182,0.450980392157,0.588235294118,0.40625,0.530612244898,0.442307692308,0.454545454545,0.422222222222,0.47619047619,0.56862745098,0.522727272727,0.448979591837,0.622222222222,0.487804878049,0.533333333333,0.526315789474,0.552631578947,0.5,0.478260869565,0.533333333333,0.574468085106,0.54347826087,0.423076923077,0.333333333333,0.490566037736,0.563636363636,0.454545454545,0.557692307692,0.382978723404,0.461538461538,0.553846153846,0.615384615385,0.553571428571,0.490909090909,0.645833333333,0.576923076923,0.4,0.576923076923,0.59649122807,0.533333333333,0.591836734694,0.435897435897,0.5,0.48275862069,0.6,0.56862745098,0.450980392157,0.5,0.551020408163,0.568181818182,0.463414634146,0.434782608696,0.54,0.475,0.511627906977,0.487179487179,0.591836734694,0.588235294118,0.408163265306,0.463414634146,0.5,0.615384615385,0.633333333333,0.5,0.444444444444,0.461538461538,0.522727272727,0.571428571429,0.545454545455,0.6,0.5,0.568181818182,0.613636363636,0.510638297872,0.507936507937,0.531914893617,0.339622641509,0.48275862069,0.515151515152,0.387096774194,0.470588235294,0.491228070175,0.642857142857,0.549019607843,0.557692307692,0.448979591837,0.441176470588,0.488888888889,0.366666666667,0.525423728814,0.58,0.382352941176,0.479166666667,0.537037037037,0.52,0.578947368421,0.583333333333,0.469387755102,0.428571428571,0.404255319149,0.552631578947,0.5,0.46,0.44,0.522727272727,0.421052631579,0.479166666667,0.528301886792,0.454545454545,0.411764705882,0.454545454545,0.452380952381,0.509433962264,0.633333333333,0.489795918367,0.685714285714,0.548387096774,0.491525423729,0.4,0.384615384615,0.488372093023,0.574074074074,0.410714285714,0.377777777778,0.471698113208,0.488372093023,0.576923076923,0.333333333333,0.555555555556,0.589285714286,0.423728813559,0.435897435897,0.461538461538,0.516666666667,0.5,0.529411764706,0.5,0.538461538462,0.354166666667,0.465753424658,0.511627906977,0.547169811321,0.444444444444,0.5,0.5625,0.555555555556,0.531914893617,0.574468085106,0.461538461538,0.37037037037,0.5,0.574468085106,0.595238095238,0.369565217391,0.538461538462,0.470588235294,0.52,0.538461538462,0.4,0.411764705882,0.553191489362,0.463414634146,0.422222222222,0.395348837209,0.548387096774,0.567567567568,0.485714285714,0.4,0.477272727273,0.489795918367,0.5,0.519230769231,0.538461538462,0.5,0.4375,0.4375,0.460317460317,0.604651162791,0.5,0.351351351351,0.512820512821,0.380952380952,0.365853658537,0.454545454545,0.533333333333,0.37037037037,0.508196721311,0.428571428571,0.491525423729,0.382352941176,0.431818181818,0.518518518519,0.614035087719,0.444444444444,0.434782608696,0.462962962963,0.46,0.56862745098,0.452380952381,0.425,0.511111111111,0.488888888889,0.408163265306,0.5,0.395348837209,0.413043478261,0.454545454545,0.424242424242,0.5625,0.526315789474,0.5625,0.697674418605,0.549019607843,0.558139534884,0.574074074074,0.475,0.366666666667,0.545454545455,0.642857142857,0.596153846154,0.571428571429,0.467741935484,0.369565217391,0.358974358974,0.5,0.589743589744,0.567567567568,0.793103448276,0.548387096774,0.5,0.488372093023,0.596153846154,0.6,0.519230769231,0.4375,0.769230769231,0.56862745098,0.528301886792,0.627906976744,0.520833333333,0.578947368421,0.512820512821,0.5,0.527777777778,0.6,0.433962264151,0.520833333333,0.510204081633,0.454545454545,0.491803278689,0.5,0.457627118644,0.459459459459,0.625,0.56,0.46511627907,0.483333333333,0.627450980392,0.486486486486,0.485714285714,0.581818181818,0.456140350877,0.581818181818,0.529411764706,0.446428571429,0.56,0.490909090909,0.510638297872,0.576923076923,0.547169811321,0.372549019608,0.490909090909,0.5,0.619047619048,0.5,0.666666666667,0.457142857143,0.452830188679,0.453125,0.512195121951,0.428571428571,0.590163934426,0.510204081633,0.465517241379,0.555555555556,0.482142857143,0.5,0.65625,0.414634146341,0.636363636364,0.361111111111,0.551020408163,0.56862745098,0.389830508475,0.524590163934,0.470588235294,0.581818181818,0.46,0.5,0.46511627907,0.466666666667,0.55,0.596153846154,0.4,0.5,0.566666666667,0.54,0.553846153846,0.603448275862,0.456140350877,0.444444444444,0.5,0.56862745098,0.469387755102,0.43137254902,0.452830188679,0.545454545455,0.538461538462,0.447368421053,0.439024390244,0.456140350877,0.384615384615,0.35,0.372093023256,0.444444444444,0.533333333333,0.411764705882,0.515151515152,0.409090909091,0.478260869565,0.468085106383,0.5625,0.423076923077,0.5,0.392156862745,0.434782608696,0.631578947368,0.428571428571,0.490909090909,0.520547945205,0.5,0.518518518519,0.34,0.446428571429,0.517857142857,0.456140350877,0.448275862069,0.461538461538,0.553191489362,0.512195121951,0.611111111111,0.457142857143,0.527272727273,0.545454545455,0.4375,0.479166666667,0.591836734694,0.6,0.526315789474,0.444444444444,0.421052631579,0.440677966102,0.5,0.444444444444,0.416666666667,0.368421052632,0.488372093023,0.520833333333,0.553191489362,0.5,0.553571428571,0.6,0.647058823529,0.508474576271,0.547169811321,0.471698113208,0.568965517241,0.423076923077,0.431034482759,0.469387755102,0.510638297872,0.45,0.492753623188,0.511111111111,0.395833333333,0.51724137931,0.529411764706,0.529411764706,0.515625,0.524590163934,0.453125,0.487179487179,0.6,0.6,0.564102564103,0.477272727273,0.54347826087,0.522727272727,0.609756097561,0.509803921569,0.51724137931,0.538461538462,0.363636363636,0.425531914894,0.577777777778,0.428571428571,0.487804878049,0.571428571429,0.483333333333,0.436363636364,0.525423728814,0.516129032258,0.442307692308,0.538461538462,0.561403508772,0.603174603175,0.484375,0.473684210526,0.5,0.408163265306,0.372549019608,0.457627118644,0.585365853659,0.595238095238,0.462686567164,0.479166666667,0.5,0.5,0.515151515152,0.36170212766,0.473684210526,0.45652173913,0.510638297872,0.58,0.596153846154,0.565217391304,0.681818181818,0.512195121951,0.511627906977,0.555555555556,0.509803921569,0.535714285714,0.551724137931,0.539682539683,0.51724137931,0.561403508772,0.491228070175,0.369230769231,0.454545454545,0.456140350877,0.414634146341,0.473684210526,0.517857142857,0.38,0.530612244898,0.454545454545,0.471698113208,0.480769230769,0.54,0.448979591837,0.411764705882,0.5,0.333333333333,0.659090909091,0.557692307692,0.636363636364,0.727272727273,0.714285714286,0.833333333333,0.793103448276,0.666666666667,0.531914893617,0.512195121951,0.541666666667,0.5,0.568181818182,0.42,0.4,0.629032258065,0.492063492063,0.475,0.5,0.620689655172,0.555555555556,0.520833333333,0.463414634146,0.585365853659,0.611111111111,0.521739130435,0.53488372093,0.5,0.515151515152,0.576271186441,0.546875,0.5625,0.446808510638,0.416666666667,0.529411764706,0.543859649123,0.45,0.512195121951,0.432432432432,0.410256410256,0.454545454545,0.490196078431,0.388888888889,0.5,0.438596491228,0.448979591837,0.551020408163,0.478260869565,0.6,0.538461538462,0.5,0.4,0.6,0.5,0.413043478261,0.574468085106,0.531914893617,0.566037735849,0.55,0.563636363636,0.46,0.460317460317,0.478260869565,0.615384615385,0.473684210526,0.450980392157,0.452830188679,0.468085106383,0.490909090909,0.516666666667,0.5625,0.314814814815,0.483333333333,0.434782608696,0.446808510638,0.403846153846,0.424242424242,0.4,0.363636363636,0.489361702128,0.465517241379,0.489361702128,0.375,0.54,0.51724137931,0.475409836066,0.422222222222,0.578947368421,0.450980392157,0.46,0.673076923077,0.482142857143,0.558139534884,0.531914893617,0.525,0.555555555556,0.574468085106,0.516129032258,0.560975609756,0.571428571429,0.538461538462,0.428571428571,0.54,0.65,0.857142857143,0.625,0.54347826087,0.407407407407,0.523076923077,0.559322033898,0.636363636364,0.622222222222,0.5,0.491525423729,0.438596491228,0.426229508197,0.555555555556,0.333333333333,0.617021276596,0.526315789474,0.490196078431,0.47619047619,0.439024390244,0.418181818182,0.452380952381,0.611111111111,0.666666666667,0.469387755102,0.518518518519,0.392857142857,0.549019607843,0.53488372093,0.46511627907,0.6,0.510638297872,0.56,0.528301886792,0.391304347826,0.5,0.48,0.325,0.490909090909,0.558139534884,0.5,0.525,0.545454545455,0.436363636364,0.470588235294,0.490909090909,0.76,0.583333333333,0.48,0.558139534884,0.526315789474,0.509433962264,0.466666666667,0.471698113208,0.56,0.441860465116,0.48275862069,0.5,0.568181818182,0.58,0.653846153846,0.473684210526,0.611111111111,0.575757575758,0.588235294118,0.537313432836,0.483870967742,0.586206896552,0.470588235294,0.703703703704,0.692307692308,0.559322033898,0.686274509804,0.54347826087,0.510204081633,0.575,0.466666666667,0.508771929825,0.509433962264,0.431034482759,0.508474576271,0.508771929825,0.581818181818,0.552631578947,0.607142857143,0.491228070175,0.387755102041,0.545454545455,0.395833333333,0.649122807018,0.529411764706,0.5,0.488888888889,0.566037735849,0.538461538462,0.545454545455,0.561403508772,0.425531914894,0.555555555556,0.46511627907,0.55,0.46511627907,0.507692307692,0.489361702128,0.526315789474,0.433962264151,0.43137254902,0.510204081633,0.47619047619,0.354166666667,0.48275862069,0.535714285714,0.473684210526,0.521739130435,0.606060606061,0.571428571429,0.509090909091,0.452830188679,0.537037037037,0.571428571429,0.509433962264,0.25,0.688888888889,0.66,0.607142857143,0.442307692308,0.477272727273,0.568181818182,0.436363636364,0.528301886792,0.441860465116,0.444444444444,0.529411764706,0.555555555556,0.459459459459,0.403846153846,0.388888888889,0.358490566038,0.38,0.533333333333,0.369565217391,0.535714285714,0.461538461538,0.454545454545,0.5,0.377777777778,0.491803278689,0.473684210526,0.488888888889,0.519230769231,0.56,0.415094339623,0.44,0.508474576271,0.423728813559,0.625,0.468085106383,0.422222222222,0.395833333333,0.441860465116,0.551020408163,0.426229508197,0.4375,0.421052631579,0.586206896552,0.369565217391,0.470588235294,0.530612244898,0.480769230769,0.488372093023,0.425531914894,0.393442622951,0.528301886792,0.518518518519,0.463414634146,0.425531914894,0.630434782609,0.35,0.53125,0.516129032258,0.491803278689,0.481481481481,0.484375,0.62,0.395348837209,0.697674418605,0.509803921569,0.388888888889,0.561403508772,0.446428571429,0.432432432432,0.454545454545,0.519230769231,0.428571428571,0.418604651163,0.526315789474,0.431818181818,0.326530612245,0.5,0.47619047619,0.472727272727,0.433962264151,0.538461538462,0.488888888889,0.433962264151,0.489361702128,0.553191489362,0.5625,0.444444444444,0.551724137931,0.469387755102,0.471428571429,0.446153846154,0.559322033898,0.707317073171,0.547169811321,0.74358974359,0.538461538462,0.484848484848,0.282051282051,0.45652173913,0.461538461538,0.566037735849,0.63829787234,0.591549295775,0.526315789474,0.53488372093,0.538461538462,0.434782608696,0.545454545455,0.530612244898,0.481481481481,0.440677966102,0.576923076923,0.511111111111,0.466666666667,0.488888888889,0.575,0.574074074074,0.387755102041,0.575,0.516666666667,0.65,0.547169811321,0.379310344828,0.463414634146,0.511627906977,0.375,0.482142857143,0.551020408163,0.55,0.512195121951,0.529411764706,0.717391304348,0.575,0.406779661017,0.480769230769,0.538461538462,0.509433962264,0.58064516129,0.377358490566,0.375,0.468085106383,0.5,0.52,0.520833333333,0.510638297872,0.509803921569,0.466666666667,0.465517241379,0.45,0.595744680851,0.417910447761,0.458333333333,0.351351351351,0.477272727273,0.5625,0.302325581395,0.591836734694,0.526315789474,0.533333333333,0.644444444444,0.568181818182,0.547945205479,0.619047619048,0.48,0.548387096774,0.489795918367,0.478260869565,0.511111111111,0.448979591837,0.516129032258,0.439024390244,0.537037037037,0.489795918367,0.622222222222,0.538461538462,0.568181818182,0.578947368421,0.473684210526,0.40350877193,0.607142857143,0.5,0.48275862069,0.444444444444,0.5,0.461538461538,0.302325581395,0.432432432432,0.491228070175,0.438596491228,0.511627906977,0.489795918367,0.508771929825,0.490196078431,0.531914893617,0.422222222222,0.518518518519,0.5,0.520833333333,0.478260869565,0.625,0.47619047619,0.375,0.509433962264,0.581818181818,0.525423728814,0.547619047619,0.416666666667,0.5,0.53488372093,0.52380952381,0.558139534884,0.617021276596,0.510638297872,0.4,0.48275862069,0.489795918367,0.594594594595,0.658536585366,0.558139534884,0.43137254902,0.487179487179,0.444444444444,0.53488372093,0.593220338983,0.489361702128,0.380952380952,0.4,0.6,0.327868852459,0.381818181818,0.509433962264,0.44,0.46875,0.439024390244,0.509803921569,0.5,0.396226415094,0.490566037736,0.564102564103,0.553191489362,0.415094339623,0.541666666667,0.428571428571,0.5,0.34375,0.586956521739,0.5,0.403846153846,0.568181818182,0.529411764706,0.527272727273,0.532258064516,0.555555555556,0.486486486486,0.571428571429,0.531914893617,0.583333333333,0.48,0.591836734694,0.53488372093,0.477272727273,0.5,0.44,0.583333333333,0.553571428571,0.434782608696,0.491803278689,0.511627906977,0.489361702128,0.479166666667,0.538461538462,0.46,0.481481481481,0.490566037736,0.476923076923,0.423728813559,0.538461538462,0.5,0.563636363636,0.595238095238,0.589285714286,0.447368421053,0.557692307692,0.5,0.365853658537,0.466666666667,0.516666666667,0.538461538462,0.566666666667,0.418604651163,0.5,0.489795918367,0.529411764706,0.634146341463,0.551020408163,0.541666666667,0.571428571429,0.551020408163,0.428571428571,0.490196078431,0.376811594203,0.54347826087,0.371428571429,0.41935483871,0.404255319149,0.411764705882,0.531914893617,0.574468085106,0.5,0.48,0.558823529412,0.586206896552,0.515625,0.78125,0.347826086957,0.604651162791,0.5,0.395348837209,0.333333333333,0.491803278689,0.577777777778,0.435897435897,0.6,0.386363636364,0.531914893617,0.55,0.547169811321,0.387755102041,0.391304347826,0.425,0.509090909091,0.527777777778,0.526315789474,0.396551724138,0.388888888889,0.442307692308,0.5,0.510638297872,0.525,0.573770491803,0.607843137255,0.481481481481,0.395348837209,0.409090909091,0.459016393443,0.475409836066,0.5,0.485714285714,0.490196078431,0.538461538462,0.454545454545,0.507936507937,0.454545454545,0.4,0.4375,0.478260869565,0.522727272727,0.414634146341,0.483333333333,0.40350877193,0.371428571429,0.369565217391,0.404761904762,0.622222222222,0.511111111111,0.631578947368,0.621212121212,0.471698113208,0.477272727273,0.509803921569,0.431818181818,0.540540540541,0.535714285714,0.571428571429,0.571428571429,0.58,0.490909090909,0.5625,0.536585365854,0.5625,0.53488372093,0.473684210526,0.487804878049,0.479166666667,0.520833333333,0.571428571429,0.540983606557,0.480769230769,0.452830188679,0.62962962963,0.461538461538,0.607142857143,0.555555555556,0.659574468085,0.632653061224,0.625,0.576271186441,0.618181818182,0.563636363636,0.526315789474,0.451612903226,0.529411764706,0.555555555556,0.466666666667,0.525,0.551724137931,0.471698113208,0.423728813559,0.430555555556,0.537037037037,0.587301587302,0.553846153846,0.438596491228,0.507936507937,0.510204081633,0.510204081633,0.492063492063,0.574468085106,0.571428571429,0.394736842105,0.553191489362,0.577777777778,0.425531914894,0.377777777778,0.54347826087,0.512195121951,0.447368421053,0.54,0.452380952381,0.533333333333,0.54347826087,0.583333333333,0.530612244898,0.508474576271,0.5,0.289473684211,0.537037037037,0.510638297872,0.5,0.489795918367,0.355555555556,0.461538461538,0.517857142857,0.59375,0.613636363636,0.574074074074,0.490909090909,0.396226415094,0.510204081633,0.368421052632,0.435897435897,0.462962962963,0.677419354839,0.488888888889,0.5,0.630434782609,0.571428571429,0.705882352941,0.674418604651,0.673913043478,0.5,0.488888888889,0.612903225806,0.692307692308,0.787878787879,0.676470588235,0.714285714286,0.588235294118,0.565217391304,0.538461538462,0.559322033898,0.590909090909,0.571428571429,0.507936507937,0.491228070175,0.5,0.463414634146,0.470588235294,0.591836734694,0.541666666667,0.446808510638,0.428571428571,0.586206896552,0.559322033898,0.466666666667,1.0,0.447368421053,0.647058823529,0.482142857143,0.529411764706,0.43661971831,0.4,0.475409836066,0.476923076923,0.511627906977,0.5,0.491803278689,0.4,0.491228070175,0.459016393443,0.377358490566,0.491525423729,0.438596491228,0.480769230769,0.5,0.571428571429,0.648148148148,0.54,0.5,0.408163265306,0.509090909091,0.510638297872,0.460317460317,0.509090909091,0.409090909091,0.435483870968,0.528301886792,0.478260869565,0.508771929825,0.488372093023,0.460317460317,0.604651162791,0.541666666667,0.571428571429,0.53125,0.545454545455,0.4,0.604651162791,0.583333333333,0.568181818182,0.603773584906,0.411764705882,0.392156862745,0.347826086957,0.523076923077,0.44,0.490196078431,0.47619047619,0.468085106383,0.545454545455,0.5,0.522727272727,0.488372093023,0.591836734694,0.483333333333,0.481481481481,0.446428571429,0.339622641509,0.450980392157,0.5,0.566666666667,0.384615384615,0.487804878049,0.406779661017,0.535714285714,0.58,0.5625,0.604166666667,0.553191489362,0.447368421053,0.46511627907,0.510638297872,0.661290322581,0.549019607843,0.464285714286,0.46511627907,0.5625,0.54,0.571428571429,0.511111111111,0.553571428571,0.603773584906,0.6,0.741935483871,0.621621621622,0.563636363636,0.516666666667,0.43137254902,0.45,0.538461538462,0.588235294118,0.574074074074,0.543859649123,0.379310344828,0.474576271186,0.472222222222,0.444444444444,0.555555555556,0.564102564103,0.385964912281,0.362068965517,0.516129032258,0.51724137931,0.54,0.309523809524,0.5,0.46,0.444444444444,0.509803921569,0.519230769231,0.442307692308,0.463414634146,0.488888888889,0.5,0.470588235294,0.369565217391,0.266666666667,0.482142857143,0.477272727273,0.423076923077,0.40625,0.4,0.511627906977,0.448275862069,0.47619047619,0.477272727273,0.490909090909,0.53125,0.4,0.54,0.471698113208,0.490909090909,0.515151515152,0.357142857143,0.450980392157,0.396226415094,0.403846153846,0.510204081633,0.457627118644,0.566666666667,0.589285714286,0.510638297872,0.5,0.492063492063,0.555555555556,0.532258064516,0.48275862069,0.483333333333,0.414634146341,0.530612244898,0.473684210526,0.509090909091,0.381818181818,0.392156862745,0.405405405405,0.5,0.6,0.477272727273,0.54,0.418604651163,0.465517241379,0.5,0.457627118644,0.560606060606,0.603773584906,0.47619047619,0.425,0.461538461538,0.5,0.448979591837,0.593220338983,0.5,0.538461538462,0.5,0.433333333333,0.40350877193,0.553846153846,0.5,0.511111111111,0.482142857143,0.56,0.404255319149,0.444444444444,0.452830188679,0.509433962264,0.549019607843,0.539682539683,0.3,0.43137254902,0.431818181818,0.553191489362,0.454545454545,0.576923076923,0.491525423729,0.372093023256,0.485714285714,0.459459459459,0.44,0.454545454545,0.612903225806,0.418181818182,0.454545454545,0.62,0.647058823529,0.492537313433,0.490909090909,0.452830188679,0.448275862069,0.538461538462,0.446428571429,0.487804878049,0.639344262295,0.634920634921,0.425531914894,0.463414634146,0.45,0.483870967742,0.574468085106,0.566666666667,0.470588235294,0.424242424242,0.66,0.659574468085,0.62962962963,0.59649122807,0.576271186441,0.6,0.617021276596,0.492307692308,0.421875,0.469387755102,0.5,0.51724137931,0.5,0.548387096774,0.518518518519,0.46511627907,0.454545454545,0.69387755102,0.432432432432,0.432432432432,0.377777777778,0.56,0.424242424242,0.533333333333,0.557692307692,0.489361702128,0.5,0.4,0.565217391304,0.305555555556,0.528301886792,0.563636363636,0.511111111111,0.490196078431,0.545454545455,0.304347826087,0.340425531915,0.604166666667,0.510204081633,0.527272727273,0.3,0.630434782609,0.395348837209,0.595238095238,0.520833333333,0.555555555556,0.566037735849,0.5,0.470588235294,0.615384615385,0.529411764706,0.527272727273,0.613636363636,0.525,0.439024390244,0.421052631579,0.585365853659,0.521739130435,0.533333333333,0.515151515152,0.406779661017,0.473684210526,0.627450980392,0.568965517241,0.439024390244,0.444444444444,0.53488372093,0.5,0.547619047619,0.522727272727,0.27027027027,0.477272727273,0.425,0.594594594595,0.444444444444,0.527272727273,0.547619047619,0.560975609756,0.567567567568,0.475,0.581395348837,0.56,0.478260869565,0.5625,0.371428571429,0.52,0.408163265306,0.53125,0.475,0.534482758621,0.518518518519,0.586956521739,0.568181818182,0.538461538462,0.5,0.446428571429,0.584905660377,0.538461538462,0.375,0.47619047619,0.450980392157,0.440677966102,0.675,0.40625,0.392857142857,0.538461538462,0.46,0.545454545455,0.468085106383,0.589743589744,0.538461538462,0.458333333333,0.555555555556,0.5,0.555555555556,0.509433962264,0.42,0.686274509804,0.658536585366,0.470588235294,0.470588235294,0.555555555556,0.543859649123,0.509090909091,0.520833333333,0.461538461538,0.485714285714,0.5,0.466666666667,0.5,0.457142857143,0.564102564103,0.525,0.478260869565,0.46875,0.53488372093,0.55,0.581395348837,0.464285714286,0.605263157895,0.652173913043,0.551724137931,0.480769230769,0.545454545455,0.532258064516,0.55,0.52380952381,0.532258064516,0.76,0.583333333333,0.516666666667,0.543859649123,0.528301886792,0.488372093023,0.512195121951,0.426229508197,0.471698113208,0.467741935484,0.403846153846,0.442307692308,0.482142857143,0.4,0.375,0.529411764706,0.479166666667,0.479166666667,0.477272727273,0.512195121951,0.653846153846,0.485714285714,0.382978723404,0.5,0.466666666667,0.4375,0.490196078431,0.552631578947,0.530612244898,0.441176470588,0.5,0.342857142857,0.34,0.6,0.48,0.55,0.58,0.588235294118,0.464788732394,0.567567567568,0.551020408163,0.642857142857,0.428571428571,0.472727272727,0.431034482759,0.514285714286,0.467741935484,0.558823529412,0.550724637681,0.527272727273,0.48,0.45652173913,0.438596491228,0.548387096774,0.473684210526,0.483870967742,0.540983606557,0.393939393939,0.571428571429,0.607142857143,0.475,0.454545454545,0.465517241379,0.589285714286,0.372549019608,0.533333333333,0.516129032258,0.375,0.508771929825,0.5625,0.6,0.564102564103,0.458333333333,0.380952380952,0.548387096774,0.388888888889,0.5,0.575,0.551020408163,0.5,0.621212121212,0.5,0.6,0.636363636364,0.642857142857,0.519230769231,0.548387096774,0.52380952381,0.586956521739,0.418604651163,0.5,0.591836734694,0.557692307692,0.45,0.54347826087,0.777777777778,0.837209302326,0.490566037736,0.637931034483,0.5,0.5,0.632653061224,0.436363636364,0.454545454545,0.615384615385,0.574468085106,0.409090909091,0.537037037037,0.535714285714,0.545454545455,0.568181818182,0.571428571429,0.558823529412,0.547619047619,0.487804878049,0.490196078431,0.466666666667,0.413793103448,0.40625,0.444444444444,0.425925925926,0.520833333333,0.483333333333,0.406779661017,0.269230769231,0.260869565217,0.577777777778,0.372549019608,0.387096774194,0.48,0.533333333333,0.490566037736,0.489795918367,0.549019607843,0.490196078431,0.56,0.468085106383,0.44,0.511111111111,0.5,0.6,0.5,0.444444444444,0.478260869565,0.538461538462,0.477272727273,0.384615384615,0.521739130435,0.574468085106,0.53488372093,0.588235294118,0.441860465116,0.439024390244,0.490566037736,0.58,0.571428571429,0.636363636364,0.589743589744,0.962264150943,0.527777777778,0.54347826087,0.693548387097,0.560606060606,0.465517241379,0.56862745098,0.412698412698,0.448979591837,0.384615384615,0.512195121951,0.522727272727,0.588235294118,0.525423728814,0.452380952381,0.45,0.432432432432,0.545454545455,0.525423728814,0.518518518519,0.45652173913,0.509090909091,0.425,0.473684210526,0.466666666667,0.463414634146,0.371428571429,0.5,0.413043478261,0.489361702128,0.536585365854,0.434782608696,0.658536585366,0.560975609756,0.585365853659,0.490196078431,0.45652173913,0.520833333333,0.529411764706,0.551020408163,0.418604651163,0.318181818182,0.53488372093,0.469387755102,0.418181818182,0.512195121951,0.444444444444,0.347826086957,0.444444444444,0.5,0.492537313433,0.407407407407,0.387755102041,0.323529411765,0.444444444444,0.488888888889,0.649122807018,0.425531914894,0.560975609756,0.491525423729,0.555555555556,0.414634146341,0.509433962264,0.380952380952,0.435897435897,0.44,0.62,0.6,0.604651162791,0.54,0.641509433962,0.588235294118,0.462962962963,0.5,0.615384615385,0.56862745098,0.533333333333,0.441860465116,0.5,0.407407407407,0.528301886792,0.565217391304,0.555555555556,0.363636363636,0.651162790698,0.5,0.5,0.684210526316,0.622222222222,0.488372093023,0.464285714286,0.446808510638,0.509433962264,0.461538461538,0.581818181818,0.479166666667,0.576923076923,0.58,0.526315789474,0.551724137931,0.553191489362,0.352941176471,0.649122807018,0.5,0.507936507937,0.47619047619,0.508771929825,0.526315789474,0.574074074074,0.571428571429,0.44,0.536585365854,0.435897435897,0.589743589744,0.490196078431,0.458333333333,0.5,0.375,0.473684210526,0.515625,0.441860465116,0.588235294118,0.541666666667,0.5,0.634615384615,0.6,0.5,0.433962264151,0.491803278689,0.565217391304,0.524590163934,0.463414634146,0.52380952381,0.5625,0.620689655172,0.614035087719,0.4375,0.489795918367,0.702127659574,0.611111111111,0.465517241379,0.468085106383,0.4,0.391304347826,0.43137254902,0.46,0.5,0.477272727273,0.477272727273,0.488888888889,0.571428571429,0.444444444444,0.5,0.526315789474,0.5625,0.5,0.538461538462,0.410714285714,0.4,0.674418604651,0.482142857143,0.442307692308,0.491228070175,0.5,0.56862745098,0.551020408163,0.354166666667,0.520833333333,0.575,0.403846153846,0.520833333333,0.519230769231,0.435483870968,0.529411764706,0.511627906977,0.675675675676,0.625,0.47619047619,0.301587301587,0.461538461538,0.526315789474,0.31914893617,0.48275862069,0.641025641026,0.542857142857,0.64,0.466666666667,0.558823529412,0.53488372093,0.466666666667,0.452830188679,0.567567567568,0.59375,0.533333333333,0.617647058824,0.6,0.512195121951,0.524590163934,0.454545454545,0.46511627907,0.472222222222,0.450980392157,0.541666666667,0.40625,0.422222222222,0.4,0.4,0.647058823529,0.55,0.5,0.592592592593,0.45,0.489795918367,0.411764705882,0.7,0.558139534884,0.675,0.509803921569,0.36170212766,0.447368421053,0.465517241379,0.489795918367,0.416666666667,0.438596491228,0.456140350877,0.510638297872,0.421875,0.533333333333,0.52,0.490196078431,0.377358490566,0.568181818182,0.564102564103,0.673913043478,0.5,0.519230769231,0.448979591837,0.585365853659,0.385964912281,0.387755102041,0.368421052632,0.5,0.439393939394,0.5625,0.422222222222,0.543859649123,0.5,0.533333333333,0.522727272727,0.473684210526,0.491228070175,0.525423728814,0.603174603175,0.551020408163,0.350877192982,0.406779661017,0.540540540541,0.547619047619,0.511111111111,0.59375,0.480769230769,0.5,0.5625,0.565217391304,0.534482758621,0.6,0.448979591837,0.378787878788,0.692307692308,0.591836734694,0.587301587302,0.423728813559,0.377358490566,0.369565217391,0.439024390244,0.485714285714,0.525,0.553191489362,0.666666666667,0.481481481481,0.470588235294,0.385964912281,0.461538461538,0.396226415094,0.659574468085,0.575,0.566666666667,0.629032258065,0.462962962963,0.584905660377,0.521739130435,0.413793103448,0.481481481481,0.4375,0.348837209302,0.5,0.54,0.6,0.461538461538,0.44,0.446808510638,0.442307692308,0.521739130435,0.543859649123,0.533333333333,0.571428571429,0.547619047619,0.415094339623,0.470588235294,0.468085106383,0.509090909091,0.622222222222,0.365079365079,0.526315789474,0.405405405405,0.391304347826,0.428571428571,0.459016393443,0.446808510638,0.462962962963,0.454545454545,0.517857142857,0.608695652174,0.559322033898,0.509803921569,0.457627118644,0.412698412698,0.477272727273,0.620689655172,0.452380952381,0.542857142857,0.454545454545,0.375,0.543859649123,0.539682539683,0.5,0.466666666667,0.608695652174,0.565217391304,0.538461538462,0.622641509434,0.465517241379,0.6,0.446808510638,0.542372881356,0.603773584906,0.553571428571,0.576271186441,0.568965517241,0.568965517241,0.62,0.433962264151,0.622950819672,0.521739130435,0.54347826087,0.533333333333,0.5,0.555555555556,0.852941176471,0.675675675676,0.561403508772,0.529411764706,0.491228070175,0.6,0.486486486486,0.705882352941,0.574468085106,0.509433962264,0.5,0.530303030303,0.553571428571,0.42,0.573770491803,0.517857142857,0.42,0.461538461538,0.512195121951,0.537037037037,0.574074074074,0.526315789474,0.56862745098,0.431034482759,0.395833333333,0.478260869565,0.508771929825,0.467741935484,0.592592592593,0.589743589744,0.333333333333,0.457627118644,0.466666666667,0.473684210526,0.377777777778,0.509090909091,0.372881355932,0.512820512821,0.611111111111,0.468085106383,0.454545454545,0.491803278689,0.440677966102,0.588235294118,0.424657534247,0.636363636364,0.478260869565,0.545454545455,0.628571428571,0.433962264151,0.568181818182,0.517857142857,0.553191489362,0.604651162791,0.470588235294,0.641509433962,0.508474576271,0.555555555556,0.595238095238,0.561403508772,0.464285714286,0.484375,0.379310344828,0.5,0.555555555556,0.609756097561,0.461538461538,0.5,0.545454545455,0.909090909091,0.5,0.458333333333,0.466666666667,0.471698113208,0.627450980392,0.607142857143,0.576271186441,0.491228070175,0.583333333333,0.489361702128,0.5,0.477272727273,0.52380952381,0.375,0.414634146341,0.413043478261,0.65,0.448979591837,0.489795918367,0.581818181818,0.428571428571,0.478260869565,0.511627906977,0.5,0.288888888889,0.441860465116,0.424242424242,0.62,0.547619047619,0.577777777778,0.563636363636,0.480769230769,0.487179487179,0.45,0.551020408163,0.568181818182,0.526315789474,0.584905660377,0.561403508772,0.568965517241,0.823529411765,0.605263157895,0.592592592593,0.512820512821,0.476923076923,0.477272727273,0.5,0.491228070175,0.5,0.414634146341,0.461538461538,0.546875,0.5,0.488888888889,0.4,0.448979591837,0.576923076923,0.416666666667,0.55,0.488372093023,0.530612244898,0.3125,0.545454545455,0.52380952381,0.413043478261,0.402985074627,0.666666666667,0.535714285714,0.472727272727,0.531914893617,0.48275862069,0.626865671642,0.522727272727,0.428571428571,0.515151515152,0.666666666667,0.510638297872,0.666666666667,0.594594594595,0.471698113208,0.536585365854,0.51724137931,0.557692307692,0.56,0.5,0.469387755102,0.422222222222,0.363636363636,0.367346938776,0.509803921569,0.6,0.594594594595,0.560975609756,0.58,0.58,0.470588235294,0.515625,0.520833333333,0.425925925926,0.438596491228,0.614035087719,0.654545454545,0.358490566038,0.5,0.434782608696,0.413793103448,0.422222222222,0.531914893617,0.489795918367,0.585365853659,0.458333333333,0.545454545455,0.455882352941,0.529411764706,0.725,0.542372881356,0.444444444444,0.384615384615,0.46875,0.627906976744,0.525,0.595238095238,0.468085106383,0.444444444444,0.479166666667,0.508771929825,0.468085106383,0.46875,0.461538461538,0.479166666667,0.54,0.396226415094,0.568181818182,0.488372093023,0.521739130435,0.527777777778,0.463768115942,0.606557377049,0.369565217391,0.480769230769,0.408163265306,0.459459459459,0.563636363636,0.531914893617,0.645833333333,0.5,0.46511627907,0.53488372093,0.472727272727,0.431034482759,0.509433962264,0.5,0.475,0.375,0.558823529412,0.510638297872,0.592592592593,0.473684210526,0.573529411765,0.571428571429,0.571428571429,0.466666666667,0.4375,0.520833333333,0.465517241379,0.559322033898,0.568965517241,0.551020408163,0.469387755102,0.474576271186,0.446808510638,0.454545454545,0.5,0.442307692308,0.488372093023,0.53125,0.527777777778,0.5,0.520833333333,0.525423728814,0.608695652174,0.40625,0.604166666667,0.553846153846,0.48,0.581395348837,0.404255319149,0.44,0.435897435897,0.411764705882,0.470588235294,0.447368421053,0.447368421053,0.568181818182,0.410256410256,0.636363636364,0.529411764706,0.433962264151,0.647058823529,0.484375,0.564516129032,0.418604651163,0.452830188679,0.542857142857,0.351351351351,0.425925925926,0.509803921569,0.571428571429,0.477272727273,0.56862745098,0.4375,0.421875,0.325,0.44,0.441176470588,0.529411764706,0.423076923077,0.472727272727,0.526315789474,0.545454545455,0.530612244898,0.490566037736,0.531914893617,0.5,0.571428571429,0.358490566038,0.62962962963,0.526315789474,0.574074074074,0.591836734694,0.454545454545,0.520833333333,0.54,0.591836734694,0.553191489362,0.333333333333,0.525423728814,0.653846153846,0.549019607843,0.581818181818,0.557692307692,0.490909090909,0.4375,0.434782608696,0.54,0.511111111111,0.538461538462,0.5,0.441860465116,0.627906976744,0.395348837209,0.509803921569,0.605263157895,0.527027027027,0.529411764706,0.555555555556,0.529411764706,0.538461538462,0.38,0.648148148148,0.407407407407,0.549019607843,0.5,0.575,0.346153846154,0.54347826087,0.644444444444,0.461538461538,0.362068965517,0.481481481481,0.596153846154,0.6,0.413793103448,0.333333333333,0.431034482759,0.446808510638,0.581395348837,0.452830188679,0.407407407407,0.530612244898,0.435483870968,0.408163265306,0.5,0.5,0.551724137931,0.480769230769,0.5,0.549019607843,0.58,0.5,0.452830188679,0.409836065574,0.4,0.434782608696,0.4,0.549019607843,0.631578947368,0.551020408163,0.428571428571,0.425,0.4,0.408163265306,0.444444444444,0.490196078431,0.566037735849,0.483870967742,0.65306122449,0.473684210526,0.454545454545,0.541666666667,0.763157894737,0.515625,0.439024390244,0.448275862069,0.56,0.576923076923,0.446428571429,0.425531914894,0.428571428571,0.603448275862,0.6,0.617021276596,0.553191489362,0.472727272727,0.466666666667,0.576923076923,0.484848484848,0.560975609756,0.451612903226,0.673469387755,0.539682539683,0.594594594595,0.538461538462,0.451612903226,0.588235294118,0.5,0.439024390244,0.583333333333,0.5,0.641509433962,0.576923076923,0.466666666667,0.448979591837,0.52,0.641509433962,0.547169811321,0.52,0.405797101449,0.55223880597,0.491228070175,0.416666666667,0.52380952381,0.5625,0.564102564103,0.451612903226,0.526315789474,0.525423728814,0.509803921569,0.491525423729,0.59375,0.513513513514,0.5,0.465517241379,0.522727272727,0.547169811321,0.594594594595,0.595238095238,0.425531914894,0.477272727273,0.545454545455,0.462686567164,0.586956521739,0.714285714286,0.511627906977,0.462962962963,0.365853658537,0.463414634146,0.611111111111,0.565217391304,0.507042253521,0.544117647059,0.514705882353,0.25,0.685714285714,0.302325581395,0.585365853659,0.595238095238,0.485714285714,0.5,0.666666666667,0.5,0.379310344828,0.318181818182,0.4,0.416666666667,0.555555555556,0.584615384615,0.563636363636,0.5625,0.409090909091,0.30303030303,0.446808510638,0.744186046512,0.459459459459,0.347826086957,0.5,0.55737704918,0.490196078431,0.469387755102,0.444444444444,0.404255319149,0.5,0.541666666667,0.5,0.478260869565,0.535714285714,0.527272727273,0.537037037037,0.46511627907,0.388888888889,0.452830188679,0.466666666667,0.470588235294,0.644444444444,0.461538461538,0.480769230769,0.563636363636,0.418604651163,0.531914893617,0.444444444444,0.549019607843,0.482142857143,0.512820512821,0.454545454545,0.5,0.472222222222,0.604651162791,0.325,0.548387096774,0.6,0.509803921569,0.549019607843,0.408163265306,0.444444444444,0.567567567568,0.428571428571,0.596153846154,0.586956521739,0.454545454545,0.666666666667,0.408163265306,0.4,0.446808510638,0.529411764706,0.413043478261,0.444444444444,0.481481481481,0.545454545455,0.571428571429,0.519230769231,0.511111111111,0.394736842105,0.695652173913,0.407407407407,0.511627906977,0.40350877193,0.473684210526,0.450980392157,0.462962962963,0.549019607843,0.490566037736,0.477272727273,0.46511627907,0.553571428571,0.44262295082,0.425,0.45,0.704545454545,0.464285714286,0.615384615385,0.428571428571,0.5,0.48,0.422222222222,0.342105263158,0.40625,0.488372093023,0.451612903226,0.558139534884,0.513513513514,0.607142857143,0.559322033898,0.325581395349,0.488888888889,0.488372093023,0.512195121951,0.5,0.512195121951,0.462962962963,0.639344262295,0.582089552239,0.649122807018,0.46,0.531914893617,0.684210526316,0.470588235294,0.571428571429,0.552631578947,0.571428571429,0.58,0.423728813559,0.5625,0.519230769231,0.575,0.520833333333,0.452380952381,0.557692307692,0.619047619048,0.513513513514,0.611111111111,0.410256410256,0.509803921569,0.5,0.657142857143,0.442307692308,0.407407407407,0.436363636364,0.5,0.492753623188,0.407407407407,0.388888888889,0.387755102041,0.591836734694,0.30303030303,0.272727272727,0.604651162791,0.462686567164,0.522727272727,0.6,0.555555555556,0.387755102041,0.4,0.418604651163,0.488888888889,0.386363636364,0.609756097561,0.514285714286,0.5,0.540983606557,0.372549019608,0.509433962264,0.520833333333,0.521739130435,0.46511627907,0.474576271186,0.425531914894,0.546875,0.574074074074,0.52,0.46511627907,0.590163934426,0.512195121951,0.423076923077,0.565217391304,0.521126760563,0.515151515152,0.6,0.508771929825,0.425531914894,0.396226415094,0.490909090909,0.529411764706,0.511111111111,0.432432432432,0.395833333333,0.441860465116,0.585365853659,0.450980392157,0.588235294118,0.386363636364,0.489795918367,0.518518518519,0.5625,0.591549295775,0.409090909091,0.480769230769,0.48,0.339622641509,0.5,0.521739130435,0.442307692308,0.340909090909,0.473684210526,0.559322033898,0.542372881356,0.434782608696,0.471698113208,0.537037037037,0.346153846154,0.571428571429,0.518518518519,0.425925925926,0.434782608696,0.553571428571,0.491228070175,0.545454545455,0.512820512821,0.47619047619,0.545454545455,0.522727272727,0.528301886792,0.507936507937,0.415094339623,0.4,0.54347826087,0.510204081633,0.530612244898,0.490566037736,0.5,0.48275862069,0.368421052632,0.516129032258,0.508196721311,0.491803278689,0.472222222222,0.512195121951,0.52,0.584905660377,0.636363636364,0.550724637681,0.464285714286,0.566666666667,0.433962264151,0.527272727273,0.452830188679,0.526315789474,0.41935483871,0.531914893617,0.545454545455,0.416666666667,0.545454545455,0.442307692308,0.527777777778,0.452830188679,0.507462686567,0.487804878049,0.589743589744,0.533333333333,0.557692307692,0.586956521739,0.46511627907,0.485714285714,0.488372093023,0.489795918367,0.510638297872,0.539682539683,0.571428571429,0.540540540541,0.536585365854,0.436363636364,0.379310344828,0.472727272727,0.489795918367,0.380281690141,0.596153846154,0.549019607843,0.459459459459,0.612244897959,0.608695652174,0.5,0.489361702128,0.568965517241,0.509090909091,0.531914893617,0.526315789474,0.470588235294,0.383333333333,0.454545454545,0.479166666667,0.540540540541,0.522727272727,0.48,0.461538461538,0.508196721311,0.516666666667,0.566666666667,0.358974358974,0.510638297872,0.488372093023,0.538461538462,0.461538461538,0.510638297872,0.5,0.5,0.48,0.485714285714,0.63829787234,0.436363636364,0.5,0.566037735849,0.509090909091,0.553191489362,0.388888888889,0.515151515152,0.5,0.5625,0.545454545455,0.555555555556,0.488372093023,0.511627906977,0.488888888889,0.341463414634,0.577777777778,0.547169811321,0.586956521739,0.592592592593,0.472727272727,0.461538461538,0.565217391304,0.3125,0.542857142857,0.567567567568,0.491228070175,0.564516129032,0.365853658537,0.56,0.520833333333,0.666666666667,0.469387755102,0.418181818182,0.442307692308,0.422222222222,0.512195121951,0.5,0.558139534884,0.489795918367,0.478260869565,0.484375,0.384615384615,0.384615384615,0.525,0.52,0.471698113208,0.404255319149,0.521739130435,0.564102564103,0.434782608696,0.530612244898,0.640625,0.516666666667,0.523076923077,0.521739130435,0.571428571429,0.518518518519,0.52,0.342105263158,0.375,0.52,0.53488372093,0.547619047619,0.575,0.511111111111,0.452380952381,0.488372093023,0.631578947368,0.583333333333,0.478260869565,0.594594594595,0.512195121951,0.512195121951,0.560975609756,0.565217391304,0.530612244898,0.458333333333,0.528301886792,0.536585365854,0.589743589744,0.596153846154,0.509433962264,0.488888888889,0.630434782609,0.434782608696,0.560975609756,0.387096774194,0.428571428571,0.627450980392,0.509090909091,0.526315789474,0.589743589744,0.527272727273,0.574074074074,0.5,0.469387755102,0.604166666667,0.511111111111,0.557692307692,0.421052631579,0.48,0.551020408163,0.422222222222,0.510204081633,0.54347826087,0.576923076923,0.636363636364,0.459459459459,0.489795918367,0.416666666667,0.444444444444,0.333333333333,0.472727272727,0.414634146341,0.618181818182,0.51724137931,0.488372093023,0.508771929825,0.4375,0.542857142857,0.689655172414,0.555555555556,0.658536585366,0.529411764706,0.479166666667,0.491228070175,0.611111111111,0.475,0.488372093023,0.54,0.594594594595,0.516129032258,0.433333333333,0.489361702128,0.511627906977,0.557692307692,0.384615384615,0.622950819672,0.403225806452,0.592592592593,0.382352941176,0.595744680851,0.559322033898,0.575757575758,0.56,0.490196078431,0.421052631579,0.352941176471,0.615384615385,0.354838709677,0.413793103448,0.288888888889,0.333333333333,0.354166666667,0.555555555556,0.489795918367,0.545454545455,0.564102564103,0.594594594595,0.38,0.53125,0.564102564103,0.423076923077,0.521739130435,0.44,0.363636363636,0.348837209302,0.447368421053,0.513513513514,0.488372093023,0.439024390244,0.435897435897,0.511111111111,0.589743589744,0.558823529412,0.555555555556,0.520833333333,0.442307692308,0.528301886792,0.520833333333,0.3,0.48,0.45,0.634146341463,0.486111111111,0.54347826087,0.510204081633,0.490196078431,0.595744680851,0.516666666667,0.65,0.618181818182,0.590909090909,0.552631578947,0.463414634146,0.416666666667,0.511627906977,0.644444444444,0.538461538462,0.454545454545,0.466666666667,0.52,0.577777777778,0.458333333333,0.466666666667,0.472222222222,0.521739130435,0.407407407407,0.490196078431,0.40625,0.489361702128,0.512195121951,0.452830188679,0.491228070175,0.489795918367,0.422222222222,0.315789473684,0.641025641026,0.409090909091,0.534482758621,0.46,0.473684210526,0.372093023256,0.571428571429,0.4375,0.46511627907,0.513513513514,0.565217391304,0.641025641026,0.513513513514,0.5,0.578947368421,0.545454545455,0.512195121951,0.576923076923,0.270833333333,0.538461538462,0.514285714286,0.583333333333,0.480769230769,0.409090909091,0.469387755102,0.456140350877,0.514285714286,0.514285714286,0.529411764706,0.514285714286,0.522727272727,0.525,0.549019607843,0.452380952381,0.5,0.390243902439,0.533333333333,0.513513513514,0.4375,0.424242424242,0.538461538462,0.659574468085,0.45,0.357142857143,0.425531914894,0.591836734694,0.625,0.775,0.46,0.465517241379,0.595744680851,0.690476190476,0.461538461538,0.509803921569,0.583333333333,0.433962264151,0.470588235294,0.545454545455,0.545454545455,0.527777777778,0.447368421053,0.486486486486,0.529411764706,0.527272727273,0.542857142857,0.447368421053,0.547169811321,0.529411764706,0.5,0.620689655172,0.525,0.462686567164,0.434782608696,0.583333333333,0.423076923077,0.521739130435,0.5,0.467741935484,0.5,0.478260869565,0.522727272727,0.507042253521,0.492063492063,0.477272727273,0.509090909091,0.568181818182,0.509433962264,0.676470588235,0.45,0.5,0.514285714286,0.457142857143,0.53125,0.441176470588,0.5,0.537037037037,0.5,0.513513513514,0.58,0.54,0.468085106383,0.410714285714,0.512820512821,0.575757575758,0.477272727273,0.444444444444,0.410256410256,0.630434782609,0.365384615385,0.529411764706,0.568965517241,0.649122807018,0.5,0.488372093023,0.430769230769,0.478260869565,0.5,0.591836734694,0.492063492063,0.471428571429,0.531914893617,0.444444444444,0.58064516129,0.5625,0.428571428571,0.5625,0.536585365854,0.52380952381,0.53488372093,0.653846153846,0.577777777778,0.552631578947,0.457142857143,0.558823529412,0.625,0.464285714286,0.585365853659,0.487804878049,0.555555555556,0.527272727273,0.372549019608,0.647058823529,0.462962962963,0.574074074074,0.45652173913,0.533333333333,0.480769230769,0.481481481481,0.333333333333,0.666666666667,0.625,0.52,0.444444444444,0.571428571429,0.530612244898,0.433962264151,0.428571428571,0.490909090909,0.605263157895,0.46511627907,0.631578947368,0.486486486486,0.472727272727,0.47619047619,0.446808510638,0.428571428571,0.607142857143,0.536585365854,0.589743589744,0.513513513514,0.363636363636,0.386363636364,0.431818181818,0.478260869565,0.558823529412,0.446153846154,0.589743589744,0.333333333333,0.5625,0.4375,0.518518518519,0.490196078431,0.442307692308,0.477272727273,0.518518518519,0.509803921569,0.533333333333,0.58,0.547169811321,0.666666666667,0.413043478261,0.48,0.490196078431,0.469696969697,0.472727272727,0.534482758621,0.34,0.512820512821,0.373134328358,0.470588235294,0.52,0.34,0.622641509434,0.431818181818,0.479166666667,0.529411764706,0.483333333333,0.461538461538,0.5,0.448275862069,0.326923076923,0.328125,0.413043478261,0.471698113208,0.564516129032,0.5,0.428571428571,0.412698412698,0.660714285714,0.382978723404,0.560975609756,0.48,0.530612244898,0.38,0.462962962963,0.479166666667,0.545454545455,0.488888888889,0.625,0.516666666667,0.520547945205,0.38,0.491525423729,0.578947368421,0.5,0.519230769231,0.589743589744,0.536585365854,0.516666666667,0.55737704918,0.644444444444,0.510204081633,0.581395348837,0.516129032258,0.407407407407,0.518518518519,0.536585365854,0.630434782609,0.461538461538,0.531914893617,0.342105263158,0.608695652174,0.735294117647,0.660377358491,0.515151515152,0.313725490196,0.410256410256,0.333333333333,0.521739130435,0.68085106383,0.52380952381,0.489795918367,0.603174603175,0.551724137931,0.549019607843,0.403846153846,0.466666666667,0.541666666667,0.469387755102,0.509433962264,0.6,0.456140350877,0.58064516129,0.62,0.609375,0.525423728814,0.509433962264,0.578947368421,0.652173913043,0.557692307692,0.595744680851,0.545454545455,0.48,0.444444444444,0.472222222222,0.589285714286,0.540540540541,0.74358974359,0.567567567568,0.540540540541,0.52380952381,0.557692307692,0.46875,0.542857142857,0.547169811321,0.522727272727,0.461538461538,0.536585365854,0.545454545455,0.627906976744,0.625,0.581395348837,0.521739130435,0.510638297872,0.472222222222,0.425,0.461538461538,0.645161290323,0.48275862069,0.58,0.410714285714,0.538461538462,0.577777777778,0.421052631579,0.347826086957,0.466666666667,0.547619047619,0.558139534884,0.53488372093,0.543859649123,0.428571428571,0.611111111111,0.44,0.644444444444,0.604651162791,0.555555555556,0.446808510638,0.527272727273,0.581395348837,0.526315789474,0.471698113208,0.511627906977,0.5,0.45652173913,0.423728813559,0.47619047619,0.5,0.666666666667,0.375,0.444444444444,0.553191489362,0.702702702703,0.56,0.63829787234,0.462962962963,0.529411764706,0.423076923077,0.366666666667,0.457142857143,0.473684210526,0.485714285714,0.510204081633,0.489361702128,0.489361702128,0.470588235294,0.463414634146,0.5,0.581395348837,0.428571428571,0.519230769231,0.48275862069,0.380952380952,0.471698113208,0.52380952381,0.520833333333,0.413043478261,0.5,0.403846153846,0.541666666667,0.409090909091,0.351351351351,0.538461538462,0.438596491228,0.5,0.594594594595,0.558823529412,0.536585365854,0.574074074074,0.5,0.477272727273,0.518518518519,0.5,0.538461538462,0.555555555556,0.444444444444,0.489361702128,0.481481481481,0.491525423729,0.488888888889,0.558139534884,0.36,0.469696969697,0.481481481481,0.634146341463,0.45652173913,0.413043478261,0.530612244898,0.396226415094,0.518518518519,0.52,0.625,0.477272727273,0.525423728814,0.620689655172,0.534482758621,0.540983606557,0.380952380952,0.466666666667,0.5,0.621621621622,0.326923076923,0.387755102041,0.468085106383,0.450980392157,0.456140350877,0.528301886792,0.5,0.534482758621,0.52380952381,0.552631578947,0.454545454545,0.5,0.48,0.4375,0.522727272727,0.325581395349,0.4,0.479166666667,0.52,0.458333333333,0.604651162791,0.608695652174,0.4,0.489361702128,0.466666666667,0.55,0.509803921569,0.52,0.461538461538,0.537037037037,0.621621621622,0.5,0.527777777778,0.469696969697,0.531914893617,0.462962962963,0.534482758621,0.5,0.472727272727,0.352941176471,0.488888888889,0.475,0.388888888889,0.5,0.54347826087,0.612244897959,0.477272727273,0.54347826087,0.566666666667,0.425531914894,0.489361702128,0.510204081633,0.45,0.438596491228,0.375,0.6,0.565217391304,0.487179487179,0.573529411765,0.566037735849,0.514285714286,0.548387096774,0.45652173913,0.377358490566,0.48275862069,0.52,0.529411764706,0.541666666667,0.454545454545,0.592592592593,0.431034482759,0.575757575758,0.613636363636,0.576923076923,0.555555555556,0.438596491228,0.46,0.5,0.421052631579,0.581818181818,0.510204081633,0.558823529412,0.564102564103,0.513513513514,0.510204081633,0.565217391304,0.574468085106,0.578947368421,0.547619047619,0.510638297872,0.510204081633,0.461538461538,0.411764705882,0.411764705882,0.5,0.551020408163,0.342857142857,0.529411764706,0.576271186441,0.509803921569,0.487804878049,0.596153846154,0.673469387755,0.615384615385,0.515151515152,0.475,0.394736842105,0.581081081081,0.579710144928,0.573529411765,0.46,0.45,0.636363636364,0.617647058824,0.558139534884,0.520833333333,0.613636363636,0.5,0.591836734694,0.5,0.466666666667,0.527272727273,0.456140350877,0.590163934426,0.452054794521,0.45,0.551020408163,0.480769230769,0.473684210526,0.426229508197,0.517857142857,0.586956521739,0.551020408163,0.559322033898,0.450980392157,0.527272727273,0.446428571429,0.479166666667,0.431034482759,0.468085106383,0.526315789474,0.5,0.545454545455,0.469387755102,0.54,0.529411764706,0.526315789474,0.483333333333,0.5,0.435897435897,0.446808510638,0.568181818182,0.559322033898,0.507692307692,0.462686567164,0.492957746479,0.5625,0.407407407407,0.530612244898,0.553571428571,0.583333333333,0.464285714286,0.515151515152,0.55,0.534482758621,0.584905660377,0.555555555556,0.453125,0.543859649123,0.583333333333,0.464285714286,0.62962962963,0.48275862069,0.533333333333,0.479166666667,0.551020408163,0.452380952381,0.65306122449,0.383333333333,0.439024390244,0.533333333333,0.560975609756,0.428571428571,0.571428571429,0.4,0.4,0.518518518519,0.47619047619,0.487179487179,0.487179487179,0.488372093023,0.521739130435,0.490196078431,0.5,0.517857142857,0.441176470588,0.48275862069,0.54347826087,0.52,0.593220338983,0.555555555556,0.5,0.480769230769,0.5,0.632653061224,0.54347826087,0.578947368421,0.521739130435,0.5,0.46511627907,0.490909090909,0.36,0.5,0.52,0.510204081633,0.36170212766,0.439024390244,0.431818181818,0.483870967742,0.488888888889,0.488888888889,0.576923076923,0.566037735849,0.589743589744,0.547619047619,0.536585365854,0.516129032258,0.54347826087,0.555555555556,0.574468085106,0.578947368421,0.471698113208,0.441176470588,0.3125,0.590909090909,0.466666666667,0.58,0.5,0.477272727273,0.480769230769,0.457142857143,0.333333333333,0.452380952381,0.589285714286,0.407407407407,0.425531914894,0.380952380952,0.392857142857,0.525,0.509090909091,0.510204081633,0.522727272727,0.534482758621,0.4375,0.590909090909,0.571428571429,0.442307692308,0.553191489362,0.469387755102,0.571428571429,0.525,0.447368421053,0.423076923077,0.541666666667,0.469387755102,0.462962962963,0.547169811321,0.62962962963,0.522727272727,0.458333333333,0.5,0.5625,0.595744680851,0.4,0.52380952381,0.682926829268,0.4,0.5,0.469387755102,0.46,0.521739130435,0.541666666667,0.511627906977,0.448275862069,0.436363636364,0.370967741935,0.509090909091,0.609756097561,0.565217391304,0.514705882353,0.414634146341,0.478260869565,0.441860465116,0.472727272727,0.47619047619,0.507936507937,0.552631578947,0.644444444444,0.491803278689,0.529411764706,0.42,0.464285714286,0.518518518519,0.404255319149,0.611111111111,0.595238095238,0.58,0.632653061224,0.509090909091,0.540983606557,0.42,0.389830508475,0.55737704918,0.492537313433,0.418181818182,0.5,0.488372093023,0.392857142857,0.461538461538,0.604651162791,0.5,0.442307692308,0.48275862069,0.488372093023,0.641025641026,0.578947368421,0.596153846154,0.522727272727,0.415094339623,0.5,0.488372093023,0.34328358209,0.509433962264,0.422222222222,0.468085106383,0.5,0.413043478261,0.641025641026,0.421052631579,0.464285714286,0.513513513514,0.606060606061,0.69387755102,0.529411764706,0.51724137931,0.5,0.348484848485,0.586206896552,0.583333333333,0.611111111111,0.489361702128,0.553191489362,0.586956521739,0.454545454545,0.55,0.631578947368,0.4375,0.4,0.547169811321,0.464285714286,0.425,0.604166666667,0.448979591837,0.489795918367,0.387096774194,0.448275862069,0.434782608696,0.555555555556,0.56862745098,0.560975609756,0.469387755102,0.461538461538,0.563636363636,0.583333333333,0.537037037037,0.395348837209,0.32,0.333333333333,0.413043478261,0.720930232558,0.74,0.46511627907,0.490566037736,0.411764705882,0.521739130435,0.549019607843,0.488372093023,0.567567567568,0.477272727273,0.536585365854,0.407407407407,0.486486486486,0.540540540541,0.615384615385,0.444444444444,0.551020408163,0.448979591837,0.428571428571,0.614035087719,0.457142857143,0.631578947368,0.541666666667,0.489795918367,0.441860465116,0.490909090909,0.5,0.674418604651,0.371428571429,0.452830188679,0.461538461538,0.612244897959,0.451612903226,0.613636363636,0.450980392157,0.617647058824,0.5,0.436363636364,0.392156862745,0.518518518519,0.555555555556,0.5,0.508474576271,0.489795918367,0.610169491525,0.52,0.557692307692,0.596774193548,0.621212121212,0.44262295082,0.433333333333,0.466666666667,0.542372881356,0.462962962963,0.416666666667,0.478260869565,0.581818181818,0.568965517241,0.5,0.549019607843,0.704545454545,0.383333333333,0.62,0.657894736842,0.583333333333,0.544117647059,0.480769230769,0.519230769231,0.45652173913,0.527272727273,0.655172413793,0.625,0.520833333333,0.491228070175,0.491228070175,0.541666666667,0.418604651163,0.325,0.488372093023,0.675,0.435897435897,0.513513513514,0.571428571429,0.415094339623,0.568181818182,0.448979591837,0.42,0.512195121951,0.388888888889,0.5,0.58,0.536585365854,0.5,0.56,0.387096774194,0.53488372093,0.491525423729,0.451612903226,0.396825396825,0.541666666667,0.444444444444,0.596153846154,0.62,0.483870967742,0.52,0.323529411765,0.566037735849,0.535714285714,0.477272727273,0.585365853659,0.632653061224,0.45,0.5,0.5,0.525423728814,0.648648648649,0.537037037037,0.548387096774,0.604651162791,0.4,0.421052631579,0.387755102041,0.519230769231,0.513513513514,0.5,0.560606060606,0.491228070175,0.423076923077,0.454545454545,0.622222222222,0.6,0.365853658537,0.52380952381,0.549019607843,0.563636363636,0.55,0.492063492063,0.520833333333,0.609756097561,0.428571428571,0.583333333333,0.547169811321,0.685714285714,0.619047619048,0.666666666667,0.5,0.526315789474,0.434782608696,0.487179487179,0.583333333333,0.584905660377,0.557692307692,0.558139534884,0.347826086957,0.489795918367,0.486486486486,0.527777777778,0.526315789474,0.477272727273,0.470588235294,0.548387096774,0.519230769231,0.557692307692,0.542857142857,0.595744680851,0.666666666667,0.538461538462,0.567567567568,0.628571428571,0.452830188679,0.45652173913,0.552631578947,0.571428571429,0.454545454545,0.465517241379,0.511111111111,0.515625,0.644444444444,0.5,0.520833333333,0.547169811321,0.58064516129,0.531914893617,0.422222222222,0.594594594595,0.416666666667,0.490566037736,0.405405405405,0.489795918367,0.5,0.535714285714,0.490909090909,0.442857142857,0.333333333333,0.491228070175,0.425,0.564102564103,0.428571428571,0.589743589744,0.594594594595,0.368421052632,0.473684210526,0.45,0.581818181818,0.378378378378,0.666666666667,0.461538461538,0.555555555556,0.516129032258,0.458333333333,0.488888888889,0.426229508197,0.489795918367,0.565217391304,0.577777777778,0.444444444444,0.566666666667,0.42,0.4,0.491228070175,0.577777777778,0.375,0.54347826087,0.617647058824,0.545454545455,0.5,0.529411764706,0.47619047619,0.418181818182,0.509803921569,0.58064516129,0.6,0.428571428571,0.565217391304,0.4,0.510638297872,0.549019607843,0.488888888889,0.512195121951,0.461538461538,0.729166666667,0.63829787234,0.589743589744,0.5,0.43137254902,0.465517241379,0.553191489362,0.434782608696,0.593220338983,0.465517241379,0.58,0.458333333333,0.553571428571,0.525,0.514285714286,0.54,0.509090909091,0.525423728814,0.461538461538,0.559322033898,0.491228070175,0.590909090909,0.5,0.422222222222,0.530612244898,0.530612244898,0.522727272727,0.578947368421,0.372093023256,0.491228070175,0.511627906977,0.512195121951,0.6,0.428571428571,0.474576271186,0.422222222222,0.481481481481,0.595744680851,0.586956521739,0.537037037037,0.452380952381,0.545454545455,0.533333333333,0.62,0.475,0.468085106383,0.56862745098,0.516129032258,0.5,0.588235294118,0.660377358491,0.44,0.518518518519,0.6,0.488372093023,0.639344262295,0.456140350877,0.472727272727,0.43137254902,0.440677966102,0.47619047619,0.507936507937,0.510204081633,0.412698412698,0.56,0.392156862745,0.375,0.621621621622,0.555555555556,0.5,0.518518518519,0.358974358974,0.473684210526,0.55737704918,0.593220338983,0.440677966102,0.527272727273,0.448979591837,0.396226415094,0.428571428571,0.4,0.439024390244,0.5,0.40350877193,0.585365853659,0.463414634146,0.630434782609,0.508771929825,0.6,0.595744680851,0.558139534884,0.4,0.484375,0.489795918367,0.478260869565,0.595238095238,0.43137254902,0.526315789474,0.583333333333,0.42,0.444444444444,0.4,0.4375,0.4,0.591836734694,0.434782608696,0.5,0.595238095238,0.571428571429,0.4,0.571428571429,0.377358490566,0.388888888889,0.490196078431,0.454545454545,0.344827586207,0.396825396825,0.369565217391,0.307692307692,0.492537313433,0.611111111111,0.454545454545,0.509433962264,0.6,0.567567567568,0.529411764706,0.54,0.464285714286,0.396226415094,0.5,0.434782608696,0.463414634146,0.46511627907,0.578947368421,0.638888888889,0.594594594595,0.421052631579,0.533333333333,0.433962264151,0.486486486486,0.608695652174,0.585365853659,0.487179487179,0.607142857143,0.547169811321,0.545454545455,0.574468085106,0.457627118644,0.517857142857,0.566666666667,0.516129032258,0.509803921569,0.5,0.466666666667,0.448275862069,0.405405405405,0.529411764706,0.549019607843,0.48,0.472222222222,0.454545454545,0.472222222222,0.564102564103,0.588235294118,0.439024390244,0.487179487179,0.509803921569,0.386363636364,0.5,0.508771929825,0.571428571429,0.531914893617,0.578125,0.564102564103,0.547169811321,0.567164179104,0.390243902439,0.625,0.53488372093,0.404255319149,0.651515151515,0.545454545455,0.45652173913,0.584905660377,0.388888888889,0.5,0.473684210526,0.509090909091,0.478260869565,0.444444444444,0.441176470588,0.25,0.452380952381,0.633333333333,0.568181818182,0.482142857143,0.440677966102,0.5,0.431818181818,0.491525423729,0.469387755102,0.542372881356,0.510204081633,0.508474576271,0.37037037037,0.490566037736,0.564102564103,0.481481481481,0.421875,0.5,0.703703703704,0.5,0.694444444444,0.512820512821,0.415094339623,0.46511627907,0.525423728814,0.266666666667,0.352941176471,0.551020408163,0.491228070175,0.40625,0.5,0.581818181818,0.533333333333,0.533333333333,0.418604651163,0.729166666667,0.372549019608,0.454545454545,0.52,0.678571428571,0.547619047619,0.521739130435,0.586956521739,0.425531914894,0.5625,0.490196078431,0.566037735849,0.404255319149,0.478260869565,0.510638297872,0.393442622951,0.391304347826,0.511111111111,0.6,0.55,0.542857142857,0.5,0.481481481481,0.472727272727,0.538461538462,0.482142857143,0.551020408163,0.490196078431,0.433962264151,0.558139534884,0.418604651163,0.488888888889,0.6,0.5,0.549019607843,0.54,0.47619047619,0.565217391304,0.551724137931,0.428571428571,0.545454545455,0.584905660377,0.509433962264,0.405405405405,0.552631578947,0.392156862745,0.614035087719,0.666666666667,0.45,0.5,0.410256410256,0.46875,0.518518518519,0.370967741935,0.454545454545,0.5,0.436363636364,0.418181818182,0.48275862069,0.434782608696,0.576271186441,0.4,0.631578947368,0.322580645161,0.387096774194,0.469387755102,0.440677966102,0.472222222222,0.432432432432,0.395833333333,0.528301886792,0.584905660377,0.51724137931,0.365384615385,0.43137254902,0.515151515152,0.484848484848,0.578947368421,0.433333333333,0.48275862069,0.456140350877,0.565217391304,0.375,0.53125,0.533333333333,0.488888888889,0.333333333333,0.675,0.53125,0.484375,0.458333333333,0.52380952381,0.479166666667,0.48275862069,0.444444444444,0.46,0.48,0.547619047619,0.395348837209,0.477272727273,0.35,0.705882352941,0.558139534884,0.333333333333,0.443037974684,0.352941176471,0.603773584906,0.575757575758,0.48275862069,0.584905660377,0.615384615385,0.63829787234,0.517857142857,0.54,0.444444444444,0.5,0.637931034483,0.542372881356,0.555555555556,0.794117647059,0.531914893617,0.363636363636,0.486486486486,0.392156862745,0.54347826087,0.606060606061,0.612903225806,0.571428571429,0.612903225806,0.485714285714,0.526315789474,0.604166666667,0.622641509434,0.52380952381,0.422222222222,0.5,0.415094339623,0.577777777778,0.409090909091,0.53488372093,0.538461538462,0.407407407407,0.526315789474,0.44,0.487804878049,0.575,0.537037037037,0.517857142857,0.509803921569,0.510638297872,0.510638297872,0.441860465116,0.46,0.553191489362,0.52,0.512195121951,0.467741935484,0.533333333333,0.514705882353,0.511111111111,0.442307692308,0.628571428571,0.553191489362,0.510638297872,0.681818181818,0.473684210526,0.435483870968,0.410714285714,0.48,0.466666666667,0.389830508475,0.489795918367,0.606060606061,0.571428571429,0.34375,0.46511627907,0.5,0.522727272727,0.555555555556,0.569230769231,0.535714285714,0.434782608696,0.48275862069,0.380952380952,0.535714285714,0.571428571429,0.481481481481,0.5625,0.409090909091,0.461538461538,0.448275862069,0.5,0.581395348837,0.555555555556,0.421052631579,0.512820512821,0.434782608696,0.446808510638,0.4,0.462962962963,0.409090909091,0.604651162791,0.543859649123,0.604166666667,0.686274509804,0.513513513514,0.581395348837,0.363636363636,0.642857142857,0.571428571429,0.551020408163,0.583333333333,0.620689655172,0.538461538462,0.407407407407,0.352941176471,0.525423728814,0.507692307692,0.467741935484,0.435897435897,0.461538461538,0.588235294118,0.540540540541,0.413043478261,0.454545454545,0.46,0.5,0.595238095238,0.541666666667,0.604166666667,0.508771929825,0.571428571429,0.54,0.5,0.589743589744,0.475,0.58,0.611111111111,0.489795918367,0.448275862069,0.436363636364,0.428571428571,0.48,0.631578947368,0.515151515152,0.441860465116,0.404255319149,0.511627906977,0.470588235294,0.458333333333,0.510638297872,0.588235294118,0.428571428571,0.428571428571,0.490196078431,0.5,0.372881355932,0.489361702128,0.551724137931,0.412698412698,0.416666666667,0.454545454545,0.484375,0.404761904762,0.481481481481,0.571428571429,0.406779661017,0.484375,0.347826086957,0.395833333333,0.508474576271,0.5,0.447368421053,0.479166666667,0.489361702128,0.535714285714,0.5,0.440677966102,0.558139534884,0.538461538462,0.571428571429,0.531914893617,0.5,0.513513513514,0.578947368421,0.553191489362,0.5,0.537037037037,0.566037735849,0.612244897959,0.509090909091,0.489361702128,0.462686567164,0.531914893617,0.452830188679,0.636363636364,0.617021276596,0.586956521739,0.5,0.491525423729,0.4,0.384615384615,0.530303030303,0.345454545455,0.489795918367,0.421052631579,0.481481481481,0.467741935484,0.515625,0.490196078431,0.5,0.512820512821,0.530612244898,0.5,0.54,0.520833333333,0.5,0.512820512821,0.545454545455,0.509433962264,0.464285714286,0.446428571429,0.452830188679,0.435897435897,0.489795918367,0.487179487179,0.584905660377,0.5,0.547619047619,0.56,0.516129032258,0.568181818182,0.521739130435,0.521739130435,0.461538461538,0.381818181818,0.607142857143,0.529411764706,0.5625,0.448979591837,0.469387755102,0.483870967742,0.425531914894,0.441860465116,0.466666666667,0.585714285714,0.489361702128,0.462962962963,0.552631578947,0.409090909091,0.44,0.529411764706,0.472727272727,0.396226415094,0.578947368421,0.48,0.454545454545,0.58,0.5,0.469387755102,0.595744680851,0.603773584906,0.583333333333,0.5,0.575,0.446808510638,0.585714285714,0.440677966102,0.491803278689,0.472727272727,0.36170212766,0.544117647059,0.576271186441,0.458333333333,0.480769230769,0.551020408163,0.555555555556,0.479166666667,0.482142857143,0.458333333333,0.45,0.405405405405,0.410256410256,0.607843137255,0.507936507937,0.484375,0.660377358491,0.458333333333,0.634146341463,0.603174603175,0.448275862069,0.352941176471,0.557692307692,0.534482758621,0.428571428571,0.553571428571,0.403225806452,0.435483870968,0.48,0.553191489362,0.489795918367,0.595238095238,0.547169811321,0.519230769231,0.590163934426,0.488372093023,0.543859649123,0.576923076923,0.588235294118,0.509090909091,0.36,0.56,0.522727272727,0.625,0.464285714286,0.566037735849,0.222222222222,0.4375,0.447368421053,0.43137254902,0.547169811321,0.553191489362,0.452830188679,0.51724137931,0.464285714286,0.540540540541,0.558139534884,0.5,0.517857142857,0.347826086957,0.375,0.48,0.46,0.436363636364,0.423728813559,0.5,0.4,0.533333333333,0.462962962963,0.666666666667,0.242424242424,0.4375,0.5,0.464788732394,0.615384615385,0.612244897959,0.521739130435,0.465517241379,0.361111111111,0.450980392157,0.454545454545,0.416666666667,0.594202898551,0.450980392157,0.509803921569,0.511111111111,0.536585365854,0.420289855072,0.428571428571,0.66,0.510204081633,0.410714285714,0.487179487179,0.62,0.724137931034,0.588235294118,0.684210526316,0.810810810811,0.871794871795,0.561403508772,0.744186046512,0.4375,0.525,0.438596491228,0.444444444444,0.469387755102,0.557692307692,0.588235294118,0.56862745098,0.451612903226,0.52380952381,0.405405405405,0.521739130435,0.5625,0.642857142857,0.520833333333,0.323529411765,0.585365853659,0.431034482759,0.574074074074,0.526315789474,0.574074074074,0.372881355932,0.538461538462,0.521126760563,0.588235294118,0.622950819672,0.459016393443,0.586956521739,0.5,0.5,0.512195121951,0.654545454545,0.469387755102,0.558139534884,0.375,0.45652173913,0.608695652174,0.34693877551,0.456140350877,0.52,0.466666666667,0.457627118644,0.555555555556,0.469387755102,0.637931034483,0.473684210526,0.466666666667,0.56,0.518518518519,0.436363636364,0.516129032258,0.612244897959,0.441860465116,0.536585365854,0.382978723404,0.396551724138,0.360655737705,0.413793103448,0.45652173913,0.46875,0.545454545455,0.520833333333,0.404761904762,0.232558139535,0.520833333333,0.491228070175,0.444444444444,0.471698113208,0.553571428571,0.571428571429,0.552631578947,0.533333333333,0.518518518519,0.615384615385,0.555555555556,0.564102564103,0.454545454545,0.553191489362,0.569230769231,0.536231884058,0.607843137255,0.74,0.642857142857,0.415094339623,0.745098039216,0.483870967742,0.630434782609,0.555555555556,0.586206896552,0.471698113208,0.632653061224,0.608695652174,0.561643835616,0.780487804878,0.428571428571,0.524590163934,0.615384615385,0.563636363636,0.452380952381,0.967741935484,0.923076923077,0.451612903226,0.519230769231,0.586956521739,0.489795918367,0.492063492063,0.631578947368,0.589285714286,0.4,0.510204081633,0.464285714286,0.62962962963,0.461538461538,0.488888888889,0.530612244898,0.470588235294,0.451612903226,0.596153846154,0.506849315068,0.46875,0.387755102041,0.45,0.489795918367,0.642857142857,0.442857142857,0.358974358974,0.5,0.44,0.487179487179,0.410256410256,0.528571428571,0.459016393443,0.555555555556,0.468085106383,0.435897435897,0.52,0.471698113208,0.448275862069,0.469387755102,0.424242424242,0.636363636364,0.421875,0.487804878049,0.413043478261,0.566037735849,0.509090909091,0.568965517241,0.487179487179,0.415094339623,0.616666666667,0.563636363636,0.509803921569,0.47619047619,0.461538461538,0.575,0.540540540541,0.478260869565,0.48275862069,0.590163934426,0.484848484848,0.358490566038,0.537037037037,0.452380952381,0.566037735849,0.517857142857,0.617021276596,0.461538461538,0.607843137255,0.553571428571,0.5,0.45652173913,0.519230769231,0.441176470588,0.54,0.452380952381,0.457142857143,0.34375,0.41935483871,0.492307692308,0.5,0.479166666667,0.423076923077,0.473684210526,0.555555555556,0.423728813559,0.444444444444,0.450980392157,0.349206349206,0.46,0.547169811321,0.485714285714,0.620689655172,0.630769230769,0.42,0.591836734694,0.404255319149,0.55737704918,0.568965517241,0.573770491803,0.416666666667,0.586956521739,0.607843137255,0.6,0.516129032258,0.634146341463,0.375,0.697674418605,0.46,0.589743589744,0.56,0.583333333333,0.552631578947,0.557692307692,0.604166666667,0.5,0.490196078431,0.446428571429,0.4,0.264705882353,0.541666666667,0.591836734694,0.5,0.5,0.522727272727,0.485714285714,0.55,0.454545454545,0.52,0.546875,0.568181818182,0.508474576271,0.410714285714,0.456140350877,0.421052631579,0.410256410256,0.535714285714,0.487804878049,0.519230769231,0.625,0.44262295082,0.52,0.457627118644,0.520833333333,0.584905660377,0.555555555556,0.42,0.551724137931,0.471698113208,0.510204081633,0.5,0.48,0.473684210526,0.451612903226,0.657894736842,0.609756097561,0.574074074074,0.490566037736,0.530303030303,0.507936507937,0.5,0.481481481481,0.545454545455,0.48275862069,0.5,0.48,0.415094339623,0.391304347826,0.5,0.535714285714,0.448979591837,0.533333333333,0.411764705882,0.465517241379,0.470588235294,0.380952380952,0.387755102041,0.473684210526,0.545454545455,0.588235294118,0.588235294118,0.7,0.66,0.58064516129,0.446428571429,0.560975609756,0.482142857143,0.44,0.535714285714,0.555555555556,0.54347826087,0.528301886792,0.490566037736,0.648148148148,0.571428571429,0.565217391304,0.394736842105,0.577777777778,0.42,0.547619047619,0.489361702128,0.507692307692,0.433962264151,0.467741935484,0.621621621622,0.475,0.528301886792,0.52,0.404761904762,0.52,0.473684210526,0.410256410256,0.454545454545,0.380952380952,0.519230769231,0.485294117647,0.489795918367,0.531914893617,0.481481481481,0.488372093023,0.436363636364,0.456140350877,0.612244897959,0.589285714286,0.44,0.515625,0.456140350877,0.558139534884,0.51724137931,0.54,0.529411764706,0.5,0.5,0.517857142857,0.48,0.542372881356,0.478260869565,0.511111111111,0.4,0.480769230769,0.555555555556,0.394736842105,0.42,0.519230769231,0.46511627907,0.448275862069,0.612244897959,0.516129032258,0.518518518519,0.395348837209,0.52,0.6,0.5,0.604651162791,0.5,0.473684210526,0.54,0.511627906977,0.661016949153,0.581395348837,0.53488372093,0.416666666667,0.485714285714,0.542857142857,0.561403508772,0.345454545455,0.471698113208,0.484848484848,0.44262295082,0.423728813559,0.509090909091,0.392156862745,0.627906976744,0.435483870968,0.35,0.43137254902,0.474576271186,0.62,0.421052631579,0.5,0.517857142857,0.513513513514,0.5625,0.517857142857,0.474576271186,0.507462686567,0.551724137931,0.588235294118,0.636363636364,0.508771929825,0.459459459459,0.559322033898,0.485294117647,0.610169491525,0.541666666667,0.355555555556,0.390243902439,0.487179487179,0.5,0.531914893617,0.524590163934,0.74,0.56,0.452830188679,0.395833333333,0.465517241379,0.559322033898,0.452380952381,0.426470588235,0.530303030303,0.443037974684,0.516129032258,0.591836734694,0.54,0.529411764706,0.48,0.448979591837,0.425,0.456140350877,0.571428571429,0.517857142857,0.5,0.441176470588,0.522727272727,0.507936507937,0.581818181818,0.578947368421,0.622222222222,0.557692307692,0.51724137931,0.5,0.606060606061,0.586206896552,0.46,0.625,0.555555555556,0.537037037037,0.333333333333,0.5,0.447368421053,0.5,0.638888888889,0.588235294118,0.553191489362,0.485714285714,0.527272727273,0.475,0.475,0.37037037037,0.452830188679,0.422222222222,0.56,0.463414634146,0.488888888889,0.527777777778,0.472222222222,0.512195121951,0.481481481481,0.451612903226,0.517857142857,0.509803921569,0.531914893617,0.625,0.413793103448,0.428571428571,0.409090909091,0.540983606557,0.53125,0.489361702128,0.450980392157,0.375,0.507692307692,0.469696969697,0.507692307692,0.479166666667,0.46511627907,0.423728813559,0.263157894737,0.472727272727,0.526315789474,0.47619047619,0.515151515152,0.480769230769,0.454545454545,0.581395348837,0.479166666667,0.533333333333,0.583333333333,0.583333333333,0.450980392157,0.416666666667,0.410714285714,0.527777777778,0.524590163934,0.527272727273,0.555555555556,0.511627906977,0.549019607843,0.534482758621,0.543859649123,0.45652173913,0.56,0.5,0.482142857143,0.425531914894,0.483870967742,0.52380952381,0.5,0.435897435897,0.55,0.5,0.490909090909,0.539682539683,0.489795918367,0.477272727273,0.451612903226,0.524590163934,0.561403508772,0.514705882353,0.470588235294,0.528301886792,0.586956521739,0.552631578947,0.52,0.488372093023,0.326923076923,0.366666666667,0.615384615385,0.5,0.444444444444,0.537037037037,0.404761904762,0.5,0.571428571429,0.540983606557,0.5,0.428571428571,0.52380952381,0.463768115942,0.395833333333,0.511627906977,0.591836734694,0.512820512821,0.614035087719,0.565217391304,0.385964912281,0.603448275862,0.651162790698,0.617021276596,0.488372093023,0.481481481481,0.535714285714,0.595238095238,0.456140350877,0.569444444444,0.346153846154,0.454545454545,0.492063492063,0.529411764706,0.5,0.688888888889,0.574074074074,0.509433962264,0.527027027027,0.377777777778,0.525423728814,0.5,0.451612903226,0.52,0.5,0.55,0.462962962963,0.466666666667,0.432432432432,0.466666666667,0.603773584906,0.545454545455,0.461538461538,0.581818181818,0.525423728814,0.458333333333,0.365384615385,0.5,0.62,0.592592592593,0.6,0.542857142857,0.508771929825,0.45,0.387096774194,0.466666666667,0.558823529412,0.375,0.454545454545,0.46,0.514285714286,0.5,0.568181818182,0.508196721311,0.392156862745,0.613636363636,0.571428571429,0.491228070175,0.519230769231,0.557692307692,0.519230769231,0.559322033898,0.444444444444,0.467741935484,0.448275862069,0.433962264151,0.509803921569,0.454545454545,0.428571428571,0.592592592593,0.582089552239,0.466666666667,0.555555555556,0.426229508197,0.48275862069,0.392857142857,0.547169811321,0.526315789474,0.5,0.65,0.611111111111,0.4,0.5,0.42,0.513513513514,0.604166666667,0.467741935484,0.434782608696,0.348837209302,0.410714285714,0.425,0.5,0.4,0.463414634146,0.450980392157,0.488888888889,0.5,0.631578947368,0.56,0.538461538462,0.5,0.47619047619,0.557692307692,0.555555555556,0.425925925926,0.47619047619,0.571428571429,0.543859649123,0.546875,0.396226415094,0.608695652174,0.391304347826,0.466666666667,0.461538461538,0.487804878049,0.441860465116,0.448979591837,0.526315789474,0.488888888889,0.531914893617,0.571428571429,0.530303030303,0.444444444444,0.542372881356,0.568965517241,0.302325581395,0.451612903226,0.537037037037,0.627118644068,0.459459459459,0.382352941176,0.675675675676,0.413793103448,0.609756097561,0.613636363636,0.555555555556,0.526315789474,0.55,0.490909090909,0.59375,0.5,0.591836734694,0.507692307692,0.518518518519,0.536585365854,0.47619047619,0.490566037736,0.479166666667,0.5,0.375,0.590909090909,0.571428571429,0.58,0.549019607843,0.402985074627,0.5,0.403846153846,0.578125,0.441860465116,0.42,0.48275862069,0.470588235294,0.595744680851,0.479166666667,0.525423728814,0.547169811321,0.509090909091,0.448979591837,0.490909090909,0.408163265306,0.428571428571,0.619047619048,0.54,0.530612244898,0.471698113208,0.480769230769,0.512195121951,0.514285714286,0.5,0.46,0.408163265306,0.45652173913,0.571428571429,0.487804878049,0.490566037736,0.54,0.54,0.48,0.341463414634,0.418604651163,0.378378378378,0.461538461538,0.55,0.5,0.421875,0.513513513514,0.4,0.438596491228,0.508474576271,0.524590163934,0.5,0.454545454545,0.372093023256,0.481481481481,0.423728813559,0.6,0.578947368421,0.5,0.456140350877,0.386363636364,0.54,0.333333333333,0.552631578947,0.450980392157,0.478260869565,0.47619047619,0.509803921569,0.53488372093,0.525,0.488372093023,0.555555555556,0.536585365854,0.491228070175,0.470588235294,0.604651162791,0.565217391304,0.54347826087,0.442307692308,0.382978723404,0.459016393443,0.469387755102,0.433962264151,0.42,0.58,0.53488372093,0.404255319149,0.32,0.571428571429,0.457142857143,0.451612903226,0.444444444444,0.408163265306,0.461538461538,0.536585365854,0.423728813559,0.462962962963,0.307692307692,0.566037735849,0.575,0.382978723404,0.431034482759,0.483333333333,0.439024390244,0.577777777778,0.52380952381,0.512195121951,0.479166666667,0.553191489362,0.512820512821,0.702702702703,0.571428571429,0.591836734694,0.584905660377,0.509803921569,0.491525423729,0.508196721311,0.513157894737,0.533333333333,0.411764705882,0.473684210526,0.481481481481,0.466666666667,0.530303030303,0.414634146341,0.46511627907,0.590909090909,0.446428571429,0.533333333333,0.450980392157,0.490196078431,0.521739130435,0.547169811321,0.467741935484,0.5625,0.509090909091,0.53125,0.446808510638,0.45652173913,0.522388059701,0.551724137931,0.52,0.6,0.469387755102,0.461538461538,0.525,0.468085106383,0.5,0.484375,0.534482758621,0.425531914894,0.557692307692,0.434782608696,0.470588235294,0.517857142857,0.543859649123,0.418604651163,0.5625,0.470588235294,0.592592592593,0.508771929825,0.527272727273,0.507936507937,0.469696969697,0.448979591837,0.6,0.46511627907,0.568965517241,0.461538461538,0.482142857143,0.578947368421,0.520833333333,0.568181818182,0.458333333333,0.489361702128,0.520833333333,0.52380952381,0.52380952381,0.5,0.522727272727,0.473684210526,0.509433962264,0.45652173913,0.431034482759,0.58064516129,0.571428571429,0.472727272727,0.431818181818,0.433962264151,0.435897435897,0.478260869565,0.540983606557,0.577777777778,0.45,0.531914893617,0.416666666667,0.565217391304,0.5625,0.615384615385,0.481481481481,0.558139534884,0.436363636364,0.553191489362,0.4375,0.45652173913,0.486486486486,0.46,0.543859649123,0.58,0.43137254902,0.5,0.516666666667,0.568181818182,0.892857142857,0.414634146341,0.533333333333,0.465517241379,0.461538461538,0.347826086957,0.431818181818,0.338461538462,0.528301886792,0.414634146341,0.6,0.4,0.553846153846,0.575757575758,0.393442622951,0.423076923077,0.436363636364,0.547619047619,0.440677966102,0.460317460317,0.385964912281,0.566666666667,0.590909090909,0.675675675676,0.558139534884,0.5,0.571428571429,0.622641509434,0.615384615385,0.431818181818,0.472727272727,0.605263157895,0.609756097561,0.446153846154,0.462962962963,0.46875,0.340909090909,0.448275862069,0.573770491803,0.5,0.525,0.413043478261,0.467741935484,0.602941176471,0.535211267606,0.533333333333,0.425,0.459459459459,0.438356164384,0.62962962963,0.521739130435,0.551020408163,0.483333333333,0.491525423729,0.571428571429,0.476923076923,0.461538461538,0.509803921569,0.616666666667,0.56862745098,0.520833333333,0.424242424242,0.52,0.674418604651,0.705882352941,0.80487804878,0.769230769231,0.625,0.352941176471,0.487179487179,0.456140350877,0.544117647059,0.488372093023,0.448275862069,0.595744680851,0.607843137255,0.65306122449,0.411764705882,0.590909090909,0.455882352941,0.52,0.282608695652,0.586956521739,0.4375,0.508771929825,0.414634146341,0.482142857143,0.3,0.466666666667,0.514285714286,0.579710144928,0.551020408163,0.422222222222,0.574074074074,0.526315789474,0.541666666667,0.466666666667,0.5,0.48,0.641025641026,0.6,0.516129032258,0.446808510638,0.593220338983,0.545454545455,0.491525423729,0.516129032258,0.389830508475,0.766666666667,0.64,0.551020408163,0.463414634146,0.421052631579,0.553191489362,0.5,0.466666666667,0.545454545455,0.416666666667,0.473684210526,0.423076923077,0.5,0.465517241379,0.615384615385,0.545454545455,0.538461538462,0.574468085106,0.321428571429,0.575,0.627906976744,0.487179487179,0.641509433962,0.642857142857,0.4,0.388888888889,0.457627118644,0.68,0.6,0.479166666667,0.513513513514,0.433333333333,0.488888888889,0.511627906977,0.558139534884,0.583333333333,0.408163265306,0.490196078431,0.566666666667,0.561403508772,0.521739130435,0.58,0.555555555556,0.48,0.552631578947,0.375,0.711111111111,0.609756097561,0.612244897959,0.627450980392,0.466666666667,0.475,0.736842105263,0.555555555556,0.559322033898,0.576923076923,0.467741935484,0.473684210526,0.44,0.426229508197,0.587301587302,0.548387096774,0.46,0.458333333333,0.53488372093,0.614285714286,0.588235294118,0.520833333333,0.613636363636,0.345454545455,0.596153846154,0.515151515152,0.447368421053,0.553191489362,0.571428571429,0.53488372093,0.54347826087,0.708333333333,0.583333333333,0.404761904762,0.446808510638,0.490566037736,0.537037037037,0.491228070175,0.491803278689,0.5,0.452830188679,0.592592592593,0.487804878049,0.444444444444,0.552631578947,0.48275862069,0.529411764706,0.5,0.47619047619,0.583333333333,0.54,0.520833333333,0.578947368421,0.5625,0.566037735849,0.509803921569,0.490196078431,0.415094339623,0.46,0.282051282051,0.548387096774,0.34375,0.454545454545,0.30303030303,0.521739130435,0.5,0.408163265306,0.425,0.368421052632,0.583333333333,0.559322033898,0.410256410256,0.384615384615,0.40350877193,0.377777777778,0.403846153846,0.571428571429,0.392156862745,0.406779661017,0.513157894737,0.545454545455,0.563636363636,0.660377358491,0.566037735849,0.571428571429,0.518518518519,0.581818181818,0.333333333333,0.588235294118,0.458333333333,0.525423728814,0.507936507937,0.482142857143,0.557692307692,0.434782608696,0.5,0.470588235294,0.489795918367,0.594594594595,0.481481481481,0.48,0.563636363636,0.408163265306,0.59375,0.5,0.571428571429,0.444444444444,0.444444444444,0.487179487179,0.541666666667,0.547169811321,0.509433962264,0.409090909091,0.520833333333,0.586206896552,0.558823529412,0.489361702128,0.479166666667,0.510204081633,0.5,0.511111111111,0.54,0.333333333333,0.438596491228,0.539682539683,0.5,0.553571428571,0.545454545455,0.638888888889,0.430769230769,0.459459459459,0.301587301587,0.571428571429,0.692307692308,0.549019607843,0.517857142857,0.631578947368,0.384615384615,0.458333333333,0.5,0.673076923077,0.472727272727,0.489361702128,0.4375,0.509433962264,0.477272727273,0.533333333333,0.408163265306,0.574074074074,0.469387755102,0.657894736842,0.480769230769,0.479166666667,0.407407407407,0.567567567568,0.438596491228,0.522727272727,0.545454545455,0.563636363636,0.454545454545,0.465517241379,0.454545454545,0.568181818182,0.525423728814,0.450980392157,0.533333333333,0.590163934426,0.480769230769,0.411764705882,0.428571428571,0.5,0.466666666667,0.489795918367,0.446428571429,0.569230769231,0.408163265306,0.519230769231,0.467741935484,0.456140350877,0.566666666667,0.48,0.510638297872,0.52,0.541666666667,0.521739130435,0.543859649123,0.487179487179,0.487804878049,0.54,0.469696969697,0.516129032258,0.462962962963,0.4,0.463414634146,0.6,0.555555555556,0.565217391304,0.633333333333,0.452830188679,0.482142857143,0.491525423729,0.508196721311,0.5,0.569230769231,0.603448275862,0.607843137255,0.527027027027,0.430769230769,0.414634146341,0.514285714286,0.488888888889,0.507246376812,0.566037735849,0.385964912281,0.448979591837,0.585365853659,0.510638297872,0.431034482759,0.477272727273,0.387755102041,0.473684210526,0.538461538462,0.518518518519,0.585714285714,0.537037037037,0.540540540541,0.457142857143,0.487179487179,0.5,0.528301886792,0.459459459459,0.568965517241,0.567567567568,0.58064516129,0.566037735849,0.565217391304,0.454545454545,0.588235294118,0.518518518519,0.527272727273,0.509803921569,0.54347826087,0.491228070175,0.610169491525,0.512195121951,0.578947368421,0.487804878049,0.452830188679,0.516129032258,0.48275862069,0.555555555556,0.583333333333,0.333333333333,0.5,0.425,0.615384615385,0.589743589744,0.484848484848,0.447368421053,0.490566037736,0.472727272727,0.469387755102,0.43137254902,0.566037735849,0.5,0.424242424242,0.647058823529,0.344827586207,0.46511627907,0.487179487179,0.547169811321,0.43137254902,0.508771929825,0.576923076923,0.5,0.660377358491,0.463414634146,0.511111111111,0.475409836066,0.36,0.470588235294,0.519230769231,0.543859649123,0.4,0.6,0.565217391304,0.435897435897,0.5,0.571428571429,0.466666666667,0.568181818182,0.48,0.459016393443,0.564516129032,0.5,0.675,0.508771929825,0.446808510638,0.508771929825,0.434782608696,0.565217391304,0.620689655172,0.5,0.657894736842,0.384615384615,0.526315789474,0.484848484848,0.5,0.5625,0.566666666667,0.444444444444,0.666666666667,0.5625,0.4,0.603773584906,0.547169811321,0.453125,0.425925925926,0.58064516129,0.408163265306,0.588235294118,0.586956521739,0.578947368421,0.617021276596,0.5,0.653846153846,0.551020408163,0.428571428571,0.654545454545,0.510204081633,0.491228070175,0.441860465116,0.307692307692,0.487804878049,0.59375,0.472222222222,0.5,0.454545454545,0.446428571429,0.516129032258,0.545454545455,0.56338028169,0.551020408163,0.387096774194,0.318181818182,0.441176470588,0.30303030303,0.51724137931,0.529411764706,0.372549019608,0.557692307692,0.566037735849,0.458333333333,0.586956521739,0.489795918367,0.586206896552,0.527272727273,0.508196721311,0.516129032258,0.416666666667,0.583333333333,0.512820512821,0.466666666667,0.512195121951,0.48,0.555555555556,0.520833333333,0.434782608696,0.479166666667,0.479166666667,0.44262295082,0.46511627907,0.459459459459,0.568965517241,0.425925925926,0.615384615385,0.481481481481,0.627118644068,0.428571428571,0.510204081633,0.527777777778,0.412698412698,0.535714285714,0.5,0.438596491228,0.418181818182,0.573770491803,0.612903225806,0.48,0.469387755102,0.509433962264,0.472222222222,0.6,0.672131147541,0.629032258065,0.610169491525,0.451612903226,0.592592592593,0.48,0.490909090909,0.507462686567,0.369565217391,0.439024390244,0.446808510638,0.590909090909,0.604166666667,0.553191489362,0.433962264151,0.490566037736,0.507692307692,0.478260869565,0.395348837209,0.651162790698,0.55,0.462962962963,0.631578947368,0.275,0.410256410256,0.406779661017,0.393442622951,0.525423728814,0.454545454545,0.367346938776,0.514285714286,0.551724137931,0.425531914894,0.471698113208,0.423076923077,0.5625,0.365853658537,0.6,0.651162790698,0.421052631579,0.53125,0.532258064516,0.592592592593,0.6,0.355555555556,0.446153846154,0.44776119403,0.5,0.571428571429,0.51724137931,0.551724137931,0.458333333333,0.541666666667,0.625,0.609756097561,0.621621621622,0.486111111111,0.507936507937,0.655172413793,0.444444444444,0.4375,0.375,0.508474576271,0.436363636364,0.492537313433,0.48,0.358490566038,0.351851851852,0.452380952381,0.40625,0.484375,0.727272727273,0.666666666667,0.617021276596,0.5,0.540540540541,0.478260869565,0.404761904762,0.54347826087,0.575757575758,0.592592592593,0.6,0.444444444444,0.379310344828,0.52380952381,0.470588235294,0.460317460317,0.47619047619,0.518518518519,0.516129032258,0.55223880597,0.547169811321,0.606060606061,0.428571428571,0.652173913043,0.4375,0.541666666667,0.530303030303,0.528301886792,0.588235294118,0.509090909091,0.384615384615,0.4,0.423728813559,0.595744680851,0.647058823529,0.326086956522,0.342105263158,0.438596491228,0.454545454545,0.491228070175,0.433962264151,0.628571428571,0.56,0.472727272727,0.454545454545,0.5,0.472222222222,0.555555555556,0.590909090909,0.631578947368,0.472727272727,0.425925925926,0.468085106383,0.492063492063,0.48275862069,0.573770491803,0.467741935484,0.380952380952,0.55223880597,0.475,0.571428571429,0.54347826087,0.658536585366,0.613636363636,0.509090909091,0.435483870968,0.518518518519,0.576923076923,0.596153846154,0.469387755102,0.5,0.52380952381,0.490196078431,0.630434782609,0.511111111111,0.514285714286,0.558823529412,0.549019607843,0.615384615385,0.421052631579,0.479166666667,0.464285714286,0.536585365854,0.488888888889,0.481481481481,0.515151515152,0.6,0.59375,0.571428571429,0.632653061224,0.543859649123,0.48275862069,0.492063492063,0.603773584906,0.612903225806,0.536585365854,0.46,0.513513513514,0.590909090909,0.566037735849,0.549019607843,0.58064516129,0.5,0.480769230769,0.520833333333,0.55,0.588235294118,0.560975609756,0.564102564103,0.673469387755,0.620689655172,0.534482758621,0.48275862069,0.533333333333,0.508196721311,0.444444444444,0.45652173913,0.314814814815,0.390243902439,0.536585365854,0.558139534884,0.555555555556,0.403846153846,0.568181818182,0.472222222222,0.571428571429,0.577777777778,0.432432432432,0.428571428571,0.439393939394,0.425925925926,0.411764705882,0.604166666667,0.390243902439,0.479166666667,0.436363636364,0.568181818182,0.549019607843,0.403225806452,0.566666666667,0.616666666667,0.444444444444,0.404761904762,0.490196078431,0.515151515152,0.5,0.342105263158,0.530612244898,0.574074074074,0.428571428571,0.45,0.404255319149,0.481481481481,0.4,0.485294117647,0.584905660377,0.574074074074,0.484375,0.5,0.5,0.53488372093,0.545454545455,0.64,0.4,0.512820512821,0.613636363636,0.506849315068,0.526315789474,0.5,0.462962962963,0.456140350877,0.642857142857,0.53488372093,0.453125,0.627450980392,0.45652173913,0.365384615385,0.454545454545,0.511111111111,0.470588235294,0.54,0.524590163934,0.555555555556,0.408163265306,0.58064516129,0.520833333333,0.512195121951,0.603448275862,0.536585365854,0.4,0.425925925926,0.550724637681,0.6,0.518518518519,0.536585365854,0.459016393443,0.704545454545,0.58,0.431818181818,0.630434782609,0.521739130435,0.54,0.393939393939,0.549019607843,0.461538461538,0.560975609756,0.447368421053,0.540983606557,0.528301886792,0.416666666667,0.536585365854,0.462962962963,0.4,0.595238095238,0.62962962963,0.382978723404,0.432835820896,0.340909090909,0.584615384615,0.431034482759,0.418604651163,0.627450980392,0.520833333333,0.542372881356,0.540540540541,0.416666666667,0.47619047619,0.430769230769,0.452830188679,0.586206896552,0.708333333333,0.538461538462,0.490566037736,0.509433962264,0.553571428571,0.508771929825,0.454545454545,0.309523809524,0.492753623188,0.428571428571,0.54347826087,0.634146341463,0.540540540541,0.534482758621,0.482142857143,0.553846153846,0.557692307692,0.46511627907,0.466666666667,0.454545454545,0.529411764706,0.571428571429,0.510638297872,0.584905660377,0.421052631579,0.5,0.403846153846,0.48275862069,0.588235294118,0.40625,0.483870967742,0.48275862069,0.454545454545,0.509803921569,0.558823529412,0.474576271186,0.520833333333,0.450980392157,0.432432432432,0.375,0.490909090909,0.514285714286,0.444444444444,0.5,0.428571428571,0.53488372093,0.55,0.608695652174,0.471698113208,0.530612244898,0.48275862069,0.614035087719,0.404761904762,0.487179487179,0.461538461538,0.5,0.516129032258,0.5,0.468085106383,0.555555555556,0.434210526316,0.517857142857,0.491803278689,0.509433962264,0.594594594595,0.634146341463,0.571428571429,0.392156862745,0.433333333333,0.573770491803,0.464285714286,0.520833333333,0.560975609756,0.536585365854,0.673913043478,0.606060606061,0.527777777778,0.551020408163,0.472727272727,0.479166666667,0.51724137931,0.534482758621,0.470588235294,0.538461538462,0.41935483871,0.615384615385,0.590909090909,0.549295774648,0.549019607843,0.5,0.422222222222,0.521739130435,0.531914893617,0.54347826087,0.547619047619,0.510204081633,0.577777777778,0.46,0.514285714286,0.521739130435,0.489795918367,0.529411764706,0.561403508772,0.52380952381,0.521739130435,0.44,0.438596491228,0.546875,0.5,0.619047619048,0.282051282051,0.5,0.458333333333,0.566037735849,0.538461538462,0.490196078431,0.45,0.592592592593,0.404761904762,0.425531914894,0.618181818182,0.581395348837,0.486486486486,0.617647058824,0.611111111111,0.552631578947,0.588235294118,0.377777777778,0.341463414634,0.511111111111,0.489795918367,0.545454545455,0.488888888889,0.516129032258,0.6,0.576923076923,0.408163265306,0.62962962963,0.609756097561,0.605263157895,0.534482758621,0.655172413793,0.59375,0.575,0.454545454545,0.509433962264,0.488888888889,0.27027027027,0.537037037037,0.571428571429,0.525,0.489361702128,0.62,0.555555555556,0.540540540541,0.525423728814,0.574468085106,0.523076923077,0.473684210526,0.536585365854,0.368421052632,0.477272727273,0.5625,0.418604651163,0.488888888889,0.6,0.5,0.409836065574,0.46511627907,0.578947368421,0.4,0.386363636364,0.577777777778,0.352941176471,0.391304347826,0.532258064516,0.509090909091,0.586956521739,0.421052631579,0.34693877551,0.32,0.450980392157,0.509433962264,0.512195121951,0.434782608696,0.608695652174,0.612244897959,0.571428571429,0.431818181818,0.425531914894,0.5,0.352941176471,0.590909090909,0.604651162791,0.644444444444,0.45652173913,0.58,0.574468085106,0.581395348837,0.553191489362,0.6,0.444444444444,0.431818181818,0.515151515152,0.507936507937,0.392857142857,0.592592592593,0.555555555556,0.532258064516,0.542372881356,0.541666666667,0.56,0.604651162791,0.688888888889,0.52380952381,0.485714285714,0.393939393939,0.441860465116,0.469387755102,0.452830188679,0.385964912281,0.790322580645,0.392857142857,0.520833333333,0.53488372093,0.36170212766,0.6,0.571428571429,0.473684210526,0.558823529412,0.59375,0.507936507937,0.511627906977,0.54,0.648648648649,0.587301587302,0.410714285714,0.509433962264,0.446808510638,0.434782608696,0.48,0.595744680851,0.451612903226,0.431034482759,0.446808510638,0.466666666667,0.357142857143,0.396825396825,0.415384615385,0.461538461538,0.509803921569,0.577777777778,0.5625,0.551020408163,0.574074074074,0.548387096774,0.53488372093,0.606557377049,0.452380952381,0.566037735849,0.377358490566,0.461538461538,0.45,0.5,0.425,0.461538461538,0.340909090909,0.465517241379,0.540983606557,0.627906976744,0.469696969697,0.444444444444,0.333333333333,0.567164179104,0.543859649123,0.530612244898,0.573770491803,0.412698412698,0.5,0.52,0.471698113208,0.36,0.372093023256,0.47619047619,0.408163265306,0.553571428571,0.530612244898,0.551020408163,0.5625,0.535714285714,0.506493506494,0.553191489362,0.454545454545,0.604166666667,0.425,0.564516129032,0.508771929825,0.48275862069,0.48275862069,0.58,0.540540540541,0.490566037736,0.38,0.48,0.517857142857,0.486842105263,0.611111111111,0.5,0.454545454545,0.388888888889,0.462962962963,0.5,0.545454545455,0.528301886792,0.381818181818,0.5,0.5625,0.492307692308,0.418181818182,0.5,0.516666666667,0.549019607843,0.557692307692,0.418604651163,0.413043478261,0.6,0.490909090909,0.520833333333,0.551020408163,0.527272727273,0.592592592593,0.450980392157,0.442307692308,0.525423728814,0.322033898305,0.553191489362,0.511111111111,0.403846153846,0.5,0.446808510638,0.423076923077,0.466666666667,0.433962264151,0.478260869565,0.511111111111,0.5625,0.527272727273,0.40350877193,0.62962962963,0.555555555556,0.541666666667,0.489361702128,0.612903225806,0.6,0.571428571429,0.462686567164,0.481481481481,0.541666666667,0.452830188679,0.537037037037,0.462962962963,0.492537313433,0.622222222222,0.47619047619,0.48275862069,0.402985074627,0.513513513514,0.5,0.434782608696,0.490566037736,0.385964912281,0.466666666667,0.472222222222,0.4375,0.472727272727,0.490196078431,0.45,0.666666666667,0.612903225806,0.634146341463,0.509433962264,0.553191489362,0.542372881356,0.6,0.543859649123,0.603773584906,0.469387755102,0.675675675676,0.677419354839,0.431818181818,0.551724137931,0.625,0.470588235294,0.464285714286,0.479166666667,0.459016393443,0.5,0.444444444444,0.571428571429,0.491228070175,0.45652173913,0.4375,0.605263157895,0.394736842105,0.454545454545,0.607142857143,0.575,0.581818181818,0.574074074074,0.592592592593,0.551724137931,0.52,0.444444444444,0.633333333333,0.45,0.516129032258,0.466666666667,0.538461538462,0.583333333333,0.517857142857,0.527272727273,0.525423728814,0.589285714286,0.466666666667,0.540540540541,0.542857142857,0.458333333333,0.446808510638,0.361111111111,0.479166666667,0.465517241379,0.358490566038,0.604166666667,0.555555555556,0.595744680851,0.6,0.403846153846,0.727272727273,0.48,0.509803921569,0.559322033898,0.521739130435,0.526315789474,0.44,0.592592592593,0.658536585366,0.619047619048,0.6,0.548387096774,0.529411764706,0.472727272727,0.404255319149,0.533333333333,0.530612244898,0.590909090909,0.561403508772,0.441860465116,0.509803921569,0.551724137931,0.5,0.469387755102,0.559322033898,0.457627118644,0.395348837209,0.469387755102,0.433962264151,0.382978723404,0.512195121951,0.444444444444,0.539682539683,0.450980392157,0.509090909091,0.534482758621,0.545454545455,0.547169811321,0.52380952381,0.352941176471,0.432432432432,0.618181818182,0.481481481481,0.421875,0.595238095238,0.565217391304,0.571428571429,0.517857142857,0.452830188679,0.591836734694,0.475,0.458333333333,0.519230769231,0.483333333333,0.59649122807,0.518518518519,0.358974358974,0.541666666667,0.509090909091,0.574468085106,0.5,0.5,0.333333333333,0.382978723404,0.46,0.507246376812,0.6,0.41935483871,0.375,0.564102564103,0.480769230769,0.584905660377,0.448275862069,0.813953488372,0.525,0.377777777778,0.380952380952,0.632352941176,0.590909090909,0.578947368421,0.566666666667,0.464285714286,0.516129032258,0.326086956522,0.488888888889,0.5,0.612903225806,0.489795918367,0.454545454545,0.519230769231,0.6,0.5,0.615384615385,0.435483870968,0.658536585366,0.509433962264,0.488372093023,0.545454545455,0.444444444444,0.5,0.5625,0.515625,0.45,0.545454545455,0.564102564103,0.536231884058,0.507936507937,0.488888888889,0.6,0.396226415094,0.456140350877,0.408163265306,0.525,0.448275862069,0.5,0.653846153846,0.428571428571,0.409090909091,0.528301886792,0.590909090909,0.595238095238,0.392156862745,0.533333333333,0.47619047619,0.411764705882,0.462962962963,0.63829787234,0.571428571429,0.555555555556,0.571428571429,0.566037735849,0.436363636364,0.490566037736,0.434782608696,0.478260869565,0.644444444444,0.48275862069,0.525423728814,0.526315789474,0.538461538462,0.491228070175,0.428571428571,0.416666666667,0.4375,0.561403508772,0.386363636364,0.538461538462,0.513513513514,0.59375,0.393939393939,0.540540540541,0.421052631579,0.51724137931,0.64,0.56862745098,0.65,0.617021276596,0.520833333333,0.511627906977,0.509803921569,0.510204081633,0.595744680851,0.537037037037,0.545454545455,0.552631578947,0.446808510638,0.409090909091,0.422222222222,0.576271186441,0.551724137931,0.555555555556,0.516666666667,0.5,0.5,0.507936507937,0.5,0.52380952381,0.416666666667,0.620689655172,0.454545454545,0.555555555556,0.435483870968,0.511111111111,0.408163265306,0.560975609756,0.5,0.488888888889,0.458333333333,0.48275862069,0.384615384615,0.363636363636,0.595238095238,0.616666666667,0.592592592593,0.485714285714,0.425531914894,0.528301886792,0.47619047619,0.4,0.471698113208,0.5,0.521739130435,0.470588235294,0.65625,0.525,0.380952380952,0.4375,0.622222222222,0.525,0.46,0.466666666667,0.6,0.545454545455,0.533333333333,0.52,0.608695652174,0.541666666667,0.519230769231,0.535714285714,0.54347826087,0.458333333333,0.583333333333,0.454545454545,0.525423728814,0.448979591837,0.365384615385,1.0,0.6,0.457142857143,0.461538461538,0.522727272727,0.489795918367,0.509433962264,0.478260869565,0.489361702128,0.46511627907,0.452380952381,0.387755102041,0.551020408163,0.536585365854,0.55737704918,0.516666666667,0.481481481481,0.418181818182,0.611111111111,0.404761904762,0.454545454545,0.428571428571,0.555555555556,0.576923076923,0.522727272727,0.521739130435,0.516129032258,0.486486486486,0.553571428571,0.382978723404,0.46875,0.410256410256,0.4,0.411764705882,0.555555555556,0.35593220339,0.526315789474,0.55,0.457142857143,0.448275862069,0.533333333333,0.529411764706,0.595744680851,0.410714285714,0.48275862069,0.492307692308,0.481481481481,0.42,0.466666666667,0.466666666667,0.553191489362,0.5,0.448979591837,0.4,0.590909090909,0.45,0.462962962963,0.62,0.48,0.528301886792,0.509433962264,0.422222222222,0.583333333333,0.518518518519,0.288461538462,0.636363636364,0.7,0.520833333333,0.52,0.527777777778,0.357142857143,0.538461538462,0.466666666667,0.418181818182,0.5,0.4,0.441176470588,0.522727272727,0.5,0.5,0.536585365854,0.65,0.461538461538,0.46875,0.487179487179,0.46,0.431034482759,0.451612903226,0.513513513514,0.574468085106,0.342105263158,0.488888888889,0.466666666667,0.485294117647,0.415384615385,0.525,0.491803278689,0.367346938776,0.6,0.5,0.538461538462,0.52,0.63829787234,0.487179487179,0.589743589744,0.605263157895,0.45,0.511627906977,0.536585365854,0.615384615385,0.560975609756,0.415094339623,0.517857142857,0.476923076923,0.538461538462,0.533333333333,0.525423728814,0.452380952381,0.548387096774,0.528301886792,0.472222222222,0.678571428571,0.455882352941,0.5,0.4,0.490566037736,0.537037037037,0.56,0.348837209302,0.404255319149,0.630434782609,0.388888888889,0.363636363636,0.5,0.459459459459,0.536585365854,0.47619047619,0.56,0.588235294118,0.555555555556,0.538461538462,0.413043478261,0.55223880597,0.604651162791,0.625,0.441860465116,0.549019607843,0.459016393443,0.541666666667,0.510204081633,0.4,0.490196078431,0.406779661017,0.428571428571,0.545454545455,0.444444444444,0.490566037736,0.512195121951,0.430769230769,0.685714285714,0.517857142857,0.577777777778,0.609756097561,0.561403508772,0.539682539683,0.485714285714,0.553191489362,0.53488372093,0.439024390244,0.588235294118,0.555555555556,0.675675675676,0.490566037736,0.48,0.525,0.521739130435,0.6,0.46511627907,0.5,0.4375,0.56,0.653846153846,0.477272727273,0.520833333333,0.461538461538,0.475,0.565217391304,0.6,0.428571428571,0.568965517241,0.594202898551,0.626865671642,0.531914893617,0.473684210526,0.448979591837,0.595744680851,0.422222222222,0.5,0.315789473684,0.5,0.38,0.45,0.459459459459,0.564102564103,0.473684210526,0.4,0.547619047619,0.575757575758,0.514285714286,0.514285714286,0.613636363636,0.339622641509,0.531914893617,0.472222222222,0.62962962963,0.58064516129,0.395833333333,0.4,0.5,0.452830188679,0.387755102041,0.468085106383,0.394736842105,0.558139534884,0.473684210526,0.388888888889,0.530303030303,0.491525423729,0.489361702128,0.571428571429,0.477272727273,0.461538461538,0.40350877193,0.555555555556,0.486486486486,0.414634146341,0.564102564103,0.51724137931,0.511111111111,0.527272727273,0.30612244898,0.444444444444,0.559322033898,0.55,0.510204081633,0.56,0.491803278689,0.530612244898,0.5,0.489361702128,0.486486486486,0.608695652174,0.679245283019,0.4,0.483333333333,0.588235294118,0.561403508772,0.617021276596,0.489795918367,0.571428571429,0.448979591837,0.578947368421,0.512820512821,0.487804878049,0.416666666667,0.439024390244,0.467532467532,0.6,0.461538461538,0.557692307692,0.634615384615,0.521739130435,0.466666666667,0.52380952381,0.386363636364,0.425,0.480769230769,0.540540540541,0.44,0.548387096774,0.479166666667,0.461538461538,0.480769230769,0.272727272727,0.44,0.388888888889,0.444444444444,0.676470588235,0.34375,0.583333333333,0.490196078431,0.454545454545,0.490566037736,0.510638297872,0.489361702128,0.384615384615,0.431034482759,0.421052631579,0.473684210526,0.677419354839,0.522727272727,0.440677966102,0.555555555556,0.475,0.461538461538,0.604166666667,0.48275862069,0.458333333333,0.622641509434,0.613636363636,0.537037037037,0.617021276596,0.673469387755,0.473684210526,0.389830508475,0.46875,0.450980392157,0.473684210526,0.466666666667,0.395833333333,0.54,0.488372093023,0.561403508772,0.56862745098,0.511111111111,0.409090909091,0.5,0.514285714286,0.478260869565,0.481481481481,0.478260869565,0.462962962963,0.5,0.617021276596,0.5,0.5,0.450980392157,0.452380952381,0.530612244898,0.551020408163,0.616666666667,0.451612903226,0.425531914894,0.531914893617,0.653846153846,0.595744680851,0.549019607843,0.438596491228,0.521739130435,0.468085106383,0.549019607843,0.472727272727,0.509090909091,0.5,0.478260869565,0.59649122807,0.486486486486,0.478260869565,0.575,0.560975609756,0.567567567568,0.540983606557,0.411764705882,0.630434782609,0.313725490196,0.411764705882,0.577777777778,0.63829787234,0.395833333333,0.614035087719,0.511111111111,0.5,0.516666666667,0.51724137931,0.509803921569,0.6,0.5625,0.608695652174,0.732142857143,0.5,0.479166666667,0.413793103448,0.583333333333,0.55223880597,0.533333333333,0.489361702128,0.531914893617,0.561403508772,0.490909090909,0.464788732394,0.516129032258,0.457142857143,0.642857142857,0.520833333333,0.428571428571,0.384615384615,0.43137254902,0.480769230769,0.462962962963,0.5,0.396226415094,0.392156862745,0.388888888889,0.466666666667,0.459016393443,0.54,0.583333333333,0.377049180328,0.533333333333,0.5,0.411764705882,0.444444444444,0.511111111111,0.492063492063,0.5,0.509803921569,0.490566037736,0.430769230769,0.403846153846,0.416666666667,0.508771929825,0.365384615385,0.410256410256,0.555555555556,0.571428571429,0.560975609756,0.45652173913,0.555555555556,0.5,0.4,0.625,0.575757575758,0.475,0.555555555556,0.575,0.553191489362,0.480769230769,0.436781609195,0.605263157895,0.588235294118,0.5,0.375,0.488888888889,0.5,0.585365853659,0.375,0.469387755102,0.4375,0.425,0.531914893617,0.52,0.454545454545,0.52,0.611111111111,0.418181818182,0.541666666667,0.510638297872,0.5,0.581818181818,0.418604651163,0.581818181818,0.447368421053,0.6,0.5,0.555555555556,0.395833333333,0.565217391304,0.47619047619,0.48275862069,0.54,0.627906976744,0.479166666667,0.489361702128,0.47619047619,0.558139534884,0.371428571429,0.405405405405,0.5,0.45,0.545454545455,0.488372093023,0.711111111111,0.704545454545,0.588235294118,0.478260869565,0.525,0.52,0.5,0.469387755102,0.547619047619,0.519230769231,0.56,0.456140350877,0.694444444444,0.766666666667,0.52380952381,0.512820512821,0.521739130435,0.4,0.521739130435,0.40625,0.56,0.522727272727,0.5,0.45,0.45,0.581395348837,0.536585365854,0.481481481481,0.479166666667,0.282608695652,0.457142857143,0.509803921569,0.583333333333,0.523076923077,0.488372093023,0.545454545455,0.564102564103,0.461538461538,0.560975609756,0.416666666667,0.236842105263,0.535714285714,0.408163265306,0.5625,0.439024390244,0.481481481481,0.5,0.511111111111,0.52380952381,0.442307692308,0.630434782609,0.615384615385,0.44,0.444444444444,0.52,0.543859649123,0.5,0.636363636364,0.392857142857,0.535714285714,0.372093023256,0.549019607843,0.560975609756,0.394736842105,0.531914893617,0.625,0.527272727273,0.46,0.569230769231,0.577777777778,0.558823529412,0.5,0.689655172414,0.590163934426,0.404255319149,0.45,0.609756097561,0.460317460317,0.408163265306,0.604166666667,0.333333333333,0.53488372093,0.405405405405,0.510638297872,0.655172413793,0.573770491803,0.362068965517,0.63829787234,0.511111111111,0.595238095238,0.657894736842,0.605263157895,0.447368421053,0.4,0.519230769231,0.510638297872,0.512820512821,0.512820512821,0.52380952381,0.408163265306,0.488372093023,0.318181818182,0.695652173913,0.444444444444,0.52380952381,0.592592592593,0.37037037037,0.5,0.366666666667,0.320754716981,0.6,0.471698113208,0.28125,0.479166666667,0.442307692308,0.592592592593,0.448275862069,0.470588235294,0.568181818182,0.428571428571,0.5,0.5,0.522727272727,0.52,0.34693877551,0.5,0.395833333333,0.55,0.525423728814,0.64,0.421052631579,0.547619047619,0.595744680851,0.595744680851,0.377358490566,0.44262295082,0.480769230769,0.442307692308,0.40350877193,0.548387096774,0.584905660377,0.526315789474,0.612244897959,0.413043478261,0.466666666667,0.525,0.393442622951,0.408163265306,0.541666666667,0.5625,0.536585365854,0.5,0.475,0.333333333333,0.413043478261,0.4375,0.63829787234,0.5,0.553191489362,0.530612244898,0.533333333333,0.52380952381,0.536585365854,0.571428571429,0.515151515152,0.442307692308,0.511627906977,0.53488372093,0.468085106383,0.526315789474,0.622222222222,0.595744680851,0.377777777778,0.490566037736,0.444444444444,0.466666666667,0.462962962963,0.692307692308,0.552631578947,0.625,0.478260869565,0.490196078431,0.428571428571,0.530612244898,0.56,0.555555555556,0.477272727273,0.617647058824,0.46511627907,0.31914893617,0.547169811321,0.5,0.555555555556,0.5,0.439024390244,0.574074074074,0.553191489362,0.448275862069,0.478260869565,0.53125,0.547169811321,0.551724137931,0.5,0.56,0.451612903226,0.292682926829,0.386363636364,0.428571428571,0.55,0.506666666667,0.5,0.45652173913,0.645833333333,0.492063492063,0.465517241379,0.3125,0.62,0.547619047619,0.54,0.527777777778,0.358974358974,0.5,0.439024390244,0.595238095238,0.595238095238,0.385964912281,0.512195121951,0.454545454545,0.431818181818,0.566037735849,0.4375,0.607843137255,0.365853658537,0.6,0.605263157895,0.5,0.565217391304,0.648148148148,0.46,0.462962962963,0.491525423729,0.462962962963,0.527272727273,0.558139534884,0.526315789474,0.509433962264,0.363636363636,0.553191489362,0.488372093023,0.5,0.5,0.511111111111,0.583333333333,0.564102564103,0.565217391304,0.586956521739,0.421052631579,0.302325581395,0.607142857143,0.45652173913,0.352941176471,0.567567567568,0.588235294118,0.576271186441,0.595744680851,0.558139534884,0.47619047619,0.568181818182,0.487804878049,0.578947368421,0.529411764706,0.428571428571,0.431034482759,0.451612903226,0.42,0.489361702128,0.433333333333,0.6,0.511627906977,0.625,0.555555555556,0.488372093023,0.605263157895,0.577777777778,0.510638297872,0.5,0.468085106383,0.451612903226,0.448275862069,0.541666666667,0.5,0.491228070175,0.578947368421,0.482142857143,0.351351351351,0.491803278689,0.473684210526,0.469696969697,0.54347826087,0.418181818182,0.46511627907,0.5,0.52,0.551724137931,0.515625,0.388888888889,0.411764705882,0.461538461538,0.5625,0.540540540541,0.435897435897,0.5,0.395348837209,0.4,0.595744680851,0.547169811321,0.348837209302,0.305555555556,0.46511627907,0.433962264151,0.365853658537,0.369565217391,0.541666666667,0.210526315789,0.555555555556,0.463768115942,0.568181818182,0.452380952381,0.543859649123,0.517857142857,0.571428571429,0.432432432432,0.48275862069,0.357142857143,0.451612903226,0.326530612245,0.471698113208,0.651162790698,0.415094339623,0.634615384615,0.425,0.421052631579,0.45,0.452830188679,0.584615384615,0.456140350877,0.477272727273,0.384615384615,0.54347826087,0.555555555556,0.446428571429,0.561403508772,0.519230769231,0.507936507937,0.529411764706,0.40350877193,0.415094339623,0.524590163934,0.53488372093,0.545454545455,0.454545454545,0.581395348837,0.513888888889,0.479166666667,0.52380952381,0.365853658537,0.444444444444,0.5,0.481481481481,0.586206896552,0.548387096774,0.48,0.5,0.531914893617,0.568965517241,0.404761904762,0.527777777778,0.564102564103,0.454545454545,0.525,0.487804878049,0.575,0.510638297872,0.481481481481,0.6,0.5,0.528301886792,0.528301886792,0.673469387755,0.545454545455,0.564102564103,0.461538461538,0.48,0.481481481481,0.52,0.488888888889,0.571428571429,0.596153846154,0.461538461538,0.576923076923,0.45652173913,0.629032258065,0.5,0.542372881356,0.390625,0.450980392157,0.565217391304,0.469387755102,0.5,0.596153846154,0.403846153846,0.454545454545,0.448979591837,0.542372881356,0.491228070175,0.529411764706,0.66,0.360655737705,0.557692307692,0.411764705882,0.407407407407,0.461538461538,0.454545454545,0.617647058824,0.5,0.625,0.69387755102,0.5,0.488372093023,0.434782608696,0.574074074074,0.52,0.46511627907,0.559322033898,0.42,0.410714285714,0.444444444444,0.480769230769,0.433962264151,0.490196078431,0.48,0.589743589744,0.541666666667,0.522388059701,0.521739130435,0.531914893617,0.553571428571,0.511111111111,0.56,0.41935483871,0.513513513514,0.433962264151,0.509090909091,0.551020408163,0.46,0.391304347826,0.4375,0.478260869565,0.454545454545,0.512195121951,0.540540540541,0.475,0.452380952381,0.396226415094,0.451612903226,0.525,0.636363636364,0.560975609756,0.48,0.4375,0.555555555556,0.490566037736,0.395833333333,0.533333333333,0.488888888889,0.478260869565,0.469387755102,0.333333333333,0.396226415094,0.396825396825,0.528301886792,0.470588235294,0.421052631579,0.444444444444,0.444444444444,0.59375,0.5,0.528301886792,0.433333333333,0.45652173913,0.31746031746,0.4,0.4,0.388888888889,0.48,0.508196721311,0.392156862745,0.5,0.547619047619,0.595744680851,0.522727272727,0.402985074627,0.487179487179,0.472222222222,0.54347826087,0.342857142857,0.410256410256,0.511627906977,0.491803278689,0.666666666667,0.65625,0.519230769231,0.466666666667,0.466666666667,0.621621621622,0.511627906977,0.6,0.529411764706,0.442307692308,0.475,0.472222222222,0.4,0.487804878049,0.468085106383,0.391304347826,0.652173913043,0.571428571429,0.537037037037,0.5625,0.558139534884,0.538461538462,0.5,0.5,0.41935483871,0.475409836066,0.372549019608,0.428571428571,0.528301886792,0.530612244898,0.6,0.657142857143,0.4,0.48,0.529411764706,0.34693877551,0.444444444444,0.5,0.634146341463,0.444444444444,0.466666666667,0.48,0.5,0.487804878049,0.52380952381,0.65,0.612244897959,0.333333333333,0.547169811321,0.518518518519,0.508771929825,0.461538461538,0.46,0.469387755102,0.583333333333,0.424242424242,0.481481481481,0.673076923077,0.6,0.56862745098,0.565217391304,0.510638297872,0.520833333333,0.5,0.480769230769,0.488888888889,0.47619047619,0.372093023256,0.490909090909,0.45,0.541666666667,0.576923076923,0.583333333333,0.545454545455,0.611111111111,0.525,0.512195121951,0.46,0.579710144928,0.441176470588,0.525,0.5,0.611111111111,0.641509433962,0.571428571429,0.409836065574,0.617021276596,0.488372093023,0.469387755102,0.450980392157,0.46511627907,0.487804878049,0.538461538462,0.55,0.5,0.483333333333,0.5,0.457627118644,0.511627906977,0.466666666667,0.431818181818,0.568181818182,0.48,0.489361702128,0.446808510638,0.34,0.528301886792,0.617021276596,0.54,0.470588235294,0.609756097561,0.5,0.489361702128,0.469387755102,0.555555555556,0.636363636364,0.642857142857,0.359375,0.475,0.607843137255,0.508474576271,0.444444444444,0.5,0.597014925373,0.325,0.5,0.454545454545,0.527272727273,0.5,0.5,0.568965517241,0.458333333333,0.692307692308,0.459459459459,0.567567567568,0.5,0.464285714286,0.467741935484,0.610169491525,0.428571428571,0.557692307692,0.520833333333,0.424242424242,0.387096774194,0.414634146341,0.48,0.5,0.625,0.452830188679,0.488372093023,0.508771929825,0.509433962264,0.561403508772,0.288888888889,0.421052631579,0.48275862069,0.454545454545,0.522727272727,0.54347826087,0.576923076923,0.4,0.63829787234,0.457627118644,0.458333333333,0.45652173913,0.450980392157,0.574468085106,0.553191489362,0.481481481481,0.48,0.625,0.613636363636,0.410256410256,0.577777777778,0.378378378378,0.527272727273,0.557692307692,0.412698412698,0.442307692308,0.390243902439,0.491525423729,0.5,0.51724137931,0.46,0.54347826087,0.489361702128,0.442307692308,0.444444444444,0.425531914894,0.64,0.551724137931,0.472727272727,0.511627906977,0.524590163934,0.553571428571,0.446428571429,0.594594594595,0.553571428571,0.566666666667,0.613636363636,0.571428571429,0.5,0.392156862745,0.565217391304,0.511111111111,0.484848484848,0.560975609756,0.294117647059,0.688888888889,0.577777777778,0.463414634146,0.394736842105,0.346153846154,0.543859649123,0.536585365854,0.413043478261,0.564102564103,0.535714285714,0.564516129032,0.508771929825,0.633333333333,0.41935483871,0.436363636364,0.488888888889,0.509803921569,0.478260869565,0.508196721311,0.418181818182,0.553571428571,0.390243902439,0.531914893617,0.5,0.52,0.577777777778,0.318181818182,0.459459459459,0.459459459459,0.509433962264,0.568181818182,0.627906976744,0.481481481481,0.450980392157,0.622222222222,0.621621621622,0.528301886792,0.627450980392,0.487179487179,0.478260869565,0.575,0.438596491228,0.487179487179,0.473684210526,0.5,0.605263157895,0.432432432432,0.43137254902,0.444444444444,0.4,0.516129032258,0.456140350877,0.742857142857,0.6,0.470588235294,0.525,0.532258064516,0.44,0.52,0.530612244898,0.428571428571,0.45652173913,0.433962264151,0.408163265306,0.408163265306,0.458333333333,0.490196078431,0.5,0.487804878049,0.645161290323,0.648648648649,0.296296296296,0.534482758621,0.490196078431,0.533333333333,0.479166666667,0.42,0.46875,0.585365853659,0.5,0.522727272727,0.56862745098,0.555555555556,0.467741935484,0.470588235294,0.697674418605,0.571428571429,0.583333333333,0.479166666667,0.5,0.521739130435,0.526315789474,0.566037735849,0.553191489362,0.659574468085,0.458333333333,0.5,0.509803921569,0.365384615385,0.522727272727,0.71186440678,0.555555555556,0.634920634921,0.577777777778,0.621621621622,0.450980392157,0.444444444444,0.63829787234,0.625,0.54,0.411764705882,0.411764705882,0.607843137255,0.5,0.422222222222,0.575,0.489361702128,0.463414634146,0.555555555556,0.394736842105,0.555555555556,0.470588235294,0.5625,0.372093023256,0.464285714286,0.444444444444,0.408163265306,0.475,0.547619047619,0.565217391304,0.595238095238,0.645833333333,0.53125,0.64,0.571428571429,0.378378378378,0.37037037037,0.510204081633,0.46511627907,0.529411764706,0.54347826087,0.431034482759,0.418181818182,0.425925925926,0.456140350877,0.428571428571,0.43137254902,0.441860465116,0.403846153846,0.442307692308,0.538461538462,0.479166666667,0.481481481481,0.517857142857,0.433962264151,0.470588235294,0.489361702128,0.520833333333,0.617021276596,0.372093023256,0.515625,0.613636363636,0.568965517241,0.58064516129,0.48,0.45,0.45,0.574468085106,0.520833333333,0.461538461538,0.661290322581,0.528301886792,0.450980392157,0.591836734694,0.408163265306,0.625,0.595744680851,0.604166666667,0.549019607843,0.349206349206,0.549019607843,0.566037735849,0.509433962264,0.557692307692,0.625,0.46511627907,0.416666666667,0.326086956522,0.431818181818,0.488888888889,0.36170212766,0.568965517241,0.423728813559,0.605263157895,0.470588235294,0.512195121951,0.54347826087,0.549019607843,0.491228070175,0.595238095238,0.546875,0.62,0.466666666667,0.510638297872,0.416666666667,0.472222222222,0.526315789474,0.675,0.536585365854,0.538461538462,0.520833333333,0.414634146341,0.547169811321,0.755102040816,0.538461538462,0.510204081633,0.660377358491,0.58,0.34,0.490566037736,0.395348837209,0.448979591837,0.428571428571,0.407407407407,0.483333333333,0.395348837209,0.464285714286,0.473684210526,0.634615384615,0.446808510638,0.491525423729,0.340425531915,0.466666666667,0.488372093023,0.421052631579,0.472222222222,0.596153846154,0.591836734694,0.488888888889,0.459459459459,0.55,0.38,0.571428571429,0.513513513514,0.446808510638,0.521739130435,0.441860465116,0.395833333333,0.585714285714,0.671428571429,0.42,0.5,0.659574468085,0.617021276596,0.5,0.384615384615,0.379310344828,0.5,0.456140350877,0.566666666667,0.5,0.482142857143,0.511627906977,0.644444444444,0.490196078431,0.4,0.41935483871,0.68085106383,0.516129032258,0.448979591837,0.492537313433,0.708333333333,0.625,0.552631578947,0.521739130435,0.65,0.45652173913,0.581395348837,0.618181818182,0.566037735849,0.462686567164,0.454545454545,0.515151515152,0.648648648649,0.35,0.471698113208,0.461538461538,0.684210526316,0.372549019608,0.581818181818,0.465517241379,0.422222222222,0.4,0.557692307692,0.632653061224,0.425925925926,0.557692307692,0.403225806452,0.611940298507,0.549019607843,0.446428571429,0.416666666667,0.456140350877,0.478260869565,0.5,0.54347826087,0.477272727273,0.525,0.56,0.516666666667,0.5,0.408163265306,0.431818181818,0.491228070175,0.571428571429,0.5,0.56,0.421052631579,0.489361702128,0.4375,0.56862745098,0.628571428571,0.30303030303,0.440677966102,0.620689655172,0.470588235294,0.384615384615,0.385964912281,0.486486486486,0.372549019608,0.512820512821,0.54,0.46,0.463414634146,0.666666666667,0.444444444444,0.548387096774,0.675675675676,0.657894736842,0.382978723404,0.469387755102,0.4375,0.5,0.512195121951,0.54347826087,0.475,0.615384615385,0.446808510638,0.526315789474,0.529411764706,0.512820512821,0.611111111111,0.466666666667,0.40625,0.446428571429,0.36170212766,0.6,0.571428571429,0.5,0.6,0.54,0.340425531915,0.641025641026,0.48,0.561403508772,0.55223880597,0.491525423729,0.472727272727,0.363636363636,0.510204081633,0.552631578947,0.5,0.606557377049,0.491228070175,0.577777777778,0.466666666667,0.514285714286,0.470588235294,0.54,0.421052631579,0.5,0.511627906977,0.459016393443,0.555555555556,0.647058823529,0.602941176471,0.391304347826,0.461538461538,0.529411764706,0.454545454545,0.450980392157,0.584905660377,0.4,0.447368421053,0.5,0.475409836066,0.521739130435,0.492753623188,0.432432432432,0.416666666667,0.463768115942,0.481481481481,0.55,0.411764705882,0.478260869565,0.53488372093,0.413793103448,0.333333333333,0.490909090909,0.636363636364,0.584905660377,0.509090909091,0.515151515152,0.576923076923,0.4,0.533333333333,0.377777777778,0.489361702128,0.395833333333,0.4375,0.52380952381,0.63829787234,0.488888888889,0.527272727273,0.563636363636,0.530612244898,0.480769230769,0.547169811321,0.558139534884,0.56862745098,0.530303030303,0.4375,0.555555555556,0.545454545455,0.5,0.492537313433,0.549019607843,0.571428571429,0.585365853659,0.444444444444,0.396551724138,0.325581395349,0.461538461538,0.436363636364,0.484848484848,0.525,0.529411764706,0.53125,0.484375,0.516129032258,0.5,0.58,0.571428571429,0.54,0.409090909091,0.566037735849,0.5,0.5,0.458333333333,0.551724137931,0.615384615385,0.627450980392,0.5,0.509090909091,0.519230769231,0.536231884058,0.5,0.544303797468,0.466666666667,0.47619047619,0.511627906977,0.54,0.510204081633,0.35593220339,0.532258064516,0.568965517241,0.488888888889,0.416666666667,0.466666666667,0.388888888889,0.603174603175,0.375,0.55,0.44,0.560606060606,0.604166666667,0.509803921569,0.522727272727,0.576271186441,0.438596491228,0.58,0.518518518519,0.51724137931,0.576923076923,0.488888888889,0.42,0.512195121951,0.428571428571,0.45652173913,0.441176470588,0.567567567568,0.486486486486,0.42,0.578947368421,0.583333333333,0.609756097561,0.617021276596,0.575,0.490909090909,0.479166666667,0.571428571429,0.528301886792,0.512820512821,0.625,0.477272727273,0.470588235294,0.439024390244,0.547169811321,0.558139534884,0.520833333333,0.526315789474,0.5,0.478260869565,0.448979591837,0.461538461538,0.613636363636,0.275,0.568181818182,0.590163934426,0.533333333333,0.41935483871,0.551020408163,0.63829787234,0.37037037037,0.571428571429,0.511111111111,0.537037037037,0.48,0.508771929825,0.533333333333,0.444444444444,0.45652173913,0.666666666667,0.5,0.533333333333,0.463414634146,0.5,0.534482758621,0.528301886792,0.536585365854,0.363636363636,0.473684210526,0.5,0.431034482759,0.548387096774,0.588235294118,0.414634146341,0.487804878049,0.566037735849,0.535714285714,0.351851851852,0.547169811321,0.537037037037,0.517857142857,0.586206896552,0.574074074074,0.522727272727,0.529411764706,0.545454545455,0.45,0.545454545455,0.509803921569,0.631578947368,0.452830188679,0.488888888889,0.433333333333,0.490909090909,0.482142857143,0.560975609756,0.688888888889,0.4,0.54,0.468085106383,0.4375,0.477272727273,0.509803921569,0.424242424242,0.586206896552,0.583333333333,0.594594594595,0.549019607843,0.459016393443,0.557692307692,0.521739130435,0.511111111111,0.535714285714,0.403225806452,0.480769230769,0.491525423729,0.369565217391,0.5,0.558139534884,0.482142857143,0.6,0.622641509434,0.452380952381,0.634146341463,0.62,0.5625,0.416666666667,0.518518518519,0.408163265306,0.466666666667,0.563636363636,0.540983606557,0.5,0.469387755102,0.53125,0.407407407407,0.363636363636,0.423728813559,0.5,0.553571428571,0.6,0.56,0.661016949153,0.6,0.616666666667,0.5,0.444444444444,0.387755102041,0.446428571429,0.514285714286,0.54347826087,0.48275862069,0.508771929825,0.534482758621,0.454545454545,0.454545454545,0.438596491228,0.611111111111,0.481481481481,0.534482758621,0.621212121212,0.56862745098,0.625,0.466666666667,0.553191489362,0.564102564103,0.644444444444,0.421052631579,0.45,0.428571428571,0.472727272727,0.565217391304,0.53488372093,0.5,0.442307692308,0.547169811321,0.342857142857,0.454545454545,0.395348837209,0.518518518519,0.354166666667,0.436363636364,0.428571428571,0.434782608696,0.490566037736,0.524590163934,0.596774193548,0.578947368421,0.48,0.583333333333,0.333333333333,0.574468085106,0.583333333333,0.45652173913,0.414634146341,0.589285714286,0.568181818182,0.448275862069,0.590909090909,0.4,0.54347826087,0.462962962963,0.581395348837,0.525423728814,0.428571428571,0.604651162791,0.657142857143,0.464285714286,0.411764705882,0.481481481481,0.469387755102,0.439393939394,0.625,0.622641509434,0.563636363636,0.410256410256,0.5,0.5,0.487804878049,0.565217391304,0.616666666667,0.5625,0.5,0.634146341463,0.25,0.622641509434,0.519230769231,0.815789473684,0.583333333333,0.54347826087,0.517857142857,0.549019607843,0.409836065574,0.5,0.4,0.542372881356,0.534482758621,0.533333333333,0.535714285714,0.452380952381,0.461538461538,0.617021276596,0.6,0.576271186441,0.564102564103,0.486486486486,0.439024390244,0.508474576271,0.433333333333,0.532258064516,0.54347826087,0.448979591837,0.545454545455,0.344827586207,0.433333333333,0.596153846154,0.553571428571,0.519230769231,0.609375,0.592592592593,0.42,0.571428571429,0.47619047619,0.533333333333,0.422222222222,0.354166666667,0.5,0.413043478261,0.4,0.545454545455,0.457142857143,0.44776119403,0.560975609756,0.46511627907,0.411764705882,0.318181818182,0.5,0.5,0.617647058824,0.483333333333,0.472222222222,0.541666666667,0.425531914894,0.422222222222,0.484848484848,0.625,0.583333333333,0.406779661017,0.431034482759,0.52,0.543859649123,0.574468085106,0.555555555556,0.595744680851,0.645833333333,0.673913043478,0.52,0.511627906977,0.489361702128,0.559322033898,0.492063492063,0.441860465116,0.543859649123,0.320754716981,0.428571428571,0.574074074074,0.615384615385,0.5,0.466666666667,0.538461538462,0.576923076923,0.518518518519,0.433333333333,0.423076923077,0.4375,0.450980392157,0.532258064516,0.63829787234,0.432432432432,0.509090909091,0.418604651163,0.581818181818,0.421052631579,0.522727272727,0.563636363636,0.530612244898,0.540540540541,0.568181818182,0.627118644068,0.568965517241,0.555555555556,0.617647058824,0.454545454545,0.393442622951,0.65,0.511111111111,0.520833333333,0.527272727273,0.490196078431,0.52,0.636363636364,0.609756097561,0.541666666667,0.439024390244,0.491525423729,0.46,0.386363636364,0.52380952381,0.537037037037,0.545454545455,0.45,0.540983606557,0.439393939394,0.438596491228,0.420289855072,0.470588235294,0.518518518519,0.526315789474,0.610169491525,0.617021276596,0.512195121951,0.5,0.377777777778,0.415094339623,0.490909090909,0.542857142857,0.509433962264,0.557692307692,0.561403508772,0.566037735849,0.5,0.575,0.5,0.448979591837,0.490566037736,0.352941176471,0.604166666667,0.488888888889,0.4375,0.561403508772,0.574468085106,0.4,0.385964912281,0.35,0.403846153846,0.526315789474,0.530612244898,0.450980392157,0.474576271186,0.555555555556,0.415094339623,0.522727272727,0.392857142857,0.535714285714,0.482142857143,0.578947368421,0.5,0.655172413793,0.517857142857,0.458333333333,0.472727272727,0.363636363636,0.507246376812,0.576923076923,0.375,0.5,0.530612244898,0.55737704918,0.470588235294,0.525,0.527777777778,0.560975609756,0.529411764706,0.4,0.325581395349,0.576923076923,0.446808510638,0.466666666667,0.468085106383,0.4375,0.5,0.525,0.56,0.613636363636,0.586956521739,0.446808510638,0.390243902439,0.409090909091,0.531914893617,0.533333333333,0.488372093023,0.403846153846,0.43137254902,0.466666666667,0.521739130435,0.424242424242,0.583333333333,0.439024390244,0.516129032258,0.688888888889,0.632653061224,0.6,0.45652173913,0.64,0.58,0.421052631579,0.464285714286,0.5,0.466666666667,0.52,0.551020408163,0.395348837209,0.527777777778,0.513513513514,0.5,0.571428571429,0.6,0.473684210526,0.422222222222,0.411764705882,0.53488372093,0.462962962963,0.438596491228,0.520833333333,0.559322033898,0.433333333333,0.659090909091,0.622222222222,0.478260869565,0.551020408163,0.45,0.470588235294,0.357142857143,0.44262295082,0.649122807018,0.617021276596,0.480769230769,0.480769230769,0.5,0.416666666667,0.25,0.25,0.5,0.369565217391,0.622222222222,0.5,0.392156862745,0.518518518519,0.596153846154,0.484375,0.636363636364,0.413043478261,0.574468085106,0.409090909091,0.555555555556,0.363636363636,0.53125,0.491525423729,0.553191489362,0.458333333333,0.452380952381,0.461538461538,0.541666666667,0.731707317073,0.388888888889,0.533333333333,0.568965517241,0.480769230769,0.451612903226,0.347826086957,0.469387755102,0.571428571429,0.483333333333,0.425531914894,0.488372093023,0.522727272727,0.5,0.538461538462,0.395348837209,0.470588235294,0.547619047619,0.380952380952,0.491803278689,0.483870967742,0.5,0.585365853659,0.5,0.367346938776,0.675675675676,0.514285714286,0.558139534884,0.448275862069,0.559322033898,0.621621621622,0.622222222222,0.528301886792,0.62962962963,0.48,0.571428571429,0.530612244898,0.431034482759,0.634146341463,0.522727272727,0.439024390244,0.527777777778,0.5,0.528571428571,0.520833333333,0.527777777778,0.462962962963,0.479166666667,0.555555555556,0.372549019608,0.6875,0.422222222222,0.549019607843,0.369565217391,0.553191489362,0.594594594595,0.489361702128,0.425531914894,0.428571428571,0.507936507937,0.529411764706,0.5,0.471698113208,0.352941176471,0.558823529412,0.526315789474,0.485714285714,0.638888888889,0.511627906977,0.432432432432,0.576923076923,0.545454545455,0.604651162791,0.525,0.5,0.514285714286,0.36,0.547169811321,0.578947368421,0.405405405405,0.53125,0.525423728814,0.489361702128,0.458333333333,0.525,0.421052631579,0.243243243243,0.3125,0.428571428571,0.590909090909,0.340425531915,0.480769230769,0.365384615385,0.5,0.575757575758,0.605263157895,0.511111111111,0.434782608696,0.488372093023,0.5625,0.365853658537,0.409836065574,0.5,0.489361702128,0.425925925926,0.365384615385,0.423076923077,0.461538461538,0.509090909091,0.568181818182,0.413043478261,0.595744680851,0.46,0.5,0.468085106383,0.530303030303,0.5,0.508196721311,0.543859649123,0.553191489362,0.421875,0.435897435897,0.533333333333,0.452380952381,0.625,0.545454545455,0.454545454545,0.406779661017,0.466666666667,0.448275862069,0.48,0.5,0.555555555556,0.468085106383,0.452380952381,0.461538461538,0.4,0.468085106383,0.625,0.301886792453,0.5,0.625,0.407407407407,0.547169811321,0.527272727273,0.448275862069,0.395348837209,0.52380952381,0.551724137931,0.56,0.5,0.42,0.5,0.418604651163,0.547169811321,0.421052631579,0.551724137931,0.6,0.38,0.53488372093,0.549019607843,0.531914893617,0.487179487179,0.510204081633,0.315789473684,0.448979591837,0.480769230769,0.537037037037,0.44,0.571428571429,0.622222222222,0.4375,0.622222222222,0.416666666667,0.578947368421,0.5,0.657894736842,0.444444444444,0.441860465116,0.457627118644,0.4,0.43137254902,0.5,0.5,0.489795918367,0.545454545455,0.410256410256,0.414634146341,0.489795918367,0.446428571429,0.571428571429,0.585365853659,0.490196078431,0.380952380952,0.604166666667,0.484375,0.402985074627,0.595744680851,0.540540540541,0.434782608696,0.627450980392,0.531914893617,0.48,0.551020408163,0.54,0.459459459459,0.528301886792,0.387755102041,0.461538461538,0.5,0.41935483871,0.53488372093,0.585365853659,0.490566037736,0.490566037736,0.564102564103,0.56862745098,0.560975609756,0.611111111111,0.5,0.514285714286,0.463414634146,0.56,0.56862745098,0.421875,0.340425531915,0.538461538462,0.466666666667,0.377358490566,0.590909090909,0.52,0.5,0.5,0.377777777778,0.708333333333,0.558139534884,0.532258064516,0.564102564103,0.48275862069,0.481481481481,0.571428571429,0.428571428571,0.490566037736,0.604651162791,0.636363636364,0.591836734694,0.454545454545,0.34693877551,0.52380952381,0.478260869565,0.5625,0.583333333333,0.5,0.531914893617,0.511111111111,0.47619047619,0.521739130435,0.458333333333,0.444444444444,0.581818181818,0.5,0.454545454545,0.510638297872,0.612903225806,0.846153846154,0.756756756757,0.54347826087,0.5,0.685185185185,0.324324324324,0.630434782609,0.4,0.36170212766,0.5,0.414634146341,0.479166666667,0.595238095238,0.555555555556,0.540540540541,0.692307692308,0.56862745098,0.5,0.450980392157,0.435483870968,0.473684210526,0.464285714286,0.432432432432,0.551020408163,0.538461538462,0.475,0.454545454545,0.6,0.454545454545,0.577777777778,0.48275862069,0.491525423729,0.5,0.452380952381,0.423728813559,0.469696969697,0.521739130435,0.534482758621,0.457627118644,0.571428571429,0.644444444444,0.510638297872,0.558139534884,0.471698113208,0.428571428571,0.425,0.5625,0.627450980392,0.381818181818,0.433333333333,0.425925925926,0.526315789474,0.564102564103,0.5,0.59375,0.594594594595,0.488888888889,0.511627906977,0.480769230769,0.415094339623,0.510204081633,0.5,0.479166666667,0.325,0.533333333333,0.606060606061,0.576923076923,0.345454545455,0.433962264151,0.52380952381,0.452380952381,0.535714285714,0.471698113208,0.434782608696,0.4,0.555555555556,0.553571428571,0.533333333333,0.547619047619,0.510204081633,0.514285714286,0.464285714286,0.514285714286,0.433962264151,0.48,0.549295774648,0.549019607843,0.472727272727,0.595744680851,0.479166666667,0.45,0.490196078431,0.509803921569,0.524590163934,0.592592592593,0.38,0.424242424242,0.452830188679,0.490909090909,0.493333333333,0.461538461538,0.423076923077,0.47619047619,0.512195121951,0.371428571429,0.530612244898,0.5625,0.4375,0.511627906977,0.418181818182,0.705882352941,0.46511627907,0.577777777778,0.466666666667,0.416666666667,0.466666666667,0.558823529412,0.491525423729,0.387755102041,0.470588235294,0.459016393443,0.48,0.489361702128,0.428571428571,0.509090909091,0.444444444444,0.428571428571,0.520833333333,0.541666666667,0.613636363636,0.483870967742,0.625,0.551724137931,0.607843137255,0.566037735849,0.490196078431,0.488372093023,0.408163265306,0.418604651163,0.486486486486,0.509090909091,0.482142857143,0.471698113208,0.509433962264,0.465517241379,0.454545454545,0.4,0.558823529412,0.535714285714,0.58064516129,0.563636363636,0.53125,0.571428571429,0.565217391304,0.518518518519,0.65,0.564102564103,0.454545454545,0.55223880597,0.6,0.54,0.566037735849,0.541666666667,0.589285714286,0.446428571429,0.469387755102,0.489795918367,0.471698113208,0.588235294118,0.56,0.509803921569,0.566037735849,0.54347826087,0.5,0.540983606557,0.41935483871,0.594594594595,0.444444444444,0.597222222222,0.44776119403,0.545454545455,0.5,0.531914893617,0.467741935484,0.5,0.560975609756,0.581395348837,0.48,0.632653061224,0.461538461538,0.425531914894,0.466666666667,0.568181818182,0.459459459459,0.388888888889,0.479166666667,0.5,0.596153846154,0.666666666667,0.333333333333,0.492537313433,0.52380952381,0.558139534884,0.481481481481,0.440677966102,0.464285714286,0.5,0.411764705882,0.595238095238,0.542372881356,0.547169811321,0.525423728814,0.490566037736,0.461538461538,0.488888888889,0.553571428571,0.573770491803,0.509433962264,0.490196078431,0.47619047619,0.666666666667,0.326086956522,0.561403508772,0.357142857143,0.460317460317,0.520833333333,0.38,0.404761904762,0.416666666667,0.45652173913,0.551020408163,0.478260869565,0.457142857143,0.528301886792,0.777777777778,0.5,0.489795918367,0.607843137255,0.480769230769,0.527272727273,0.5,0.528301886792,0.487804878049,0.384615384615,0.452380952381,0.435897435897,0.588235294118,0.472222222222,0.450980392157,0.547619047619,0.641509433962,0.522388059701,0.385964912281,0.521739130435,0.444444444444,0.578947368421,0.615384615385,0.526315789474,0.48,0.490566037736,0.5,0.408163265306,0.415094339623,0.377777777778,0.536231884058,0.559322033898,0.45,0.535714285714,0.446808510638,0.511627906977,0.636363636364,0.365853658537,0.564102564103,0.571428571429,0.48275862069,0.627906976744,0.414634146341,0.541666666667,0.53488372093,0.5,0.52,0.45652173913,0.520833333333,0.381818181818,0.428571428571,0.64,0.648148148148,0.63829787234,0.5,0.428571428571,0.365384615385,0.530612244898,0.372093023256,0.425925925926,0.574468085106,0.463414634146,0.446808510638,0.5,0.54,0.333333333333,0.5,0.478260869565,0.4625,0.470588235294,0.510638297872,0.530612244898,0.636363636364,0.410714285714,0.42,0.485714285714,0.548387096774,0.487179487179,0.5,0.477272727273,0.545454545455,0.471428571429,0.464788732394,0.433333333333,0.425925925926,0.346153846154,0.339622641509,0.5,0.558139534884,0.533333333333,0.521739130435,0.487179487179,0.48,0.489795918367,0.5,0.44,0.490196078431,0.5,0.54,0.55,0.5,0.442307692308,0.370967741935,0.345454545455,0.480769230769,0.333333333333,0.428571428571,0.487179487179,0.531914893617,0.467741935484,0.465753424658,0.526315789474,0.479452054795,0.545454545455,0.48275862069,0.488888888889,0.605263157895,0.422222222222,0.529411764706,0.513513513514,0.492063492063,0.595744680851,0.6,0.372093023256,0.529411764706,0.530612244898,0.533333333333,0.480769230769,0.509433962264,0.4,0.409090909091,0.489361702128,0.538461538462,0.513513513514,0.5,0.461538461538,0.489795918367,0.468085106383,0.452830188679,0.52,0.581395348837,0.540983606557,0.525,0.363636363636,0.593220338983,0.418181818182,0.477272727273,0.555555555556,0.227272727273,0.425,0.477272727273,0.666666666667,0.363636363636,0.488888888889,0.5,0.527777777778,0.395348837209,0.439024390244,0.5,0.469387755102,0.520833333333,0.5,0.565217391304,0.538461538462,0.48275862069,0.390243902439,0.5,0.375,0.590909090909,0.55,0.422222222222,0.448275862069,0.53125,0.566037735849,0.479166666667,0.590909090909,0.44776119403,0.527272727273,0.361111111111,0.514285714286,0.42,0.612903225806,0.574074074074,0.526315789474,0.486486486486,0.657142857143,0.585365853659,0.384615384615,0.422222222222,0.486486486486,0.48,0.538461538462,0.510638297872,0.428571428571,0.609756097561,0.528301886792,0.677419354839,0.531914893617,0.509433962264,0.55,0.414634146341,0.53488372093,0.490909090909,0.5,0.537037037037,0.46,0.675675675676,0.411764705882,0.5,0.441860465116,0.536585365854,0.433962264151,0.511111111111,0.509803921569,0.583333333333,0.392857142857,0.384615384615,0.56,0.475409836066,0.59649122807,0.583333333333,0.491525423729,0.436363636364,0.509090909091,0.372549019608,0.470588235294,0.583333333333,0.444444444444,0.47619047619,0.545454545455,0.515151515152,0.477272727273,0.607142857143,0.589743589744,0.566037735849,0.5,0.631578947368,0.521739130435,0.45652173913,0.564102564103,0.490196078431,0.588235294118,0.575,0.418604651163,0.512820512821,0.463414634146,0.555555555556,0.545454545455,0.538461538462,0.404255319149,0.47619047619,0.442307692308,0.549019607843,0.545454545455,0.511111111111,0.5,0.552631578947,0.516666666667,0.48,0.490196078431,0.446808510638,0.526315789474,0.589285714286,0.431034482759,0.471698113208,0.576923076923,0.612244897959,0.590909090909,0.46,0.516666666667,0.442307692308,0.428571428571,0.56,0.481481481481,0.425925925926,0.454545454545,0.585365853659,0.536585365854,0.571428571429,0.5,0.488888888889,0.448979591837,0.553571428571,0.52,0.551020408163,0.372549019608,0.581818181818,0.489361702128,0.462962962963,0.52380952381,0.48,0.62,0.557692307692,0.491525423729,0.489795918367,0.571428571429,0.55,0.551724137931,0.45,0.530612244898,0.545454545455,0.508771929825,0.462962962963,0.559322033898,0.541666666667,0.540983606557,0.348837209302,0.571428571429,0.4,0.548387096774,0.482142857143,0.428571428571,0.454545454545,0.511111111111,0.4375,0.403846153846,0.345454545455,0.345454545455,0.5625,0.403846153846,0.416666666667,0.5,0.6,0.615384615385,0.462962962963,0.44,0.368421052632,0.607843137255,0.5,0.446428571429,0.4,0.583333333333,0.568965517241,0.413793103448,0.571428571429,0.4,0.473684210526,0.588235294118,0.571428571429,0.333333333333,0.41935483871,0.365853658537,0.549019607843,0.519230769231,0.483870967742,0.588235294118,0.5,0.571428571429,0.608695652174,0.543859649123,0.395833333333,0.394736842105,0.510638297872,0.4375,0.511111111111,0.431818181818,0.5,0.509090909091,0.508474576271,0.485294117647,0.538461538462,0.5,0.480769230769,0.422222222222,0.5,0.557692307692,0.425925925926,0.43137254902,0.48275862069,0.551724137931,0.428571428571,0.54347826087,0.53125,0.45,0.695652173913,0.522727272727,0.333333333333,0.372549019608,0.478260869565,0.571428571429,0.367346938776,0.55,0.340425531915,0.530612244898,0.527272727273,0.594202898551,0.509433962264,0.5,0.431818181818,0.477272727273,0.354838709677,0.586206896552,0.681818181818,0.6,0.521739130435,0.472727272727,0.416666666667,0.48,0.520833333333,0.44262295082,0.590909090909,0.492957746479,0.612903225806,0.516666666667,0.45652173913,0.490566037736,0.636363636364,0.617021276596,0.411764705882,0.64,0.56862745098,0.477272727273,0.553191489362,0.555555555556,0.416666666667,0.457627118644,0.548387096774,0.387755102041,0.491525423729,0.439024390244,0.603773584906,0.460317460317,0.479166666667,0.548387096774,0.603773584906,0.368421052632,0.423076923077,0.666666666667,0.607843137255,0.607843137255,0.583333333333,0.461538461538,0.509090909091,0.520833333333,0.52,0.525,0.469387755102,0.472222222222,0.583333333333,0.526315789474,0.484848484848,0.428571428571,0.46511627907,0.518518518519,0.625,0.518518518519,0.564102564103,0.592592592593,0.380952380952,0.561403508772,0.720930232558,0.358974358974,0.526315789474,0.555555555556,0.571428571429,0.46,0.555555555556,0.557692307692,0.473684210526,0.596774193548,0.545454545455,0.577777777778,0.586956521739,0.533333333333,0.352941176471,0.509803921569,0.521739130435,0.5,0.455882352941,0.557142857143,0.38,0.574074074074,0.573770491803,0.586956521739,0.442307692308,0.491803278689,0.611111111111,0.512195121951,0.574074074074,0.631578947368,0.608695652174,0.481481481481,0.547619047619,0.485714285714,0.45,0.5,0.54347826087,0.589743589744,0.629032258065,0.442307692308,0.452380952381,0.530612244898,0.508196721311,0.48,0.62962962963,0.581818181818,0.545454545455,0.488888888889,0.44,0.448979591837,0.490566037736,0.481481481481,0.630434782609,0.411764705882,0.53488372093,0.457142857143,0.47619047619,0.428571428571,0.547619047619,0.423728813559,0.436363636364,0.63829787234,0.5,0.471698113208,0.561403508772,0.510638297872,0.547169811321,0.510204081633,0.369565217391,0.431034482759,0.431818181818,0.53488372093,0.435897435897,0.431818181818,0.408163265306,0.403846153846,0.520833333333,0.519230769231,0.484375,0.5,0.5,0.434782608696,0.365853658537,0.433962264151,0.456140350877,0.490909090909,0.432432432432,0.538461538462,0.457627118644,0.622222222222,0.352941176471,0.558823529412,0.433333333333,0.457627118644,0.481481481481,0.555555555556,0.5625,0.541666666667,0.35,0.34693877551,0.5,0.521739130435,0.609756097561,0.511111111111,0.458333333333,0.47619047619,0.651162790698,0.348837209302,0.404255319149,0.518518518519,0.432432432432,0.548387096774,0.510638297872,0.489795918367,0.58,0.469387755102,0.509433962264,0.586206896552,0.581395348837,0.727272727273,0.512195121951,0.490196078431,0.38,0.4375,0.461538461538,0.444444444444,0.478260869565,0.487804878049,0.5,0.56,0.440677966102,0.4375,0.377049180328,0.509433962264,0.458333333333,0.555555555556,0.490566037736,0.526315789474,0.54347826087,0.488888888889,0.45652173913,0.454545454545,0.574074074074,0.534482758621,0.520833333333,0.454545454545,0.545454545455,0.5,0.478260869565,0.324324324324,0.560975609756,0.53488372093,0.511111111111,0.441860465116,0.488888888889,0.5,0.479166666667,0.517857142857,0.586956521739,0.605263157895,0.4,0.541666666667,0.611111111111,0.55,0.509803921569,0.592592592593,0.578125,0.518518518519,0.5,0.5,0.533333333333,0.5,0.421052631579,0.454545454545,0.509803921569,0.462962962963,0.368421052632,0.365384615385,0.530612244898,0.470588235294,0.64406779661,0.388888888889,0.457627118644,0.466666666667,0.452830188679,0.55,0.489795918367,0.391304347826,0.567567567568,0.609756097561,0.549019607843,0.588235294118,0.468085106383,0.435897435897,0.536585365854,0.405405405405,0.363636363636,0.348837209302,0.489361702128,0.647058823529,0.446808510638,0.65625,0.465517241379,0.35593220339,0.547169811321,0.448275862069,0.596774193548,0.469387755102,0.469387755102,0.416666666667,0.456140350877,0.383333333333,0.450980392157,0.54347826087,0.489361702128,0.527272727273,0.509433962264,0.622222222222,0.738095238095,0.622222222222,0.65306122449,0.469387755102,0.622222222222,0.490196078431,0.392156862745,0.470588235294,0.447368421053,0.630434782609,0.444444444444,0.451612903226,0.396551724138,0.51724137931,0.619047619048,0.511627906977,0.520833333333,0.541666666667,0.428571428571,0.672413793103,0.6,0.5,0.520833333333,0.610169491525,0.538461538462,0.392156862745,0.5625,0.375,0.415094339623,0.578947368421,0.314814814815,0.5625,0.40625,0.59649122807,0.543859649123,0.440677966102,0.543859649123,0.586956521739,0.446808510638,0.545454545455,0.4375,0.423728813559,0.594594594595,0.428571428571,0.581395348837,0.46511627907,0.54,0.517857142857,0.549019607843,0.5,0.520833333333,0.62,0.25,0.583333333333,0.5625,0.428571428571,0.469387755102,0.314285714286,0.375,0.489361702128,0.422222222222,0.369565217391,0.5,0.358974358974,0.461538461538,0.5,0.469387755102,0.488888888889,0.627450980392,0.509803921569,0.44,0.577777777778,0.446808510638,0.6,0.56,0.488372093023,0.380952380952,0.5,0.537037037037,0.605263157895,0.372093023256,0.46875,0.4,0.627450980392,0.452830188679,0.51724137931,0.648648648649,0.444444444444,0.595238095238,0.611111111111,0.403225806452,0.295454545455,0.666666666667,0.566037735849,0.54,0.448979591837,0.403846153846,0.411764705882,0.322580645161,0.403846153846,0.5,0.5,0.452830188679,0.46875,0.46511627907,0.54347826087,0.489795918367,0.611111111111,0.461538461538,0.390243902439,0.589285714286,0.508474576271,0.521739130435,0.521739130435,0.627450980392,0.630434782609,0.325581395349,0.469387755102,0.645833333333,0.551020408163,0.510204081633,0.43137254902,0.490566037736,0.367346938776,0.409090909091,0.441860465116,0.416666666667,0.45,0.446808510638,0.392857142857,0.435897435897,0.489795918367,0.54347826087,0.490196078431,0.634615384615,0.620689655172,0.47619047619,0.425,0.55,0.509433962264,0.645161290323,0.389830508475,0.528301886792,0.536585365854,0.685714285714,0.6,0.441176470588,0.574468085106,0.470588235294,0.627450980392,0.416666666667,0.342857142857,0.452380952381,0.560975609756,0.482142857143,0.463768115942,0.47619047619,0.517857142857,0.527272727273,0.533333333333,0.416666666667,0.393442622951,0.541666666667,0.591836734694,0.375,0.43137254902,0.457627118644,0.58,0.444444444444,0.607142857143,0.464285714286,0.55223880597,0.647058823529,0.367346938776,0.468085106383,0.368421052632,0.406779661017,0.290322580645,0.418604651163,0.555555555556,0.461538461538,0.461538461538,0.567567567568,0.446808510638,0.468085106383,0.490909090909,0.46875,0.489795918367,0.475,0.512820512821,0.538461538462,0.525,0.511111111111,0.5,0.617647058824,0.545454545455,0.489361702128,0.490196078431,0.527272727273,0.436363636364,0.65306122449,0.423076923077,0.441176470588,0.5,0.438596491228,0.458333333333,0.542857142857,0.54347826087,0.659574468085,0.6,0.475,0.5,0.480769230769,0.446808510638,0.609756097561,0.59649122807,0.4,0.520833333333,0.425,0.541666666667,0.450980392157,0.533333333333,0.459459459459,0.508474576271,0.477272727273,0.605263157895,0.620689655172,0.484848484848,0.512195121951,0.530612244898,0.490196078431,0.40625,0.566666666667,0.576923076923,0.530612244898,0.660377358491,0.545454545455,0.341463414634,0.442307692308,0.368421052632,0.533333333333,0.522727272727,0.657894736842,0.416666666667,0.5,0.396226415094,0.45,0.424242424242,0.574074074074,0.54,0.522727272727,0.461538461538,0.558139534884,0.588235294118,0.470588235294,0.631578947368,0.441176470588,0.469387755102,0.552631578947,0.46875,0.511627906977,0.625,0.520833333333,0.489795918367,0.55223880597,0.577777777778,0.444444444444,0.435483870968,0.431818181818,0.333333333333,0.612244897959,0.423076923077,0.433962264151,0.452380952381,0.447368421053,0.377777777778,0.641025641026,0.474576271186,0.507462686567,0.444444444444,0.371428571429,0.369565217391,0.54,0.509433962264,0.479166666667,0.414634146341,0.547169811321,0.380952380952,0.511111111111,0.365079365079,0.438596491228,0.464285714286,0.37037037037,0.482142857143,0.578947368421,0.52,0.465517241379,0.526315789474,0.583333333333,0.595238095238,0.512820512821,0.613636363636,0.606060606061,0.389830508475,0.297297297297,0.395833333333,0.375,0.619047619048,0.365384615385,0.403846153846,0.517857142857,0.4,0.512820512821,0.436363636364,0.446808510638,0.573770491803,0.44,0.409836065574,0.537037037037,0.574468085106,0.434782608696,0.618181818182,0.519230769231,0.388888888889,0.488888888889,0.510638297872,0.413043478261,0.530612244898,0.5,0.542372881356,0.479166666667,0.469387755102,0.444444444444,0.522727272727,0.618181818182,0.585365853659,0.589743589744,0.527777777778,0.421052631579,0.413043478261,0.415094339623,0.545454545455,0.508771929825,0.470588235294,0.384615384615,0.302325581395,0.630434782609,0.560975609756,0.48275862069,0.5,0.457142857143,0.487804878049,0.428571428571,0.551724137931,0.637931034483,0.489361702128,0.431034482759,0.538461538462,0.514285714286,0.428571428571,0.466666666667,0.488888888889,0.553571428571,0.620689655172,0.45652173913,0.486486486486,0.5625,0.571428571429,0.617021276596,0.6,0.5,0.615384615385,0.444444444444,0.480769230769,0.547169811321,0.524590163934,0.52380952381,0.450980392157,0.469387755102,0.545454545455,0.568181818182,0.45,0.477272727273,0.540540540541,0.457142857143,0.576271186441,0.490909090909,0.530612244898,0.428571428571,0.434782608696,0.339622641509,0.551724137931,0.409090909091,0.490196078431,0.421052631579,0.558139534884,0.555555555556,0.428571428571,0.377777777778,0.545454545455,0.466666666667,0.52,0.434782608696,0.538461538462,0.69696969697,0.594594594595,0.457627118644,0.474576271186,0.372881355932,0.563636363636,0.526315789474,0.545454545455,0.617021276596,0.509433962264,0.612244897959,0.553191489362,0.341463414634,0.5625,0.586956521739,0.548387096774,0.457627118644,0.541666666667,0.469387755102,0.509803921569,0.5,0.557692307692,0.536585365854,0.553191489362,0.456140350877,0.526315789474,0.463414634146,0.566666666667,0.625,0.46875,0.435897435897,0.395348837209,0.529411764706,0.4375,0.461538461538,0.425531914894,0.565217391304,0.545454545455,0.567567567568,0.5,0.719298245614,0.522727272727,0.527777777778,0.613636363636,0.852941176471,0.431034482759,1.0,0.536585365854,0.431818181818,0.441558441558,0.518518518519,0.468085106383,0.545454545455,0.585365853659,0.511627906977,0.651162790698,0.511627906977,0.552631578947,0.463414634146,0.404255319149,0.46,0.448979591837,0.528301886792,0.48,0.636363636364,0.515625,0.558139534884,0.526315789474,0.531914893617,0.409090909091,0.470588235294,0.54,0.542857142857,0.565217391304,0.551020408163,0.509803921569,0.555555555556,0.448979591837,0.615384615385,0.460317460317,0.444444444444,0.428571428571,0.563636363636,0.5,0.448275862069,0.477272727273,0.594594594595,0.395833333333,0.625,0.5,0.51724137931,0.6,0.428571428571,0.577777777778,0.564516129032,0.584905660377,0.365384615385,0.463414634146,0.529411764706,0.487179487179,0.527777777778,0.510638297872,0.46,0.490566037736,0.458333333333,0.516129032258,0.595744680851,0.395833333333,0.450980392157,0.5,0.4,0.547619047619,0.5,0.339622641509,0.375,0.464285714286,0.454545454545,0.574468085106,0.543859649123,0.530612244898,0.590909090909,0.442307692308,0.416666666667,0.521739130435,0.547169811321,0.522727272727,0.488888888889,0.466666666667,0.438596491228,0.5,0.435897435897,0.488372093023,0.52380952381,0.461538461538,0.511627906977,0.48,0.372093023256,0.53125,0.487179487179,0.541666666667,0.529411764706,0.5,0.490196078431,0.426229508197,0.638888888889,0.46875,0.527777777778,0.538461538462,0.42,0.377777777778,0.425,0.470588235294,0.549019607843,0.479166666667,0.515151515152,0.490196078431,0.408163265306,0.5,0.5,0.553191489362,0.47619047619,0.435897435897,0.466666666667,0.627906976744,0.408163265306,0.489795918367,0.521739130435,0.478260869565,0.434782608696,0.5,0.45652173913,0.432432432432,0.617647058824,0.651162790698,0.638888888889,0.666666666667,0.681818181818,0.42,0.365079365079,0.492063492063,0.425531914894,0.526315789474,0.578947368421,0.472727272727,0.578947368421,0.522388059701,0.513513513514,0.695652173913,0.542857142857,0.425925925926,0.527272727273,0.589743589744,0.596153846154,0.55,0.568181818182,0.508771929825,0.471698113208,0.479166666667,0.516129032258,0.578125,0.717948717949,0.6,0.318181818182,0.354166666667,0.4,0.484848484848,0.549019607843,0.54347826087,0.428571428571,0.468085106383,0.524590163934,0.571428571429,0.396825396825,0.51724137931,0.531914893617,0.563636363636,0.545454545455,0.545454545455,0.590909090909,0.5,0.48,0.560975609756,0.408163265306,0.44,0.71875,0.6,0.488372093023,0.447368421053,0.42,0.448979591837,0.576923076923,0.536585365854,0.5,0.541666666667,0.464285714286,0.48,0.622641509434,0.5625,0.514285714286,0.536585365854,0.434782608696,0.435897435897,0.5,0.439024390244,0.479166666667,0.474576271186,0.56,0.391304347826,0.553191489362,0.476923076923,0.5,0.316666666667,0.48,0.489361702128,0.5,0.388888888889,0.468085106383,0.428571428571,0.529411764706,0.458333333333,0.480769230769,0.418181818182,0.5,0.407407407407,0.5,0.433962264151,0.5,0.464285714286,0.444444444444,0.431818181818,0.590909090909,0.53488372093,0.529411764706,0.5625,0.52,0.480769230769,0.5,0.5,0.372093023256,0.478260869565,0.517857142857,0.6,0.55,0.450980392157,0.586206896552,0.540540540541,0.533333333333,0.387096774194,0.441860465116,0.59375,0.314285714286,0.526315789474,0.673913043478,0.555555555556,0.48,0.584905660377,0.408163265306,0.426229508197,0.43137254902,0.512195121951,0.65,0.379310344828,0.642857142857,0.52,0.560975609756,0.473684210526,0.395348837209,0.35,0.43137254902,0.531914893617,0.42,0.545454545455,0.571428571429,0.452380952381,0.558139534884,0.477272727273,0.56862745098,0.396226415094,0.5,0.48,0.529411764706,0.487804878049,0.48275862069,0.615384615385,0.475,0.519230769231,0.576923076923,0.448275862069,0.571428571429,0.5,0.4,0.487179487179,0.416666666667,0.46,0.585365853659,0.571428571429,0.474576271186,0.522727272727,0.617021276596,0.387755102041,0.711538461538,0.625,0.395348837209,0.578947368421,0.541666666667,0.433962264151,0.482142857143,0.450980392157,0.6,0.603773584906,0.586206896552,0.538461538462,0.490196078431,0.43137254902,0.428571428571,0.613636363636,0.458333333333,0.537037037037,0.583333333333,0.560975609756,0.404255319149,0.446808510638,0.489361702128,0.5,0.4,0.272727272727,0.46,0.545454545455,0.428571428571,0.463414634146,0.508196721311,0.697674418605,0.46875,0.535714285714,0.5,0.537037037037,0.435897435897,0.555555555556,0.392156862745,0.52380952381,0.46,0.409090909091,0.45652173913,0.555555555556,0.622641509434,0.444444444444,0.489795918367,0.383333333333,0.413043478261,0.526315789474,0.577777777778,0.516129032258,0.442307692308,0.380952380952,0.456140350877,0.481481481481,0.521739130435,0.555555555556,0.5,0.365853658537,0.369565217391,0.551020408163,0.54,0.549019607843,0.444444444444,0.487804878049,0.5,0.547619047619,0.457142857143,0.4,0.489795918367,0.520833333333,0.510638297872,0.547619047619,0.489361702128,0.513513513514,0.446153846154,0.340909090909,0.459459459459,0.323529411765,0.531914893617,0.487179487179,0.5,0.525,0.428571428571,0.431818181818,0.537037037037,0.446808510638,0.458333333333,0.4,0.444444444444,0.520833333333,0.555555555556,0.557692307692,0.538461538462,0.446808510638,0.477272727273,0.448979591837,0.530612244898,0.421052631579,0.402985074627,0.41935483871,0.531914893617,0.55,0.452380952381,0.380952380952,0.560975609756,0.509803921569,0.47619047619,0.5625,0.478260869565,0.573770491803,0.490196078431,0.552631578947,0.435483870968,0.547619047619,0.659574468085,0.5,0.6,0.509803921569,0.432432432432,0.553191489362,0.35,0.464285714286,0.537037037037,0.532258064516,0.438596491228,0.325,0.465517241379,0.525423728814,0.5,0.488372093023,0.367346938776,0.533333333333,0.5,0.590909090909,0.448979591837,0.461538461538,0.633333333333,0.722222222222,0.555555555556,0.574074074074,0.526315789474,0.576923076923,0.409090909091,0.43137254902,0.333333333333,0.454545454545,0.488888888889,0.586206896552,0.392857142857,0.45,0.413793103448,0.425925925926,0.484848484848,0.552631578947,0.549019607843,0.734693877551,0.63829787234,0.392156862745,0.65306122449,0.48,0.528301886792,0.6,0.615384615385,0.371428571429,0.625,0.387755102041,0.51724137931,0.6,0.568181818182,0.583333333333,0.418181818182,0.490196078431,0.625,0.509090909091,0.396226415094,0.585365853659,0.382352941176,0.5,0.512195121951,0.531914893617,0.634920634921,0.461538461538,0.537037037037,0.454545454545,0.385964912281,0.538461538462,0.486111111111,0.411764705882,0.53488372093,0.543859649123,0.538461538462,0.466666666667,0.563636363636,0.533333333333,0.5,0.537037037037,0.566666666667,0.53125,0.553571428571,0.576923076923,0.536585365854,0.52380952381,0.538461538462,0.59375,0.478260869565,0.428571428571,0.479166666667,0.644444444444,0.325581395349,0.451612903226,0.549019607843,0.591836734694,0.549019607843,0.547169811321,0.547619047619,0.454545454545,0.442307692308,0.966666666667,0.463414634146,0.425531914894,0.447368421053,0.452380952381,0.542372881356,0.516129032258,0.53125,0.454545454545,0.648648648649,0.545454545455,0.565217391304,0.583333333333,0.528301886792,0.58,0.6,0.5,0.511627906977,0.483870967742,0.5625,0.458333333333,0.375,0.466666666667,0.490566037736,0.641509433962,0.372093023256,0.418604651163,0.363636363636,0.517857142857,0.6,0.565217391304,0.446808510638,0.434782608696,0.381818181818,0.377358490566,0.366666666667,0.54347826087,0.54,0.46511627907,0.518518518519,0.478260869565,0.567164179104,0.627118644068,0.530612244898,0.485714285714,0.538461538462,0.487179487179,0.612244897959,0.55,0.513513513514,0.540540540541,0.454545454545,0.489361702128,0.423728813559,0.393442622951,0.425,0.481481481481,0.479166666667,0.48275862069,0.520833333333,0.363636363636,0.592592592593,0.606060606061,0.467741935484,0.434782608696,0.46511627907,0.358490566038,0.5,0.528301886792,0.466666666667,0.452830188679,0.533333333333,0.459459459459,0.6,0.548387096774,0.55,0.575,0.557692307692,0.566037735849,0.5,0.5,1.0,1.0,0.435897435897,0.38,0.55223880597,0.524590163934,0.457142857143,0.473684210526,0.466666666667,0.475,0.5,0.52380952381,0.45652173913,0.567567567568,0.361111111111,0.508771929825,0.608695652174,0.568181818182,0.675,0.315789473684,0.5,0.566666666667,0.54347826087,0.574468085106,0.584905660377,0.44,0.55,0.5625,0.48,0.5,0.492063492063,0.578947368421,0.6,0.595744680851,0.584905660377,0.615384615385,0.52,0.545454545455,0.416666666667,0.538461538462,0.447368421053,0.475409836066,0.454545454545,0.511627906977,0.51724137931,0.480769230769,0.4375,0.5,0.561403508772,0.485714285714,0.380952380952,0.564102564103,0.6,0.625,0.589743589744,0.490566037736,0.545454545455,0.289473684211,0.5,0.5,0.490909090909,0.411764705882,0.645161290323,0.645161290323,0.586956521739,0.529411764706,0.520833333333,0.5,0.475,0.530303030303,0.537313432836,0.433962264151,0.421052631579,0.528301886792,0.423076923077,0.673469387755,0.5,0.609756097561,0.512195121951,0.477272727273,0.491803278689,0.46511627907,0.555555555556,0.553191489362,0.428571428571,0.5,0.423728813559,0.586956521739,0.416666666667,0.595238095238,0.488372093023,0.416666666667,0.583333333333,0.549019607843,0.516666666667,0.487804878049,0.541666666667,0.432432432432,0.456140350877,0.5,0.529411764706,0.508771929825,0.531914893617,0.604651162791,0.525,0.395348837209,0.549019607843,0.43137254902,0.6,0.644444444444,0.462962962963,0.549019607843,0.481481481481,0.5,0.545454545455,0.615384615385,0.531914893617,0.5,0.571428571429,0.477272727273,0.4375,0.545454545455,0.477272727273,0.509433962264,0.535714285714,0.35,0.571428571429,0.403846153846,0.538461538462,0.468085106383,0.525423728814,0.477272727273,0.553191489362,0.508771929825,0.566037735849,0.584905660377,0.469696969697,0.490566037736,0.525423728814,0.435897435897,0.519230769231,0.435897435897,0.454545454545,0.4,0.5,0.509433962264,0.585365853659,0.483870967742,0.4375,0.489361702128,0.488372093023,0.480769230769,0.59649122807,0.322033898305,0.454545454545,0.5,0.431034482759,0.510638297872,0.431818181818,0.560975609756,0.510204081633,0.367346938776,0.510204081633,0.433962264151,0.511111111111,0.468085106383,0.439024390244,0.488372093023,0.393939393939,0.478260869565,0.489361702128,0.52380952381,0.46511627907,0.6875,0.530303030303,0.509803921569,0.488372093023,0.528301886792,0.512195121951,0.5,0.508474576271,0.396226415094,0.416666666667,0.5,0.625,0.44,0.5,0.552631578947,0.418604651163,0.566037735849,0.509803921569,0.524590163934,0.488888888889,0.413043478261,0.530612244898,0.454545454545,0.545454545455,0.59375,0.509433962264,0.521739130435,0.463414634146,0.444444444444,0.484375,0.444444444444,0.386363636364,0.588235294118,0.533333333333,0.528301886792,0.625,0.531914893617,0.4,0.527272727273,0.545454545455,0.666666666667,0.428571428571,0.5,0.54,0.474576271186,0.56,0.520833333333,0.644444444444,0.511111111111,0.606060606061,0.492307692308,0.492307692308,0.452380952381,0.551020408163,0.511111111111,0.509433962264,0.403846153846,0.489795918367,0.469387755102,0.546875,0.549019607843,0.583333333333,0.489361702128,0.513513513514,0.537037037037,0.538461538462,0.558139534884,0.533333333333,0.44,0.531914893617,0.44262295082,0.511627906977,0.462962962963,0.538461538462,0.545454545455,0.475,0.528301886792,0.653846153846,0.619047619048,0.555555555556,0.413043478261,0.389830508475,0.421875,0.5,0.55,0.5,0.45,0.509803921569,0.467741935484,0.5,0.448275862069,0.589743589744,0.485714285714,0.519230769231,0.538461538462,0.458333333333,0.636363636364,0.51724137931,0.509803921569,0.484848484848,0.444444444444,0.480769230769,0.4,0.522727272727,0.491525423729,0.465517241379,0.526315789474,0.40625,0.466666666667,0.627118644068,0.631578947368,0.524590163934,0.627450980392,0.722222222222,0.409090909091,0.509433962264,0.518518518519,0.386363636364,0.479166666667,0.462962962963,0.454545454545,0.484375,0.476923076923,0.4,0.369565217391,0.480769230769,0.540983606557,0.413793103448,0.487804878049,0.555555555556,0.510204081633,0.454545454545,0.533333333333,0.515625,0.588235294118,0.422222222222,0.416666666667,0.475,0.536585365854,0.387755102041,0.509803921569,0.553191489362,0.592592592593,0.607142857143,0.338709677419,0.492063492063,0.455882352941,0.5,0.541666666667,0.517857142857,0.470588235294,0.545454545455,0.414634146341,0.574468085106,0.447368421053,0.571428571429,0.490196078431,0.480769230769,0.571428571429,0.489795918367,0.456140350877,0.5,0.588235294118,0.625,0.548387096774,0.478260869565,0.547619047619,0.488888888889,0.492753623188,0.428571428571,0.513513513514,0.431034482759,0.647058823529,0.589285714286,0.574074074074,0.55737704918,0.541666666667,0.4375,0.473684210526,0.442307692308,0.468085106383,0.522727272727,0.508771929825,0.588235294118,0.441176470588,0.581395348837,0.446428571429,0.5625,0.53488372093,0.507462686567,0.355555555556,0.483333333333,0.549019607843,0.509090909091,0.5,0.489361702128,0.372093023256,0.542857142857,0.489361702128,0.563636363636,0.468085106383,0.47619047619,0.446808510638,0.45652173913,0.375,0.535714285714,0.573770491803,0.527272727273,0.488888888889,0.372093023256,0.512820512821,0.509803921569,0.448275862069,0.34693877551,0.5,0.625,0.545454545455,0.454545454545,0.44,0.411764705882,0.508196721311,0.5,0.47619047619,0.585365853659,0.652173913043,0.491525423729,0.592592592593,0.641509433962,0.428571428571,0.490566037736,0.434782608696,0.428571428571,0.555555555556,0.458333333333,0.545454545455,0.382978723404,0.473684210526,0.428571428571,0.561403508772,0.6,0.53488372093,0.465517241379,0.5,0.521739130435,0.608695652174,0.508474576271,0.47619047619,0.439024390244,0.547169811321,0.470588235294,0.479166666667,0.491803278689,0.43137254902,0.528301886792,0.5,0.571428571429,0.474576271186,0.362068965517,0.641509433962,0.538461538462,0.403846153846,0.581818181818,0.473684210526,0.43137254902,0.631578947368,0.555555555556,0.583333333333,0.451612903226,0.43137254902,0.5,0.528301886792,0.561403508772,0.596153846154,0.5,0.625,0.675675675676,0.480769230769,0.604651162791,0.510204081633,0.488888888889,0.578947368421,0.571428571429,0.590163934426,0.545454545455,0.475,0.428571428571,0.415384615385,0.418604651163,0.380952380952,0.414634146341,0.555555555556,0.510204081633,0.478260869565,0.483333333333,0.652173913043,0.485714285714,0.384615384615,0.510638297872,0.53488372093,0.515625,0.560606060606,0.508771929825,0.709677419355,0.388888888889,0.491525423729,0.517857142857,0.43137254902,0.585365853659,0.466666666667,0.508196721311,0.574074074074,0.482142857143,0.418181818182,0.510638297872,0.575757575758,0.36,0.576923076923,0.412698412698,0.327272727273,0.5,0.52,0.395348837209,0.588235294118,0.467741935484,0.369863013699,0.547169811321,0.51724137931,0.490909090909,0.48275862069,0.545454545455,0.508474576271,0.574468085106,0.593220338983,0.546875,0.368421052632,0.571428571429,0.490566037736,0.615384615385,0.508474576271,0.581818181818,0.535714285714,0.533333333333,0.475409836066,0.534482758621,0.387096774194,0.5,0.530612244898,0.515151515152,0.423076923077,0.403846153846,0.357142857143,0.512195121951,0.458333333333,0.458333333333,0.475,0.625,0.405405405405,0.4375,0.475409836066,0.590909090909,0.473684210526,0.508196721311,0.551020408163,0.510638297872,0.508474576271,0.475409836066,0.6,0.53164556962,0.5,0.420289855072,0.397260273973,0.576923076923,0.490196078431,0.610169491525,0.428571428571,0.606060606061,0.372093023256,0.473684210526,0.487179487179,0.509090909091,0.551724137931,0.425531914894,0.448979591837,0.516666666667,0.5,0.571428571429,0.522388059701,0.508474576271,0.508474576271,0.545454545455,0.697674418605,0.377358490566,0.5,0.527027027027,0.538461538462,0.392857142857,0.454545454545,0.460526315789,0.472222222222,0.469387755102,0.5,0.48,0.532258064516,0.528301886792,0.571428571429,0.482142857143,0.440677966102,0.531914893617,0.530612244898,0.545454545455,0.418604651163,0.513513513514,0.404255319149,0.365853658537,0.352941176471,0.394736842105,0.481481481481,0.612244897959,0.530612244898,0.534482758621,0.609756097561,0.507246376812,0.391304347826,0.379310344828,0.515151515152,0.5,0.445945945946,0.532258064516,0.430769230769,0.5,0.481481481481,0.472727272727,0.632653061224,0.4375,0.607142857143,0.477272727273,0.538461538462,0.6,0.48,0.446153846154,0.510638297872,0.388059701493,0.463414634146,0.540540540541,0.5,0.518518518519,0.42,0.470588235294,0.404761904762,0.564516129032,0.584905660377,0.5,0.569230769231,0.491525423729,0.446153846154,0.491228070175,0.590909090909,0.659090909091,0.5,0.571428571429,0.531914893617,0.586956521739,0.46511627907,0.425531914894,0.620689655172,0.666666666667,0.338709677419,0.591836734694,0.518518518519,0.480769230769,0.583333333333,0.492307692308,0.578947368421,0.5,0.530303030303,0.642857142857,0.707317073171,0.571428571429,0.553571428571,0.5,0.538461538462,0.432432432432,0.578947368421,0.466666666667,0.462962962963,0.509090909091,0.483870967742,0.511627906977,0.576923076923,0.5,0.529411764706,0.615384615385,0.490196078431,0.625,0.481481481481,0.574074074074,0.6,0.520833333333,0.509090909091,0.5,0.6,0.433962264151,0.472727272727,0.488372093023,0.418604651163,0.473684210526,0.526315789474,0.411764705882,0.518518518519,0.595744680851,0.410256410256,0.568965517241,0.454545454545,0.442307692308,0.448275862069,0.426229508197,0.548387096774,0.566666666667,0.444444444444,0.511627906977,0.405405405405,0.425925925926,0.546875,0.595238095238,0.395833333333,0.490909090909,0.627906976744,0.509803921569,0.552631578947,0.574468085106,0.571428571429,0.55,0.447368421053,0.458333333333,0.488372093023,0.5,0.577777777778,0.571428571429,0.575,0.5,0.375,0.444444444444,0.368421052632,0.66,0.577777777778,0.511111111111,0.425,0.574468085106,0.55,0.458333333333,0.625,0.638888888889,0.514285714286,0.655172413793,0.461538461538,0.607843137255,0.536585365854,0.555555555556,0.564102564103,0.595744680851,0.682926829268,0.736842105263,0.5,0.483333333333,0.509433962264,0.5,0.622222222222,0.40350877193,0.454545454545,0.583333333333,0.508771929825,0.45652173913,0.490909090909,0.5,0.5,0.53488372093,0.482142857143,0.403225806452,0.43137254902,0.458333333333,0.436363636364,0.615384615385,0.474576271186,0.5,0.362068965517,0.358974358974,0.633333333333,0.45652173913,0.516666666667,0.446428571429,0.5,0.489361702128,0.46,0.481481481481,0.51724137931,0.491803278689,0.576923076923,0.365853658537,0.466666666667,0.666666666667,0.441176470588,0.425531914894,0.38,0.511111111111,0.471698113208,0.485714285714,0.5,0.522727272727,0.416666666667,0.527272727273,0.425,0.475,0.5,0.42,0.535714285714,0.4375,0.46875,0.508474576271,0.478260869565,0.592592592593,0.446428571429,0.510638297872,0.545454545455,0.448979591837,0.447368421053,0.590909090909,0.58,0.292682926829,0.615384615385,0.479166666667,0.615384615385,0.458333333333,0.475,0.555555555556,0.457142857143,0.555555555556,0.410256410256,0.448979591837,0.631578947368,0.40625,0.377777777778,0.515151515152,0.509090909091,0.531914893617,0.516129032258,0.469387755102,0.444444444444,0.491525423729,0.393442622951,0.508474576271,0.478260869565,0.525423728814,0.58064516129,0.436363636364,0.609756097561,0.260869565217,0.733333333333,0.640625,0.446808510638,0.45,0.489361702128,0.54,0.6,0.525423728814,0.421875,0.519480519481,0.453125,0.657894736842,0.625,0.54,0.552631578947,0.636363636364,0.568965517241,0.724137931034,0.466666666667,0.408163265306,0.5,0.4375,0.470588235294,0.490909090909,0.560606060606,0.409090909091,0.478260869565,0.391304347826,0.506849315068,0.491228070175,0.482142857143,0.535714285714,0.482142857143,0.526315789474,0.521739130435,0.421052631579,0.461538461538,0.571428571429,0.409836065574,0.529411764706,0.519230769231,0.603448275862,0.44,0.519230769231,0.68085106383,0.588235294118,0.490909090909,0.515151515152,0.607843137255,0.444444444444,0.415094339623,0.515625,0.438596491228,0.476923076923,0.54347826087,0.403225806452,0.573770491803,0.444444444444,0.577777777778,0.489361702128,0.4,0.355555555556,0.409090909091,0.543859649123,0.553571428571,0.520547945205,0.44776119403,0.510638297872,0.404761904762,0.625,0.550724637681,0.450980392157,0.449275362319,0.428571428571,0.58,0.416666666667,0.793103448276,0.512195121951,0.549019607843,0.454545454545,0.48,0.418181818182,0.365384615385,0.512820512821,0.622222222222,0.5,0.46511627907,0.4,0.372881355932,0.372881355932,0.42,0.571428571429,0.433333333333,0.477272727273,0.587301587302,0.439024390244,0.595238095238,0.620689655172,0.38,0.45652173913,0.477272727273,0.422222222222,0.43137254902,0.564102564103,0.515151515152,0.585365853659,0.558139534884,0.72972972973,0.515151515152,0.460317460317,0.486486486486,0.333333333333,0.625,0.431818181818,0.510638297872,0.5,0.469387755102,0.448979591837,0.644444444444,0.428571428571,0.567567567568,0.482142857143,0.589285714286,0.55,0.488888888889,0.48275862069,0.440677966102,0.404255319149,0.441558441558,0.383333333333,0.466666666667,0.462962962963,0.68,0.48,0.410256410256,0.470588235294,0.508196721311,0.515625,0.521739130435,0.5,0.549019607843,0.48275862069,0.578947368421,0.5,0.558823529412,0.483333333333,0.523076923077,0.471698113208,0.418604651163,0.448275862069,0.394736842105,0.410256410256,0.46511627907,0.470588235294,0.526315789474,0.441860465116,0.447368421053,0.533333333333,0.5,0.6,0.490196078431,0.371428571429,0.526315789474,0.548387096774,0.5,0.62,0.418604651163,0.538461538462,0.531914893617,0.448979591837,0.490909090909,0.363636363636,0.581395348837,0.433333333333,0.526315789474,0.440677966102,0.478260869565,0.549019607843,0.5,0.58,0.608695652174,0.566037735849,0.54,0.538461538462,0.627118644068,0.63829787234,0.536585365854,0.541666666667,0.5,0.540540540541,0.533333333333,0.521739130435,0.548387096774,0.446808510638,0.581818181818,0.567567567568,0.512195121951,0.585365853659,0.564102564103,0.617647058824,0.638888888889,0.645833333333,0.576271186441,0.575,0.533333333333,0.5,0.566037735849,0.365384615385,0.38,0.545454545455,0.547619047619,0.531914893617,0.488888888889,0.545454545455,0.555555555556,0.583333333333,0.416666666667,0.568181818182,0.609756097561,0.622222222222,0.545454545455,0.564102564103,0.459459459459,0.357142857143,0.557692307692,0.616666666667,0.5,0.606060606061,0.526315789474,0.6,0.510204081633,0.513513513514,0.52380952381,0.542857142857,0.59375,0.382978723404,0.512195121951,0.46511627907,0.642857142857,0.373134328358,0.511111111111,0.470588235294,0.425,0.469387755102,0.484848484848,0.425925925926,0.574468085106,0.5,0.4375,0.5,0.54,0.342857142857,0.484848484848,0.481481481481,0.5,0.531914893617,0.409090909091,0.450980392157,0.444444444444,0.642857142857,0.444444444444,0.517857142857,0.547619047619,0.413043478261,0.457142857143,0.446808510638,0.488888888889,0.424242424242,0.5,0.472727272727,0.527272727273,0.6,0.477272727273,0.418604651163,0.447368421053,0.461538461538,0.513513513514,0.461538461538,0.45652173913,0.652173913043,0.614035087719,0.615384615385,0.547619047619,0.46,0.568181818182,0.818181818182,0.8125,0.615384615385,0.390243902439,0.617647058824,0.5,0.512820512821,0.54,0.51724137931,0.4,0.421052631579,0.418604651163,0.611111111111,0.666666666667,0.533333333333,0.685714285714,0.370967741935,0.436363636364,0.5,0.452380952381,0.645833333333,0.422222222222,0.448979591837,0.42,0.491803278689,0.5,0.428571428571,0.594594594595,0.484848484848,0.540540540541,0.433962264151,0.530612244898,0.30303030303,0.666666666667,0.485714285714,0.488888888889,0.410256410256,0.613636363636,0.488888888889,0.469387755102,0.475,0.531914893617,0.488888888889,0.549019607843,0.457142857143,0.538461538462,0.48,0.409090909091,0.424242424242,0.452380952381,0.325581395349,0.462962962963,0.450980392157,0.607142857143,0.571428571429,0.514285714286,0.510204081633,0.594594594595,0.428571428571,0.515151515152,0.632653061224,0.571428571429,0.551020408163,0.542857142857,0.563636363636,0.645161290323,0.486486486486,0.595238095238,0.6,0.558139534884,0.508771929825,0.440677966102,0.538461538462,0.469387755102,0.404761904762,0.369565217391,0.431818181818,0.557692307692,0.65,0.5,0.472222222222,0.666666666667,0.454545454545,0.452380952381,0.5,0.69696969697,0.511627906977,0.55,0.53488372093,0.555555555556,0.5,0.457142857143,0.448979591837,0.609375,0.6,0.596774193548,0.603448275862,0.642857142857,0.675675675676,0.764705882353,0.72972972973,0.441860465116,0.714285714286,0.470588235294,0.875,0.589743589744,0.488888888889,0.5,0.333333333333,0.421052631579,0.512195121951,0.647058823529,0.625,0.5,0.5,0.56,0.433333333333,0.478260869565,0.454545454545,0.394736842105,0.44,0.422222222222,0.442307692308,0.547169811321,0.56862745098,0.610169491525,0.585365853659,0.444444444444,0.383333333333,0.40350877193,0.441176470588,0.522727272727,0.488888888889,0.564102564103,0.666666666667,0.571428571429,0.416666666667,0.487179487179,0.409090909091,0.394736842105,0.42,0.547619047619,0.617647058824,0.553191489362,0.5,0.607142857143,0.703703703704,0.487804878049,0.513513513514,0.486486486486,0.5,0.42,0.384615384615,0.461538461538,0.530612244898,0.5,0.638888888889,0.451612903226,0.48,0.509433962264,0.529411764706,0.472727272727,0.477272727273,0.4375,0.482142857143,0.529411764706,0.480769230769,0.461538461538,0.583333333333,0.45652173913,0.467741935484,0.465517241379,0.516666666667,0.48275862069,0.510204081633,0.612244897959,0.459459459459,0.587301587302,0.492957746479,0.513888888889,0.571428571429,0.511627906977,0.5,0.424242424242,0.484848484848,0.405405405405,0.404761904762,0.561403508772,0.470588235294,0.428571428571,0.476923076923,0.525423728814,0.409836065574,0.538461538462,0.647058823529,0.571428571429,0.431034482759,0.393442622951,0.45,0.589743589744,0.435897435897,0.509433962264,0.611111111111,0.5625,0.384615384615,0.464788732394,0.722222222222,0.509803921569,0.469387755102,0.467741935484,0.453125,0.468085106383,0.490566037736,0.6,0.508771929825,0.542857142857,0.466666666667,0.62,0.63829787234,0.590909090909,0.454545454545,0.405405405405,0.518518518519,0.489795918367,0.48,0.607843137255,0.548387096774,0.595238095238,0.613636363636,0.577777777778,0.340425531915,0.434782608696,0.590909090909,0.543859649123,0.56,0.428571428571,0.522727272727,0.522727272727,0.555555555556,0.432432432432,0.492063492063,0.412698412698,0.568181818182,0.449275362319,0.584905660377,0.344827586207,0.575,0.311111111111,0.4,0.490196078431,0.450980392157,0.384615384615,0.589743589744,0.480769230769,0.481481481481,0.45652173913,0.566666666667,0.526315789474,0.609756097561,0.410256410256,0.461538461538,0.428571428571,0.44,0.547619047619,0.416666666667,0.425925925926,0.571428571429,0.62962962963,0.5,0.535714285714,0.479166666667,0.485714285714,0.518518518519,0.526315789474,0.448979591837,0.557692307692,0.508474576271,0.571428571429,0.586956521739,0.593220338983,0.610169491525,0.423076923077,0.557692307692,0.589285714286,0.491525423729,0.538461538462,0.564102564103,0.488372093023,0.585365853659,0.558139534884,0.490196078431,0.561403508772,0.413793103448,0.531914893617,0.5,0.634146341463,0.611111111111,0.575757575758,0.466666666667,0.428571428571,0.481481481481,0.52380952381,0.558139534884,0.485714285714,0.426229508197,0.545454545455,0.568181818182,0.56862745098,0.604651162791,0.492063492063,0.52380952381,0.340425531915,0.521739130435,0.448979591837,0.404255319149,0.555555555556,0.5,0.480769230769,0.416666666667,0.25641025641,0.282051282051,0.341463414634,0.436363636364,0.342857142857,0.586206896552,0.571428571429,0.466666666667,0.464285714286,0.606060606061,0.531914893617,0.622641509434,0.424242424242,0.533333333333,0.51724137931,0.484848484848,0.439024390244,0.630769230769,0.451612903226,0.536231884058,0.507246376812,0.462962962963,0.461538461538,0.408163265306,0.527777777778,0.51724137931,0.5,0.583333333333,0.4,0.458333333333,0.491803278689,0.475,0.59375,0.54347826087,0.438596491228,0.44,0.466666666667,0.5,0.509803921569,0.473684210526,0.568181818182,0.538461538462,0.354166666667,0.431818181818,0.479166666667,0.5,0.595744680851,0.473684210526,0.560975609756,0.511111111111,0.585365853659,0.475,0.714285714286,0.694444444444,0.617647058824,0.589743589744,0.625,0.490196078431,0.547169811321,0.4,0.384615384615,0.38,0.478260869565,0.485714285714,0.444444444444,0.414634146341,0.4,0.47619047619,0.403846153846,0.537037037037,0.416666666667,0.467741935484,0.490566037736,0.48,0.387755102041,0.4,0.423076923077,0.5,0.491803278689,0.508196721311,0.462962962963,0.484848484848,0.477611940299,0.509803921569,0.384615384615,0.526315789474,0.506849315068,0.454545454545,0.462962962963,0.531914893617,0.558823529412,0.522727272727,0.5,0.571428571429,0.452830188679,0.485294117647,0.576271186441,0.576923076923,0.492537313433,0.360655737705,0.530303030303,0.5,0.428571428571,0.524590163934,0.5625,0.578947368421,0.579710144928,0.558139534884,0.347826086957,0.389830508475,0.42,0.491525423729,0.45,0.590909090909,0.577777777778,0.477272727273,0.48,0.53488372093,0.425,0.391304347826,0.657894736842,0.511627906977,0.515151515152,0.545454545455,0.510638297872,0.46511627907,0.409090909091,0.63829787234,0.659574468085,0.533333333333,0.468085106383,0.428571428571,0.4,0.444444444444,0.518518518519,0.546875,0.510638297872,0.451612903226,0.625,0.62,0.387096774194,0.555555555556,0.553571428571,0.339285714286,0.5,0.5,0.5,0.490196078431,0.560975609756,0.547619047619,0.409090909091,0.64,0.568181818182,0.348837209302,0.705882352941,0.52,0.463414634146,0.538461538462,0.636363636364,0.636363636364,0.5,0.416666666667,0.577777777778,0.439024390244,0.410256410256,0.666666666667,0.357142857143,0.448275862069,0.545454545455,0.525,0.541666666667,0.444444444444,0.470588235294,0.452830188679,0.518518518519,0.576271186441,0.423728813559,0.422222222222,0.411764705882,0.615384615385,0.541666666667,0.529411764706,0.510204081633,0.510204081633,0.628571428571,0.490196078431,0.52,0.555555555556,0.522727272727,0.422222222222,0.531914893617,0.4375,0.594594594595,0.63829787234,0.447368421053,0.414634146341,0.511111111111,0.51724137931,0.5,0.589743589744,0.604166666667,0.527777777778,0.571428571429,0.5,0.55,0.333333333333,0.464285714286,0.4,0.46,0.396551724138,0.509803921569,0.372093023256,0.514285714286,0.5,0.4375,0.512195121951,0.651162790698,0.604651162791,0.537037037037,0.45652173913,0.48275862069,0.456140350877,0.44,0.421052631579,0.659090909091,0.555555555556,0.487804878049,0.469387755102,0.568181818182,0.474576271186,0.575,0.386363636364,0.543859649123,0.471698113208,0.538461538462,0.47619047619,0.588235294118,0.606060606061,0.541666666667,0.4375,0.518518518519,0.375,0.471698113208,0.531914893617,0.589743589744,0.457142857143,0.42,0.551724137931,0.4,0.448275862069,0.508474576271,0.432432432432,0.4,0.632653061224,0.40625,0.555555555556,0.458333333333,0.551020408163,0.5,0.387755102041,0.413793103448,0.511627906977,0.636363636364,0.551020408163,0.634146341463,0.321428571429,0.418604651163,0.431818181818,0.6,0.396226415094,0.507936507937,0.446808510638,0.456140350877,0.379310344828,0.576923076923,0.470588235294,0.5,0.573770491803,0.545454545455,0.589285714286,0.490909090909,0.46,0.404255319149,0.520833333333,0.507936507937,0.5,0.459459459459,0.530612244898,0.461538461538,0.574468085106,0.511111111111,0.534482758621,0.653846153846,0.463414634146,0.5,0.549295774648,0.424242424242,0.415384615385,0.537037037037,0.454545454545,0.509803921569,0.589285714286,0.575,0.454545454545,0.479166666667,0.333333333333,0.547619047619,0.62962962963,0.434782608696,0.675,0.608695652174,0.596153846154,0.490909090909,0.457142857143,0.368421052632,0.510204081633,0.446808510638,0.542372881356,0.42,0.479166666667,0.520833333333,0.577777777778,0.634146341463,0.484848484848,0.5,0.418604651163,0.45,0.488372093023,0.512195121951,0.76,0.487179487179,0.372549019608,0.547619047619,0.52380952381,0.632653061224,0.479166666667,0.558823529412,0.479166666667,0.487179487179,0.533333333333,0.510204081633,0.446153846154,0.526315789474,0.5,0.610169491525,0.448275862069,0.369863013699,0.557692307692,0.44,0.324324324324,0.472727272727,0.5,0.5,0.411764705882,0.564102564103,0.566037735849,0.520833333333,0.468085106383,0.438596491228,0.481481481481,0.543859649123,0.584905660377,0.511627906977,0.549019607843,0.549019607843,0.622641509434,0.475,0.564102564103,0.533333333333,0.413043478261,0.387755102041,0.487804878049,0.5,0.454545454545,0.517857142857,0.519230769231,0.461538461538,0.588235294118,0.390243902439,0.472727272727,0.412698412698,0.452380952381,0.5,0.758620689655,0.366666666667,0.515151515152,0.485714285714,0.53488372093,0.490196078431,0.414285714286,0.431034482759,0.659574468085,0.435483870968,0.6,0.425531914894,0.571428571429,0.509433962264,0.64,0.625,0.608695652174,0.515625,0.585365853659,0.538461538462,0.583333333333,0.425925925926,0.469387755102,0.393442622951,0.491525423729,0.406779661017,0.625,0.363636363636,0.5,0.5,0.490566037736,0.545454545455,0.525423728814,0.461538461538,0.460317460317,0.566666666667,0.558139534884,0.5,0.422222222222,0.566037735849,0.590909090909,0.431818181818,0.548387096774,0.446428571429,0.557692307692,0.558139534884,0.533333333333,0.482142857143,0.369230769231,0.479166666667,0.454545454545,0.55,0.59375,0.538461538462,0.541666666667,0.515151515152,0.627118644068,0.5,0.5,0.425925925926,0.636363636364,0.730769230769,0.694444444444,0.557692307692,0.450980392157,0.555555555556,0.526315789474,0.522727272727,0.465517241379,0.648148148148,0.524590163934,0.51724137931,0.485714285714,0.428571428571,0.4,0.526315789474,0.392156862745,0.528301886792,0.386363636364,0.52380952381,0.5,0.5,0.457627118644,0.465517241379,0.607142857143,0.657894736842,0.365384615385,0.484848484848,0.518518518519,0.355555555556,0.526315789474,0.555555555556,0.510638297872,0.471698113208,0.576271186441,0.396551724138,0.577777777778,0.565217391304,0.42,0.522727272727,0.520833333333,0.545454545455,0.52,0.411764705882,0.409090909091,0.597014925373,0.409090909091,0.442307692308,0.555555555556,0.566037735849,0.435897435897,0.492063492063,0.507692307692,0.517857142857,0.5,0.428571428571,0.46511627907,0.444444444444,0.365079365079,0.47619047619,0.532258064516,0.509433962264,0.478260869565,0.558823529412,0.448979591837,0.492307692308,0.510204081633,0.585365853659,0.46,0.595744680851,0.522727272727,0.48,0.592592592593,0.438596491228,0.403225806452,0.4375,0.414634146341,0.459459459459,0.404255319149,0.5625,0.55,0.519230769231,0.625,0.567567567568,0.575757575758,0.483333333333,0.450980392157,0.365079365079,0.525,0.444444444444,0.58064516129,0.6,0.627450980392,0.518518518519,0.392857142857,0.423076923077,0.448275862069,0.51724137931,0.35,0.409836065574,0.507692307692,0.41935483871,0.485294117647,0.553191489362,0.396551724138,0.568965517241,0.439024390244,0.436363636364,0.542372881356,0.509090909091,0.571428571429,0.454545454545,0.297872340426,0.630434782609,0.549019607843,0.613636363636,0.487804878049,0.478260869565,0.52,0.583333333333,0.444444444444,0.365853658537,0.384615384615,0.458333333333,0.441860465116,0.714285714286,0.470588235294,0.28,0.448979591837,0.52,0.446808510638,0.46511627907,0.48,0.568181818182,0.533333333333,0.413793103448,0.446428571429,0.489361702128,0.448275862069,0.44262295082,0.464285714286,0.481481481481,0.634615384615,0.608695652174,0.473684210526,0.5,0.591836734694,0.48,0.584905660377,0.452380952381,0.489795918367,0.652173913043,0.517857142857,0.53488372093,0.564102564103,0.47619047619,0.584905660377,0.608695652174,0.354166666667,0.392857142857,0.648648648649,0.594594594595,0.59375,0.387755102041,0.66,0.575,0.6,0.428571428571,0.529411764706,0.512820512821,0.566037735849,0.375,0.463414634146,0.46875,0.589285714286,0.452830188679,0.380952380952,0.53125,0.464285714286,0.521126760563,0.56862745098,0.553191489362,0.403846153846,0.528301886792,0.4,0.428571428571,0.369565217391,0.595238095238,0.388888888889,0.530612244898,0.405405405405,0.521739130435,0.333333333333,0.65625,0.552631578947,0.547169811321,0.545454545455,0.371428571429,0.357142857143,0.571428571429,0.485714285714,0.438596491228,0.488372093023,0.536585365854,0.551020408163,0.685185185185,0.382978723404,0.564102564103,0.591836734694,0.413793103448,0.483870967742,0.454545454545,0.53125,0.641025641026,0.542857142857,0.512195121951,0.521739130435,0.538461538462,0.487179487179,0.425531914894,0.54347826087,0.548387096774,0.44,0.5,0.56862745098,0.391304347826,0.425925925926,0.6875,0.469387755102,0.446428571429,0.620689655172,0.56,0.55,0.395348837209,0.675,0.538461538462,0.416666666667,0.538461538462,0.431818181818,0.571428571429,0.45,0.5,0.5,0.457627118644,0.584615384615,0.514285714286,0.509090909091,0.566666666667,0.545454545455,0.285714285714,0.444444444444,0.531914893617,0.459459459459,0.5,0.543859649123,0.450980392157,0.432432432432,0.405405405405,0.574468085106,0.473684210526,0.604651162791,0.509803921569,0.444444444444,0.440677966102,0.469387755102,0.45652173913,0.387755102041,0.475,0.491228070175,0.568181818182,0.5,0.471698113208,0.511111111111,0.438596491228,0.507462686567,0.488372093023,0.613636363636,0.535714285714,0.55737704918,0.551724137931,0.540540540541,0.5,0.489361702128,0.372881355932,0.479166666667,0.578947368421,0.610169491525,0.46511627907,0.485714285714,0.538461538462,0.366666666667,0.511111111111,0.45,0.64,0.571428571429,0.415094339623,0.436363636364,0.553191489362,0.507246376812,0.567567567568,0.428571428571,0.549019607843,0.470588235294,0.511111111111,0.583333333333,0.393939393939,0.393939393939,0.542372881356,0.475409836066,0.442307692308,0.469387755102,0.422535211268,0.569444444444,0.436363636364,0.380952380952,0.63829787234,0.509803921569,0.488372093023,0.518518518519,0.557692307692,0.433962264151,0.576923076923,0.645161290323,0.418181818182,0.448275862069,0.425925925926,0.581818181818,0.5625,0.410256410256,0.625,0.393939393939,0.47619047619,0.545454545455,0.367346938776,0.48275862069,0.509090909091,0.46,0.468085106383,0.3,0.521739130435,0.545454545455,0.622950819672,0.568965517241,0.45,0.654545454545,0.327272727273,0.4375,0.595744680851,0.540540540541,0.658536585366,0.425,0.475,0.510638297872,0.56,0.489361702128,0.55,0.568181818182,0.519230769231,0.435897435897,0.459459459459,0.454545454545,0.530612244898,0.51724137931,0.446428571429,0.571428571429,0.492307692308,0.490909090909,0.452830188679,0.37037037037,0.578947368421,0.206896551724,0.5,0.5,0.342857142857,0.414634146341,0.644444444444,0.549019607843,0.46511627907,0.452380952381,0.588235294118,0.551020408163,0.386363636364,0.425,0.527777777778,0.62962962963,0.563636363636,0.583333333333,0.444444444444,0.540540540541,0.517857142857,0.488888888889,0.444444444444,0.5,0.490566037736,0.45652173913,0.46,0.612244897959,0.659090909091,0.55,0.586956521739,0.652173913043,0.641509433962,0.518518518519,0.416666666667,0.566037735849,0.583333333333,0.648648648649,0.609756097561,0.492063492063,0.40625,0.53125,0.363636363636,0.5,0.5,0.617021276596,0.447368421053,0.466666666667,0.441860465116,0.481481481481,0.403846153846,0.542857142857,0.428571428571,0.520833333333,0.441860465116,0.509433962264,0.408163265306,0.42,0.636363636364,0.446428571429,0.522727272727,0.583333333333,0.433962264151,0.537037037037,0.384615384615,0.571428571429,0.5625,0.545454545455,0.479166666667,0.325581395349,0.576923076923,0.473684210526,0.431034482759,0.426470588235,0.388888888889,0.590909090909,0.432432432432,0.58,0.545454545455,0.56862745098,0.531914893617,0.53488372093,0.390243902439,0.509803921569,0.478260869565,0.530612244898,0.5,0.461538461538,0.522727272727,0.594594594595,0.571428571429,0.552631578947,0.568181818182,0.444444444444,0.375,0.463414634146,0.574074074074,0.574468085106,0.461538461538,0.488372093023,0.487804878049,0.404761904762,0.56862745098,0.48,0.621621621622,0.628571428571,0.405405405405,0.453125,0.630434782609,0.507462686567,0.666666666667,0.464285714286,0.460317460317,0.5,0.55737704918,0.574074074074,0.414634146341,0.578947368421,0.450980392157,0.46,0.406779661017,0.448275862069,0.5,0.413333333333,0.471698113208,0.5,0.533333333333,0.52,0.463414634146,0.303571428571,0.372093023256,0.5,0.471698113208,0.548387096774,0.518518518519,0.535714285714,0.390243902439,0.388888888889,0.625,0.471698113208,0.563636363636,0.491803278689,0.548387096774,0.487179487179,0.595238095238,0.511111111111,0.52,0.413043478261,0.509433962264,0.451612903226,0.433333333333,0.387755102041,0.521739130435,0.490196078431,0.527272727273,0.487179487179,0.5,0.545454545455,0.5,0.575757575758,0.609756097561,0.508474576271,0.5,0.486486486486,0.444444444444,0.466666666667,0.545454545455,0.454545454545,0.439024390244,0.458333333333,0.45,0.529411764706,0.508771929825,0.418604651163,0.727272727273,0.568181818182,0.489795918367,0.5,0.446808510638,0.548387096774,0.484848484848,0.5,0.487804878049,0.446808510638,0.56862745098,0.540540540541,0.51724137931,0.535211267606,0.514285714286,0.521739130435,0.63829787234,0.512195121951,0.652173913043,0.46875,0.583333333333,0.575,0.540540540541,0.591836734694,0.428571428571,0.461538461538,0.490909090909,0.310344827586,0.441860465116,0.47619047619,0.531914893617,0.44,0.46875,0.557692307692,0.550724637681,0.43661971831,0.5,0.606557377049,0.461538461538,0.553191489362,0.5,0.340909090909,0.533333333333,0.595238095238,0.5,0.555555555556,0.512820512821,0.4,0.435897435897,0.566037735849,0.487804878049,0.648148148148,0.446808510638,0.46,0.5,0.470588235294,0.433962264151,0.454545454545,0.56,0.5,0.571428571429,0.53488372093,0.586206896552,0.418604651163,0.54347826087,0.511627906977,0.586956521739,0.520833333333,0.553191489362,0.340909090909,0.673913043478,0.448275862069,0.366666666667,0.487804878049,0.507936507937,0.461538461538,0.527777777778,0.567567567568,0.555555555556,0.59375,0.633333333333,0.527777777778,0.545454545455,0.439024390244,0.47619047619,0.560975609756,0.511111111111,0.424242424242,0.567567567568,0.5,0.565217391304,0.625,0.568181818182,0.55223880597,0.53488372093,0.557692307692,0.510638297872,0.538461538462,0.551020408163,0.421052631579,0.585365853659,0.52,0.625,0.45652173913,0.531914893617,0.512820512821,0.405405405405,0.431818181818,0.434782608696,0.416666666667,0.4,0.533333333333,0.468085106383,0.482142857143,0.4,0.333333333333,0.564102564103,0.576271186441,0.53488372093,0.521739130435,0.441860465116,0.54,0.604651162791,0.588235294118,0.581395348837,0.432432432432,0.526315789474,0.625,0.609756097561,0.555555555556,0.537313432836,0.458333333333,0.51724137931,0.511111111111,0.474358974359,0.388888888889,0.511627906977,0.564102564103,0.491228070175,0.544117647059,0.583333333333,0.48,0.461538461538,0.475,0.47619047619,0.518518518519,0.444444444444,0.446808510638,0.365853658537,0.379310344828,0.395833333333,0.416666666667,0.428571428571,0.416666666667,0.564102564103,0.47619047619,0.6875,0.5,0.488888888889,0.5,0.529411764706,0.6,0.512820512821,0.422222222222,0.586206896552,0.574468085106,0.54347826087,0.452380952381,0.425531914894,0.574074074074,0.45,0.478260869565,0.387755102041,0.595744680851,0.56862745098,0.52380952381,0.492307692308,0.526315789474,0.5,0.509433962264,0.547169811321,0.509090909091,0.563636363636,0.448275862069,0.483870967742,0.382352941176,0.533333333333,0.4,0.5,0.518518518519,0.473684210526,0.510638297872,0.560975609756,0.6,0.531914893617,0.448979591837,0.358974358974,0.540540540541,0.540540540541,0.545454545455,0.377777777778,0.526315789474,0.5,0.543859649123,0.442307692308,0.512820512821,0.609756097561,0.490196078431,0.558823529412,0.424242424242,0.596153846154,0.470588235294,0.486486486486,0.545454545455,0.651162790698,0.678571428571,0.428571428571,0.462962962963,0.589743589744,0.566666666667,0.428571428571,0.558823529412,0.5,0.52380952381,0.666666666667,0.468085106383,0.619047619048,0.578947368421,0.42,0.553191489362,0.5,0.414634146341,0.545454545455,0.466666666667,0.431034482759,0.54,0.5,0.452380952381,0.418604651163,0.559322033898,0.519230769231,0.555555555556,0.475,0.529411764706,0.46,0.466666666667,0.6,0.480769230769,0.425531914894,0.594594594595,0.452380952381,0.411764705882,0.4375,0.583333333333,0.4,0.490566037736,0.511111111111,0.554054054054,0.454545454545,0.450980392157,0.739130434783,0.469696969697,0.666666666667,0.491228070175,0.5,0.478260869565,0.576271186441,0.439024390244,0.365384615385,0.490196078431,0.553571428571,0.708333333333,0.480769230769,0.444444444444,0.46875,0.431818181818,0.454545454545,0.541666666667,0.586956521739,0.622641509434,0.578947368421,0.520833333333,0.547619047619,0.604651162791,0.565217391304,0.666666666667,0.442307692308,0.422222222222,0.41935483871,0.446808510638,0.424242424242,0.56,0.551020408163,0.518518518519,0.5,0.526315789474,0.407407407407,0.536585365854,0.384615384615,0.545454545455,0.487179487179,0.444444444444,0.535714285714,0.6,0.357142857143,0.518518518519,0.536585365854,0.604651162791,0.513513513514,0.382352941176,0.456140350877,0.480769230769,0.405405405405,0.525,0.491525423729,0.488888888889,0.526315789474,0.514285714286,0.393939393939,0.551724137931,0.441860465116,0.561403508772,0.311111111111,0.551724137931,0.608695652174,0.521739130435,0.534246575342,0.575,0.418604651163,0.53488372093,0.461538461538,0.547619047619,0.5,0.512820512821,0.5,0.4375,0.612903225806,0.511111111111,0.509433962264,0.380952380952,0.454545454545,0.589743589744,0.466666666667,0.537037037037,0.578947368421,0.378787878788,0.529411764706,0.53488372093,0.574468085106,0.432432432432,0.53488372093,0.509803921569,0.6,0.434782608696,0.5,0.590909090909,0.547619047619,0.6,0.526315789474,0.357142857143,0.418604651163,0.636363636364,0.613636363636,0.408163265306,0.590909090909,0.532258064516,0.509803921569,0.42,0.625,0.526315789474,0.485714285714,0.540540540541,0.462962962963,0.459459459459,0.488888888889,0.511111111111,0.625,0.434782608696,0.45652173913,0.382978723404,0.450980392157,0.622641509434,0.448979591837,0.428571428571,0.195652173913,0.0,0.51724137931,0.477272727273,0.543859649123,0.5,0.692307692308,0.425531914894,0.333333333333,0.458333333333,0.490196078431,0.603773584906,0.551020408163,0.510638297872,0.557692307692,0.595744680851,0.425,0.358974358974,0.56862745098,0.589743589744,0.596153846154,0.540540540541,0.527777777778,0.477272727273,0.390243902439,0.428571428571,0.588235294118,0.461538461538,0.446808510638,0.574468085106,0.489361702128,0.466666666667,0.5,0.551020408163,0.625,0.425925925926,0.652173913043,0.5,0.428571428571,0.480769230769,0.435483870968,0.553571428571,0.5,0.404255319149,0.43137254902,0.317073170732,0.586956521739,0.305555555556,0.413793103448,0.561403508772,0.603448275862,0.512195121951,0.53125,0.484375,0.512820512821,0.310344827586,0.333333333333,0.491803278689,0.375,0.538461538462,0.369565217391,0.578947368421,0.535714285714,0.581818181818,0.466666666667,0.588235294118,0.357142857143,0.553846153846,0.52,0.645833333333,0.372549019608,0.473684210526,0.549019607843,0.5,0.511111111111,0.563636363636,0.416666666667,0.444444444444,0.603773584906,0.512195121951,0.412698412698,0.473684210526,0.446153846154,0.512820512821,0.277777777778,0.423076923077,0.458333333333,0.462686567164,0.439393939394,0.45,0.48275862069,0.454545454545,0.522727272727,0.47619047619,0.5,0.403846153846,0.434782608696,0.5,0.470588235294,0.488888888889,0.55,0.448979591837,0.553191489362,0.531914893617,0.541666666667,0.507692307692,0.446808510638,0.446808510638,0.487179487179,0.475,0.622222222222,0.651162790698,0.603773584906,0.542857142857,0.537037037037,0.485714285714,0.530303030303,0.45,0.5625,0.549019607843,0.469387755102,0.538461538462,0.571428571429,0.487804878049,0.475,0.396226415094,0.224489795918,0.368421052632,0.439024390244,0.486486486486,0.607843137255,0.492307692308,0.702127659574,0.492307692308,0.511627906977,0.5,0.652173913043,0.407407407407,0.589743589744,0.413043478261,0.630434782609,0.510638297872,0.555555555556,0.43137254902,0.563636363636,0.490196078431,0.593220338983,0.533333333333,0.454545454545,0.395348837209,0.542857142857,0.47619047619,0.469387755102,0.4375,0.509803921569,0.425,0.638888888889,0.391304347826,0.378378378378,0.489361702128,0.487804878049,0.558139534884,0.46511627907,0.5,0.512820512821,0.521739130435,0.424242424242,0.527777777778,0.486486486486,0.5,0.5625,0.522727272727,0.522727272727,0.487804878049,0.560975609756,0.627450980392,0.482142857143,0.625,0.414634146341,0.5,0.509090909091,0.516666666667,0.392156862745,0.581395348837,0.511111111111,0.594594594595,0.428571428571,0.457142857143,0.553191489362,0.607142857143,0.422222222222,0.416666666667,0.528301886792,0.490566037736,0.567567567568,0.62962962963,0.518518518519,0.5,0.558823529412,0.512820512821,0.476923076923,0.489795918367,0.436363636364,0.551020408163,0.571428571429,0.549019607843,0.555555555556,0.577777777778,0.615384615385,0.54347826087,0.411764705882,0.4375,0.48,0.43137254902,0.490909090909,0.478260869565,0.531914893617,0.5,0.5,0.512195121951,0.613636363636,0.491228070175,0.45,0.390243902439,0.326086956522,0.47619047619,0.47619047619,0.428571428571,0.368421052632,0.45,0.317073170732,0.470588235294,0.384615384615,0.5,0.5,0.5,0.485714285714,0.555555555556,0.486486486486,0.477272727273,0.477272727273,0.45652173913,0.489361702128,0.428571428571,0.655172413793,0.372549019608,0.55,0.311111111111,0.533333333333,0.388888888889,0.314285714286,0.5,0.548387096774,0.5,0.513513513514,0.404761904762,0.410256410256,0.511111111111,0.557692307692,0.470588235294,0.53488372093,0.394736842105,0.585365853659,0.627450980392,0.567567567568,0.5,0.459459459459,0.45,0.452830188679,0.441860465116,0.521739130435,0.473684210526,0.54347826087,0.372093023256,0.666666666667,0.523076923077,0.5,0.488888888889,0.521739130435,0.46511627907,0.46,0.462962962963,0.530612244898,0.522727272727,0.655172413793,0.485714285714,0.54347826087,0.325,0.346153846154,0.511111111111,0.52380952381,0.47619047619,0.448979591837,0.4375,0.636363636364,0.46875,0.581818181818,0.487804878049,0.468085106383,0.463414634146,0.558823529412,0.627906976744,0.636363636364,0.478260869565,0.545454545455,0.574468085106,0.630434782609,0.5,0.526315789474,0.458333333333,0.352941176471,0.489361702128,0.436363636364,0.555555555556,0.444444444444,0.433962264151,0.521739130435,0.526315789474,0.45,0.53488372093,0.52,0.591836734694,0.418604651163,0.54347826087,0.365853658537,0.425,0.553191489362,0.568181818182,0.451612903226,0.521739130435,0.432432432432,0.5,0.578947368421,0.571428571429,0.311111111111,0.465517241379,0.5,0.551020408163,0.466666666667,0.540540540541,0.58,0.5,0.547169811321,0.625,0.651162790698,0.571428571429,0.574468085106,0.545454545455,0.575,0.491525423729,0.625,0.435897435897,0.5,0.309523809524,0.423728813559,0.466666666667,0.636363636364,0.512820512821,0.613636363636,0.566666666667,0.55,0.441176470588,0.439024390244,0.431818181818,0.407407407407,0.568181818182,0.617647058824,0.538461538462,0.371428571429,0.575,0.519230769231,0.512820512821,0.44,0.341463414634,0.444444444444,0.510204081633,0.47619047619,0.589743589744,0.488372093023,0.465517241379,0.56,0.511627906977,0.422222222222,0.441860465116,0.7,0.585365853659,0.5,0.53488372093,0.43137254902,0.571428571429,0.473684210526,0.51724137931,0.472222222222,0.375,0.593220338983,0.606060606061,0.628571428571,0.606060606061,0.555555555556,0.477272727273,0.383333333333,0.536585365854,0.59375,0.5,0.5,0.6,0.413043478261,0.52380952381,0.581395348837,0.45652173913,0.638888888889,0.6,0.483870967742,0.464285714286,0.7,0.577777777778,0.6,0.5625,0.5,0.52,0.558139534884,0.454545454545,0.666666666667,0.631578947368,0.513513513514,0.510204081633,0.52,0.5,0.5,0.55737704918,0.710526315789,0.589743589744,0.575,0.404761904762,0.461538461538,0.576271186441,0.615384615385,0.655737704918,0.386363636364,0.5,0.290322580645,0.512820512821,0.55,0.5,0.5,0.511627906977,0.428571428571,0.565217391304,0.636363636364,0.727272727273,0.5,0.563636363636,0.578947368421,0.56862745098,0.428571428571,0.444444444444,0.547619047619,0.627906976744,0.469387755102,0.5,0.558823529412,0.54,0.488888888889,0.5,0.454545454545,0.5,0.333333333333,0.575757575758,0.403225806452,0.576923076923,0.551724137931,0.540540540541,0.564102564103,0.647058823529,0.666666666667,0.5,0.607142857143,0.428571428571,0.547619047619,0.521739130435,0.568181818182,0.484848484848,0.326086956522,0.46,0.488888888889,0.534482758621,0.447368421053,0.45,0.492063492063,0.581395348837,0.5,0.521739130435,0.439024390244,0.527272727273,0.52,0.571428571429,0.428571428571,0.529411764706,0.555555555556,0.516129032258,0.568181818182,0.527777777778,0.565217391304,0.594594594595,0.739130434783,0.548387096774,0.53125,0.421052631579,0.415094339623,0.444444444444,0.415094339623,0.549019607843,0.553571428571,0.392857142857,0.53125,0.604166666667,0.535211267606,0.425531914894,0.367346938776,0.491525423729,0.431034482759,0.448979591837,0.5,0.435897435897,0.537313432836,0.5,0.467741935484,0.491228070175,0.447368421053,0.673076923077,0.405405405405,0.595744680851,0.5,0.642857142857,0.480769230769,0.425,0.606060606061,0.483870967742,0.512820512821,0.521739130435,0.586206896552,0.45,0.54347826087,0.444444444444,0.647058823529,0.446153846154,0.45,0.538461538462,0.611111111111,0.685714285714,0.610169491525,0.615384615385,0.511627906977,0.553191489362,0.462962962963,0.560975609756,0.395833333333,0.485714285714,0.347826086957,0.314285714286,0.386363636364,0.470588235294,0.325581395349,0.459459459459,0.409836065574,0.425925925926,0.54347826087,0.45652173913,0.569230769231,0.53125,0.333333333333,0.553191489362,0.4,0.538461538462,0.522727272727,0.461538461538,0.457627118644,0.404761904762,0.54347826087,0.470588235294,0.553191489362,0.35,0.657894736842,0.47619047619,0.46511627907,0.483333333333,0.37037037037,0.45652173913,0.527777777778,0.4,0.45,0.558823529412,0.454545454545,0.322580645161,0.468085106383,0.568965517241,0.5,0.413043478261,0.489795918367,0.510638297872,0.5,0.464285714286,0.583333333333,0.333333333333,0.557692307692,0.488372093023,0.607142857143,0.548387096774,0.481481481481,0.542857142857,0.48275862069,0.486486486486,0.431818181818,0.488888888889,0.428571428571,0.512820512821,0.457142857143,0.5,0.5,0.352941176471,0.38,0.5,0.513513513514,0.574468085106,0.510204081633,0.40350877193,0.45,0.466666666667,0.64,0.363636363636,0.645161290323,0.478260869565,0.595744680851,0.519230769231,0.478260869565,0.416666666667,0.463414634146,0.418604651163,0.489361702128,0.53488372093,0.571428571429,0.655172413793,0.634146341463,0.485714285714,0.333333333333,0.595744680851,0.6,0.565217391304,0.578947368421,0.424242424242,0.487179487179,0.58064516129,0.352941176471,0.513513513514,0.615384615385,0.571428571429,0.52380952381,0.58,0.525,0.577777777778,0.472727272727,0.551020408163,0.422222222222,0.6,0.736842105263,0.736842105263,0.387096774194,0.512195121951,0.333333333333,0.52380952381,0.388888888889,0.447368421053,0.519230769231,0.465517241379,0.541666666667,0.512195121951,0.586956521739,0.4,0.558823529412,0.45652173913,0.473684210526,0.434782608696,0.575757575758,0.571428571429,0.522727272727,0.586956521739,0.553191489362,0.490909090909,0.452830188679,0.625,0.605263157895,0.575757575758,0.6,0.423728813559,0.517857142857,0.55,0.647058823529,0.411764705882,0.488372093023,0.479166666667,0.30303030303,0.575757575758,0.428571428571,0.558823529412,0.444444444444,0.634615384615,0.6,0.508771929825,0.365853658537,0.348837209302,0.358974358974,0.468085106383,0.568181818182,0.428571428571,0.613636363636,0.488888888889,0.622222222222,0.529411764706,0.378378378378,0.391304347826,0.516129032258,0.488372093023,0.394736842105,0.595238095238,0.568181818182,0.444444444444,0.520833333333,0.526315789474,0.402985074627,0.547619047619,0.533333333333,0.315789473684,0.649122807018,0.608695652174,0.3125,0.452830188679,0.48,0.436363636364,0.574074074074,0.357142857143,0.47619047619,0.448275862069,0.555555555556,0.551020408163,0.382978723404,0.414634146341,0.551020408163,0.452380952381,0.578947368421,0.529411764706,0.512195121951,0.6,0.658536585366,0.65,0.558823529412,0.633333333333,0.567567567568,0.68,0.46,0.5,0.477272727273,0.527777777778,0.47619047619,0.553571428571,0.619047619048,0.613636363636,0.452830188679,0.657142857143,0.514285714286,0.447368421053,0.475,0.56,0.390243902439,0.509433962264,0.470588235294,0.471698113208,0.386363636364,0.58064516129,0.571428571429,0.547169811321,0.5,0.511627906977,0.404255319149,0.438596491228,0.379310344828,0.509803921569,0.48275862069,0.452830188679,0.5,0.509803921569,0.410256410256,0.545454545455,0.377777777778,0.557692307692,0.666666666667,0.631578947368,0.390243902439,0.513513513514,0.489361702128,0.566666666667,0.425531914894,0.422222222222,0.526315789474,0.521739130435,0.489795918367,0.658536585366,0.5,0.568181818182,0.46511627907,0.454545454545,0.613636363636,0.609756097561,0.538461538462,0.43137254902,0.617021276596,0.444444444444,0.5,0.5,0.486486486486,0.490196078431,0.441176470588,0.389830508475,0.657894736842,0.4,0.36,0.451612903226,0.489361702128,0.45652173913,0.471698113208,0.425925925926,0.690476190476,0.32,0.478260869565,0.466666666667,0.588235294118,0.352941176471,0.439024390244,0.595238095238,0.4,0.529411764706,0.575,0.634146341463,0.617021276596,0.508771929825,0.590909090909,0.365079365079,0.404761904762,0.435897435897,0.571428571429,0.58064516129,0.560975609756,0.375,0.490196078431,0.477272727273,0.485714285714,0.405405405405,0.666666666667,0.358974358974,0.658536585366,0.555555555556,0.55,0.563636363636,0.470588235294,0.411764705882,0.479166666667,0.583333333333,0.575,0.4,0.478260869565,0.535714285714,0.472222222222,0.447368421053,0.547619047619,0.388888888889,0.418604651163,0.542857142857,0.4,0.540540540541,0.551724137931,0.604651162791,0.479166666667,0.5,0.5,0.44,0.5625,0.630434782609,0.632653061224,0.633333333333,0.5,0.513513513514,0.45652173913,0.5,0.52,0.552631578947,0.325581395349,0.40625,0.486486486486,0.453125,0.333333333333,0.527777777778,0.564102564103,0.470588235294,0.615384615385,0.441860465116,0.46,0.477272727273,0.5,0.468085106383,0.469696969697,0.457627118644,0.627906976744,0.416666666667,0.355555555556,0.575,0.463414634146,0.45652173913,0.404761904762,0.604166666667,0.452380952381,0.6,0.487179487179,0.470588235294,0.612903225806,0.5,0.525,0.487804878049,0.536585365854,0.657142857143,0.6,0.416666666667,0.509433962264,0.483870967742,0.403846153846,0.477272727273,0.473684210526,0.615384615385,0.508196721311,0.565217391304,0.489361702128,0.529411764706,0.53125,0.515151515152,0.578947368421,0.740740740741,0.476923076923,0.404761904762,0.531914893617,0.444444444444,0.425,0.521739130435,0.5,0.52,0.454545454545,0.484375,0.514285714286,0.525,0.35,0.536585365854,0.615384615385,0.621621621622,0.607142857143,0.657142857143,0.595744680851,0.540983606557,0.489795918367,0.567164179104,0.586956521739,0.434782608696,0.432432432432,0.388888888889,0.46,0.442307692308,0.461538461538,0.566037735849,0.5,0.5,0.444444444444,0.54,0.648148148148,0.566666666667,0.516666666667,0.5625,0.54,0.4,0.557692307692,0.357142857143,0.545454545455,0.547619047619,0.45652173913,0.444444444444,0.352941176471,0.477272727273,0.75,0.568965517241,0.573333333333,0.65,0.52,0.45,0.508196721311,0.62962962963,0.46,0.645833333333,0.311475409836,0.38,0.425,0.473684210526,0.422222222222,0.564102564103,0.511627906977,0.511627906977,0.566037735849,0.509433962264,0.404761904762,0.5,0.5,0.533333333333,0.454545454545,0.428571428571,0.490566037736,0.444444444444,0.446808510638,0.342105263158,0.487179487179,0.475,0.481481481481,0.487804878049,0.581395348837,0.529411764706,0.484848484848,0.40350877193,0.526315789474,0.533333333333,0.511111111111,0.5,0.447368421053,0.384615384615,0.477272727273,0.530612244898,0.488888888889,0.525,0.581395348837,0.441860465116,0.4,0.823529411765,0.483870967742,0.490566037736,0.514285714286,0.425531914894,0.422222222222,0.5,0.571428571429,0.454545454545,0.536585365854,0.537037037037,0.384615384615,0.527777777778,0.375,0.6,0.425531914894,0.571428571429,0.413793103448,0.488888888889,0.27027027027,0.47619047619,0.447368421053,0.323529411765,0.512195121951,0.488888888889,0.368421052632,0.510204081633,0.519230769231,0.522727272727,0.5,0.595744680851,0.583333333333,0.606557377049,0.555555555556,0.55,0.468085106383,0.486486486486,0.48,0.413793103448,0.457142857143,0.578947368421,0.55,0.5,0.408163265306,0.352941176471,0.40350877193,0.466666666667,0.438596491228,0.395348837209,0.424242424242,0.571428571429,0.5,0.543859649123,0.596153846154,0.541666666667,0.378378378378,0.6875,0.59375,0.490196078431,0.520833333333,0.590909090909,0.519230769231,0.381818181818,0.553191489362,0.513513513514,0.652173913043,0.5625,0.511627906977,0.564516129032,0.477272727273,0.56862745098,0.388888888889,0.416666666667,0.4375,0.659574468085,0.547169811321,0.52,0.396551724138,0.533333333333,0.466666666667,0.518518518519,0.395833333333,0.489361702128,0.454545454545,0.470588235294,0.574074074074,0.5,0.534482758621,0.454545454545,0.62962962963,0.451612903226,0.508771929825,0.56862745098,0.318181818182,0.559322033898,0.65,0.649122807018,0.454545454545,0.368421052632,0.541666666667,0.627906976744,0.581395348837,0.363636363636,0.65,0.5,0.48,0.418604651163,0.424242424242,0.526315789474,0.489361702128,0.516129032258,0.583333333333,0.470588235294,0.53125,0.551724137931,0.514285714286,0.56,0.586956521739,0.571428571429,0.5625,0.5625,0.552631578947,0.588235294118,0.491228070175,0.586956521739,0.470588235294,0.411764705882,0.432432432432,0.547619047619,0.468085106383,0.54347826087,0.54,0.392156862745,0.487804878049,0.609756097561,0.53488372093,0.574468085106,0.564102564103,0.413793103448,0.416666666667,0.475,0.510204081633,0.510638297872,0.454545454545,0.4375,0.264705882353,0.452830188679,0.5,0.321428571429,0.584905660377,0.326923076923,0.66,0.487179487179,0.542857142857,0.567567567568,0.372093023256,0.666666666667,0.354838709677,0.487804878049,0.454545454545,0.536585365854,0.477272727273,0.457142857143,0.354838709677,0.512195121951,0.472727272727,0.477272727273,0.4,0.473684210526,0.522727272727,0.545454545455,0.522388059701,0.603448275862,0.552631578947,0.357142857143,0.533333333333,0.549019607843,0.545454545455,0.549019607843,0.404255319149,0.551020408163,0.486486486486,0.345454545455,0.418181818182,0.469387755102,0.411764705882,0.454545454545,0.447368421053,0.468085106383,0.529411764706,0.489795918367,0.583333333333,0.533333333333,0.44,0.530612244898,0.552631578947,0.404255319149,0.533333333333,0.525,0.450980392157,0.576271186441,0.583333333333,0.410256410256,0.566666666667,0.711111111111,0.441860465116,0.541666666667,0.474576271186,0.442307692308,0.520833333333,0.418181818182,0.478260869565,0.4375,0.545454545455,0.525423728814,0.470588235294,0.5,0.5,0.458333333333,0.441860465116,0.5,0.461538461538,0.469387755102,0.571428571429,0.510638297872,0.568181818182,0.740740740741,0.548387096774,0.366666666667,0.538461538462,0.479166666667,0.470588235294,0.393939393939,0.549019607843,0.622222222222,0.489795918367,0.548387096774,0.46875,0.43137254902,0.454545454545,0.352941176471,0.520833333333,0.5,0.358974358974,0.568181818182,0.571428571429,0.363636363636,0.625,0.46,0.5625,0.444444444444,0.375,0.541666666667,0.470588235294,0.4,0.416666666667,0.422222222222,0.395833333333,0.42,0.446808510638,0.452830188679,0.447368421053,0.462962962963,0.622950819672,0.571428571429,0.421052631579,0.615384615385,0.538461538462,0.394736842105,0.347826086957,0.425531914894,0.555555555556,0.489795918367,0.5,0.574468085106,0.529411764706,0.631578947368,0.583333333333,0.393939393939,0.439024390244,0.526315789474,0.395348837209,0.588235294118,0.487179487179,0.560975609756,0.382978723404,0.5,0.466666666667,0.439024390244,0.425531914894,0.46875,0.612903225806,0.466666666667,0.45,0.558823529412,0.466666666667,0.452380952381,0.310344827586,0.48275862069,0.440677966102,0.475409836066,0.541666666667,0.409090909091,0.410256410256,0.447368421053,0.527272727273,0.52,0.5,0.51724137931,0.555555555556,0.590909090909,0.463414634146,0.510638297872,0.552631578947,0.333333333333,0.472222222222,0.389830508475,0.426229508197,0.416666666667,0.547619047619,0.405405405405,0.551724137931,0.595238095238,0.755555555556,0.75,0.490566037736,0.444444444444,0.489361702128,0.395348837209,0.515151515152,0.621621621622,0.593220338983,0.416666666667,0.470588235294,0.361111111111,0.414634146341,0.536585365854,0.604166666667,0.568181818182,0.475,0.444444444444,0.344827586207,0.481481481481,0.5,0.433333333333,0.5,0.641025641026,0.65,0.68,0.525,0.75,0.612903225806,0.564102564103,0.450980392157,0.446808510638,0.368421052632,0.555555555556,0.464285714286,0.603174603175,0.607142857143,0.452380952381,0.454545454545,0.6,0.585365853659,0.547619047619,0.454545454545,0.581395348837,0.48,0.428571428571,0.558823529412,0.413043478261,0.686274509804,0.389830508475,0.616666666667,0.642857142857,0.56862745098,0.511627906977,0.577777777778,0.396551724138,0.423728813559,0.41935483871,0.369565217391,0.549019607843,0.479166666667,0.486486486486,0.444444444444,0.414634146341,0.447368421053,0.727272727273,0.56862745098,0.483333333333,0.386363636364,0.441860465116,0.46511627907,0.395348837209,0.244444444444,0.238095238095,0.328358208955,0.535714285714,0.491525423729,0.508474576271,0.607142857143,0.566666666667,0.5,0.466666666667,0.526315789474,0.567567567568,0.571428571429,0.545454545455,0.65,0.576923076923,0.608695652174,0.55,0.540540540541,0.488372093023,0.508771929825,0.395833333333,0.561403508772,0.644444444444,0.42,0.510638297872,0.461538461538,0.517857142857,0.551020408163,0.512820512821,0.5,0.4,0.516666666667,0.470588235294,0.31914893617,0.45652173913,0.596153846154,0.567567567568,0.604651162791,0.4,0.468085106383,0.620689655172,0.625,0.727272727273,0.514285714286,0.53488372093,0.568181818182,0.552631578947,0.540540540541,0.594594594595,0.625,0.5,0.366666666667,0.578947368421,0.5,0.444444444444,0.533333333333,0.354166666667,0.470588235294,0.5,0.382978723404,0.512820512821,0.58,0.588235294118,0.6,0.470588235294,0.627450980392,0.636363636364,0.511111111111,0.416666666667,0.450980392157,0.557692307692,0.358974358974,0.358974358974,0.452380952381,0.540540540541,0.529411764706,0.568181818182,0.479166666667,0.509433962264,0.451612903226,0.464285714286,0.466666666667,0.473684210526,0.47619047619,0.444444444444,0.542857142857,0.482142857143,0.535714285714,0.64,0.551020408163,0.481481481481,0.423076923077,0.432432432432,0.595238095238,0.557692307692,0.428571428571,0.6,0.447368421053,0.538461538462,0.597014925373,0.508196721311,0.285714285714,0.526315789474,0.620689655172,0.576923076923,0.690476190476,0.386363636364,0.571428571429,0.543859649123,0.551724137931,0.409090909091,0.423728813559,0.441176470588,0.659574468085,0.431818181818,0.4375,0.625,0.538461538462,0.608695652174,0.62,0.543859649123,0.591836734694,0.489795918367,0.46511627907,0.592592592593,0.489361702128,0.477272727273,0.464285714286,0.530612244898,0.46,0.474576271186,0.553191489362,0.450704225352,0.509803921569,0.522727272727,0.547169811321,0.48275862069,0.4,0.492307692308,0.604651162791,0.166666666667,0.5,0.555555555556,0.590909090909,0.714285714286,0.52380952381,0.421052631579,0.553846153846,0.5625,0.117647058824,0.531914893617,0.509803921569,0.454545454545,0.404255319149,0.5,0.615384615385,0.478260869565,0.489361702128,0.586206896552,0.454545454545,0.6,0.428571428571,0.390243902439,0.578947368421,0.418604651163,0.509433962264,0.514285714286,0.355555555556,0.512820512821,0.421052631579,0.457142857143,0.52380952381,0.603773584906,0.615384615385,0.5,0.47619047619,0.604166666667,0.66,0.380952380952,0.6,0.384615384615,0.610169491525,0.527777777778,0.484848484848,0.48275862069,0.466666666667,0.452830188679,0.485294117647,0.485294117647,0.531914893617,0.43137254902,0.465517241379,0.422222222222,0.625,0.522727272727,0.48275862069,0.461538461538,0.511111111111,0.634146341463,0.55,0.490196078431,0.487804878049,0.396226415094,0.636363636364,0.512195121951,0.421052631579,0.775510204082,0.469387755102,0.410256410256,0.571428571429,0.574074074074,0.487804878049,0.66,0.421052631579,0.595238095238,0.451612903226,0.529411764706,0.5,0.509803921569,0.547169811321,0.34375,0.619047619048,0.487804878049,0.620689655172,0.676470588235,0.5,0.472222222222,0.486486486486,0.529411764706,0.428571428571,0.52,0.448979591837,0.578947368421,0.524590163934,0.473684210526,0.404255319149,0.4375,0.521739130435,0.558823529412,0.428571428571,0.375,0.5,0.583333333333,0.4,0.285714285714,0.275,0.416666666667,0.467741935484,0.590909090909,0.5,0.510204081633,0.510204081633,0.527777777778,0.473684210526,0.463414634146,0.560975609756,0.56,0.45652173913,0.5,0.6,0.594594594595,0.714285714286,0.469387755102,0.403846153846,0.410714285714,0.384615384615,0.5,0.5,0.548387096774,0.357142857143,0.384615384615,0.428571428571,0.469387755102,0.538461538462,0.575757575758,0.594594594595,0.4375,0.44,0.5,0.533333333333,0.527777777778,0.487179487179,0.596153846154,0.5,0.593220338983,0.482142857143,0.48,0.526315789474,0.492307692308,0.576923076923,0.604651162791,0.311111111111,0.536585365854,0.6,0.650793650794,0.409836065574,0.577777777778,0.433333333333,0.428571428571,0.657142857143,0.431818181818,0.444444444444,0.489361702128,0.636363636364,0.666666666667,0.584905660377,0.510204081633,0.444444444444,0.425,0.5,0.568181818182,0.55,0.391304347826,0.5,0.464285714286,0.58,0.488372093023,0.63829787234,0.645833333333,0.52,0.43137254902,0.4,0.333333333333,0.431034482759,0.5,0.521739130435,0.409090909091,0.5,0.5,0.483333333333,0.509803921569,0.560975609756,0.583333333333,0.5,0.382352941176,0.520833333333,0.5,0.476923076923,0.533333333333,0.47619047619,0.441860465116,0.514285714286,0.518518518519,0.511627906977,0.611940298507,0.478260869565,0.522727272727,0.441176470588,0.488372093023,0.341463414634,0.530612244898,0.590909090909,0.5,0.48,0.6,0.5,0.479166666667,0.450980392157,0.5,0.540983606557,0.409090909091,0.5,0.491228070175,0.323529411765,0.612244897959,0.540540540541,0.458333333333,0.352941176471,0.478260869565,0.444444444444,0.380952380952,0.459459459459,0.4,0.54347826087,0.657142857143,0.4375,0.413793103448,0.533333333333,0.636363636364,0.666666666667,0.511627906977,0.536585365854,0.660377358491,0.64,0.507692307692,0.488372093023,0.530612244898,0.467741935484,0.382352941176,0.452830188679,0.444444444444,0.475,0.530612244898,0.58,0.512195121951,0.540540540541,0.612244897959,0.466666666667,0.466666666667,0.452380952381,0.633333333333,0.588235294118,0.604166666667,0.43137254902,0.558139534884,0.421052631579,0.4375,0.511627906977,0.478260869565,0.457142857143,0.486486486486,0.633333333333,0.545454545455,0.43137254902,0.588235294118,0.5625,0.34375,0.478260869565,0.5,0.441176470588,0.536585365854,0.446808510638,0.515625,0.475409836066,0.723404255319,0.634615384615,0.484848484848,0.469387755102,0.425,0.463414634146,0.488888888889,0.509433962264,0.413043478261,0.468085106383,0.490196078431,0.5,0.558139534884,0.537037037037,0.465517241379,0.375,0.763157894737,0.558823529412,0.633333333333,0.527777777778,0.630434782609,0.5,0.439024390244,0.55737704918,0.470588235294,0.428571428571,0.411764705882,0.564102564103,0.525,0.45,0.425531914894,0.391304347826,0.509803921569,0.651162790698,0.485714285714,0.4,0.418604651163,0.666666666667,0.525,0.368421052632,0.433333333333,0.489795918367,0.5,0.489361702128,0.470588235294,0.404255319149,0.568181818182,0.457627118644,0.609756097561,0.5,0.375,0.452380952381,0.5,0.470588235294,0.540540540541,0.510204081633,0.317073170732,0.483870967742,0.486486486486,0.612244897959,0.659090909091,0.659574468085,0.625,0.65625,0.526315789474,0.509803921569,0.425531914894,0.478260869565,0.466666666667,0.5,0.548387096774,0.527777777778,0.483870967742,0.491525423729,0.5,0.487804878049,0.5,0.52380952381,0.58064516129,0.606060606061,0.5,0.558823529412,0.558823529412,0.625,0.615384615385,0.536585365854,0.484848484848,0.605263157895,0.777777777778,0.55,0.4,0.511111111111,0.568181818182,0.577777777778,0.485714285714,0.441176470588,0.583333333333,0.475,0.48275862069,0.392156862745,0.510638297872,0.6,0.428571428571,0.605263157895,0.585365853659,0.589743589744,0.457627118644,0.480769230769,0.428571428571,0.483870967742,0.488888888889,0.5,0.586206896552,0.389830508475,0.536585365854,0.509433962264,0.47619047619,0.519230769231,0.486486486486,0.408163265306,0.611111111111,0.488888888889,0.6,0.5625,0.53125,0.516129032258,0.547619047619,0.530612244898,0.5,0.595238095238,0.4,0.526315789474,0.641025641026,0.585365853659,0.451612903226,0.509090909091,0.560975609756,0.442307692308,0.596774193548,0.527272727273,0.452830188679,0.475,0.212121212121,0.41935483871,0.511111111111,0.666666666667,0.585365853659,0.473684210526,0.617021276596,0.432432432432,0.636363636364,0.461538461538,0.48,0.568181818182,0.576923076923,0.432835820896,0.36,0.5,0.526315789474,0.628571428571,0.51724137931,0.478260869565,0.5,0.380952380952,0.489795918367,0.519230769231,0.585365853659,0.641025641026,0.466666666667,0.431818181818,0.527777777778,0.52380952381,0.472222222222,0.538461538462,0.551020408163,0.5,0.521739130435,0.675675675676,0.521739130435,0.487179487179,0.46875,0.575,0.484848484848,0.53488372093,0.516129032258,0.521739130435,0.52380952381,0.416666666667,0.466666666667,0.413793103448,0.483870967742,0.4,0.431034482759,0.389830508475,0.56862745098,0.485714285714,0.538461538462,0.434782608696,0.457142857143,0.5,0.535714285714,0.625,0.434782608696,0.516129032258,0.574468085106,0.540540540541,0.547169811321,0.62,0.551724137931,0.5,0.45652173913,0.636363636364,0.5,0.404255319149,0.525,0.378378378378,0.47619047619,0.4,0.509433962264,0.509433962264,0.5,0.666666666667,0.65,0.5,0.561403508772,0.584905660377,0.514285714286,0.472222222222,0.621621621622,0.632653061224,0.578947368421,0.52380952381,0.475409836066,0.395348837209,0.418604651163,0.45,0.608695652174,0.5,0.48275862069,0.480769230769,0.486486486486,0.481481481481,0.568181818182,0.452830188679,0.407407407407,0.409090909091,0.470588235294,0.627450980392,0.545454545455,0.520833333333,0.47619047619,0.333333333333,0.285714285714,0.425531914894,0.452380952381,0.365853658537,0.48,0.307692307692,0.440677966102,0.461538461538,0.589743589744,0.425531914894,0.47619047619,0.482142857143,0.527777777778,0.457142857143,0.581395348837,0.514285714286,0.46875,0.454545454545,0.673076923077,0.487179487179,0.448979591837,0.451612903226,0.444444444444,0.408163265306,0.605263157895,0.603773584906,0.590909090909,0.458333333333,0.568181818182,0.4,0.563636363636,0.538461538462,0.488372093023,0.631578947368,0.5,0.390243902439,0.41935483871,0.451612903226,0.547619047619,0.457142857143,0.589743589744,0.666666666667,0.488888888889,0.404255319149,0.547619047619,0.441176470588,0.615384615385,0.489361702128,0.489361702128,0.609756097561,0.5,0.444444444444,0.365853658537,0.486486486486,0.595238095238,0.5,0.558139534884,0.521739130435,0.5,0.5,0.4,0.459459459459,0.538461538462,0.418181818182,0.457142857143,0.461538461538,0.361111111111,0.555555555556,0.540540540541,0.583333333333,0.48,0.555555555556,0.410256410256,0.486486486486,0.508474576271,0.414634146341,0.527777777778,0.533333333333,0.583333333333,0.470588235294,0.595238095238,0.555555555556,0.5,0.5,0.564102564103,0.522727272727,0.510204081633,0.603448275862,0.628571428571,0.489795918367,0.536585365854,0.474576271186,0.62962962963,0.555555555556,0.414634146341,0.441860465116,0.54,0.535714285714,0.522727272727,0.478260869565,0.461538461538,0.444444444444,0.530612244898,0.351851851852,0.5,0.55,0.488888888889,0.519230769231,0.619047619048,0.32,0.436363636364,0.460317460317,0.45652173913,0.583333333333,1.0,0.390243902439,0.5,0.473684210526,0.395348837209,0.551020408163,0.537037037037,0.553846153846,0.551724137931,0.529411764706,0.520833333333,0.480769230769,0.533333333333,0.565217391304,0.536585365854,0.622222222222,0.675,0.543859649123,0.488888888889,0.386363636364,0.462962962963,0.558139534884,0.520833333333,0.54,0.659090909091,0.525,0.58,0.42,0.490909090909,0.444444444444,0.438596491228,0.5,0.477272727273,0.59375,0.457142857143,0.491525423729,0.452380952381,0.511111111111,0.448979591837,0.590909090909,0.48275862069,0.438596491228,0.490909090909,0.529411764706,0.465517241379,0.55737704918,0.589285714286,0.621621621622,0.675675675676,0.457142857143,0.5,0.435897435897,0.540540540541,0.518518518519,0.547619047619,0.577777777778,0.479166666667,0.612244897959,0.5,0.571428571429,0.625,0.394736842105,0.52380952381,0.525,0.553571428571,0.451612903226,0.53488372093,0.5,0.314814814815,0.694444444444,0.571428571429,0.595238095238,0.418604651163,0.457142857143,0.553191489362,0.527777777778,0.409090909091,0.425531914894,0.411764705882,0.442307692308,0.490196078431,0.448979591837,0.509803921569,0.52380952381,0.380952380952,0.372881355932,0.627118644068,0.607142857143,0.459459459459,0.368421052632,0.487179487179,0.4375,0.476923076923,0.53488372093,0.652173913043,0.479166666667,0.446808510638,0.627906976744,0.45,0.542857142857,0.6,0.538461538462,0.535714285714,0.470588235294,0.487804878049,0.58,0.481481481481,0.568181818182,0.552631578947,0.407407407407,0.428571428571,0.424242424242,0.447368421053,0.4375,0.541666666667,0.451612903226,0.44,0.459459459459,0.606060606061,0.333333333333,0.65,0.425531914894,0.609756097561,0.489361702128,0.477272727273,0.588235294118,0.592592592593,0.488888888889,0.477272727273,0.5625,0.479166666667,0.404761904762,0.447368421053,0.428571428571,0.657894736842,0.558139534884,0.552631578947,0.473684210526,0.571428571429,0.5,0.551020408163,0.368421052632,0.5,0.5,0.425,0.561403508772,0.411764705882,0.659090909091,0.5,0.461538461538,0.5,0.511111111111,0.479166666667,0.488372093023,0.5,0.454545454545,0.441860465116,0.521739130435,0.482142857143,0.542372881356,0.588235294118,0.510204081633,0.340425531915,0.568181818182,0.521739130435,0.484848484848,0.571428571429,0.527272727273,0.392857142857,0.396226415094,0.471698113208,0.617647058824,0.675,0.571428571429,0.648648648649,0.291666666667,0.309523809524,0.487804878049,0.482142857143,0.470588235294,0.511111111111,0.568181818182,0.521739130435,0.551020408163,0.55,0.514285714286,0.521739130435,0.543859649123,0.541666666667,0.433962264151,0.452830188679,0.391304347826,0.384615384615,0.634146341463,0.463414634146,0.454545454545,0.489361702128,0.531914893617,0.439024390244,0.54,0.5,0.51724137931,0.574468085106,0.344827586207,0.612244897959,0.458333333333,0.382978723404,0.372093023256,0.4375,0.542372881356,0.469387755102,0.433333333333,0.413043478261,0.406779661017,0.479166666667,0.457142857143,0.516129032258,0.55,0.519230769231,0.510638297872,0.492063492063,0.446808510638,0.44,0.4375,0.703703703704,0.508196721311,0.615384615385,0.56,0.363636363636,0.589743589744,0.606060606061,0.413043478261,0.434782608696,0.4,0.448275862069,0.403225806452,0.440677966102,0.425531914894,0.520833333333,0.382978723404,0.636363636364,0.685185185185,0.616666666667,0.471698113208,0.529411764706,0.6,0.48275862069,0.440677966102,0.393939393939,0.545454545455,0.418604651163,0.634146341463,0.428571428571,0.404255319149,0.46511627907,0.450980392157,0.392156862745,0.611111111111,0.586206896552,0.474576271186,0.527272727273,0.452380952381,0.574074074074,0.51724137931,0.444444444444,0.565217391304,0.5,0.416666666667,0.346153846154,0.474576271186,0.511111111111,0.558139534884,0.555555555556,0.40625,0.436363636364,0.510638297872,0.517857142857,0.416666666667,0.534482758621,0.547619047619,0.676470588235,0.724137931034,0.5,0.508196721311,0.5,0.37037037037,0.6,0.541666666667,0.533333333333,0.521739130435,0.553191489362,0.511627906977,0.428571428571,0.481481481481,0.410256410256,0.627118644068,0.463414634146,0.379310344828,0.684210526316,0.567567567568,0.428571428571,0.482142857143,0.428571428571,0.591836734694,0.530612244898,0.433333333333,0.538461538462,0.5625,0.538461538462,0.574074074074,0.561403508772,0.438596491228,0.541666666667,0.46875,0.466666666667,0.518518518519,0.509433962264,0.425531914894,0.5,0.358974358974,0.487804878049,0.5,0.594594594595,0.481481481481,0.511111111111,0.441860465116,0.5,0.473684210526,0.613636363636,0.575757575758,0.551724137931,0.407407407407,0.509090909091,0.385964912281,0.448275862069,0.519230769231,0.541666666667,0.489361702128,0.526315789474,0.52380952381,0.511627906977,0.522727272727,0.54347826087,0.390243902439,0.488888888889,0.488888888889,0.418181818182,0.510638297872,0.520833333333,0.611111111111,0.547619047619,0.387096774194,0.533333333333,0.47619047619,0.468085106383,0.478260869565,0.594594594595,0.607142857143,0.5,0.469387755102,0.387096774194,0.5,0.489361702128,0.391304347826,0.452380952381,0.487804878049,0.511627906977,0.552631578947,0.47619047619,0.428571428571,0.486486486486,0.596153846154,0.521739130435,0.618181818182,0.558139534884,0.530612244898,0.512820512821,0.541666666667,0.422222222222,0.520833333333,0.382978723404,0.709677419355,0.511627906977,0.45652173913,0.526315789474,0.414634146341,0.512820512821,0.526315789474,0.536585365854,0.567567567568,0.405405405405,0.487179487179,0.583333333333,0.55,0.545454545455,0.5,0.462962962963,0.475,0.459459459459,0.461538461538,0.45,0.630434782609,0.474576271186,0.604166666667,0.434782608696,0.433333333333,0.666666666667,0.615384615385,0.433962264151,0.511627906977,0.448275862069,0.564102564103,0.418604651163,0.589743589744,0.325581395349,0.457627118644,0.479166666667,0.46511627907,0.538461538462,0.52380952381,0.428571428571,0.59375,0.531914893617,0.568181818182,0.642857142857,0.457142857143,0.422222222222,0.510204081633,0.5,0.627450980392,0.568181818182,0.722222222222,0.473684210526,0.53488372093,0.53488372093,0.611111111111,0.589743589744,0.612903225806,0.513513513514,0.432432432432,0.7,0.633333333333,0.553191489362,0.514285714286,0.444444444444,0.466666666667,0.4,0.372093023256,0.461538461538,0.452830188679,0.451612903226,0.5,0.675675675676,0.47619047619,0.5625,0.541666666667,0.512195121951,0.642857142857,0.516666666667,0.6,0.591836734694,0.645833333333,0.627118644068,0.483333333333,0.465517241379,0.467741935484,0.758620689655,0.675,0.560975609756,0.583333333333,0.527272727273,0.404761904762,0.589743589744,0.511111111111,0.466666666667,0.489361702128,0.615384615385,0.5,0.531914893617,0.647058823529,0.5,0.571428571429,0.571428571429,0.528301886792,0.509803921569,0.660714285714,0.422222222222,0.611111111111,0.5,0.571428571429,0.413043478261,0.581395348837,0.590909090909,0.425,0.45652173913,0.42,0.585365853659,0.435897435897,0.477272727273,0.5,0.526315789474,0.526315789474,0.59649122807,0.5,0.552631578947,0.595744680851,0.531914893617,0.5,0.475409836066,0.326530612245,0.5,0.480769230769,0.444444444444,0.536585365854,0.4,0.416666666667,0.418604651163,0.384615384615,0.416666666667,0.677419354839,0.487179487179,0.614035087719,0.565217391304,0.526315789474,0.583333333333,0.549019607843,0.323529411765,0.446808510638,0.432432432432,0.447368421053,0.549019607843,0.512820512821,0.589743589744,0.553191489362,0.488372093023,0.459459459459,0.361111111111,0.540540540541,0.433962264151,0.566666666667,0.394736842105,0.608695652174,0.5,0.408163265306,0.454545454545,0.423076923077,0.615384615385,0.545454545455,0.642857142857,0.387755102041,0.604651162791,0.5,0.54,0.619047619048,0.589743589744,0.468085106383,0.473684210526,0.557692307692,0.468085106383,0.447368421053,0.477611940299,0.48,0.444444444444,0.471698113208,0.444444444444,0.5,0.458333333333,0.516129032258,0.4375,0.486486486486,0.297297297297,0.483870967742,0.593220338983,0.47619047619,0.404761904762,0.553191489362,0.705882352941,0.5,0.489795918367,0.518518518519,0.604651162791,0.416666666667,0.533333333333,0.519230769231,0.461538461538,0.5,0.56,0.53488372093,0.5,0.642857142857,0.553191489362,0.379310344828,0.51724137931,0.444444444444,0.478260869565,0.450980392157,0.574074074074,0.5,0.354838709677,0.285714285714,0.55,0.47619047619,0.452830188679,0.4375,0.475409836066,0.589743589744,0.511111111111,0.521739130435,0.631578947368,0.5,0.511111111111,0.521739130435,0.470588235294,0.558823529412,0.594594594595,0.558139534884,0.541666666667,0.491228070175,0.466666666667,0.5,0.609756097561,0.538461538462,0.527777777778,0.363636363636,0.5625,0.433333333333,0.586206896552,0.62962962963,0.555555555556,0.547169811321,0.4,0.538461538462,0.547169811321,0.4,0.548387096774,0.414634146341,0.355555555556,0.34375,0.473684210526,0.46511627907,0.510204081633,0.428571428571,0.6,0.508474576271,0.410256410256,0.533333333333,0.729166666667,0.320754716981,0.489795918367,0.477272727273,0.551020408163,0.530612244898,0.588235294118,0.446808510638,0.537037037037,0.612244897959,0.483333333333,0.547619047619,0.612903225806,0.511111111111,0.636363636364,0.511111111111,0.52,0.528301886792,0.527777777778,0.433962264151,0.526315789474,0.425531914894,0.372093023256,0.511111111111,0.461538461538,0.515625,0.392857142857,0.439024390244,0.468085106383,0.4,0.487804878049,0.489795918367,0.488888888889,0.5,0.549019607843,0.5,0.525,0.674418604651,0.510638297872,0.565217391304,0.527777777778,0.568181818182,0.507042253521,0.617647058824,0.555555555556,0.380952380952,0.4375,0.52380952381,0.459459459459,0.555555555556,0.375,0.388888888889,0.377777777778,0.636363636364,0.6,0.477272727273,0.552631578947,0.560975609756,0.534482758621,0.4,0.478260869565,0.551020408163,0.617021276596,0.5,0.537037037037,0.413793103448,0.390243902439,0.460317460317,0.45652173913,0.425531914894,0.4375,0.404255319149,0.470588235294,0.472727272727,0.396551724138,0.52380952381,0.510638297872,0.48,0.528301886792,0.413793103448,0.395833333333,0.543859649123,0.485714285714,0.52,0.452830188679,0.446808510638,0.545454545455,0.5,0.47619047619,0.46511627907,0.5,0.577777777778,0.553191489362,0.464285714286,0.41935483871,0.530612244898,0.526315789474,0.430769230769,0.542857142857,0.477272727273,0.416666666667,0.586956521739,0.428571428571,0.574468085106,0.560975609756,0.488372093023,0.588235294118,0.434782608696,0.482142857143,0.5,0.462962962963,0.58,0.434782608696,0.472222222222,0.618181818182,0.56,0.380952380952,0.37037037037,0.541666666667,0.406779661017,0.461538461538,0.392156862745,0.575,0.542857142857,0.488888888889,0.549019607843,0.409090909091,0.5,0.480769230769,0.461538461538,0.470588235294,0.326923076923,0.560606060606,0.661016949153,0.5,0.531914893617,0.541666666667,0.5,0.5,0.58,0.470588235294,0.6,0.55,0.435897435897,0.6,0.454545454545,0.409836065574,0.540540540541,0.553191489362,0.5,0.433333333333,0.538461538462,0.466666666667,0.553846153846,0.625,0.487804878049,0.481481481481,0.606557377049,0.581818181818,0.357142857143,0.55,0.583333333333,0.46511627907,0.444444444444,0.566666666667,0.5,0.519230769231,0.421052631579,0.571428571429,0.436363636364,0.488372093023,0.536585365854,0.660377358491,0.537037037037,0.537037037037,0.555555555556,0.491525423729,0.527272727273,0.528301886792,0.482142857143,0.515151515152,0.488888888889,0.5,0.571428571429,0.441860465116,0.590163934426,0.576923076923,0.622222222222,0.58064516129,0.690909090909,0.574468085106,0.605263157895,0.466666666667,0.5,0.575,0.631578947368,0.705882352941,0.521739130435,0.647058823529,0.526315789474,0.487804878049,0.392857142857,0.439024390244,0.483870967742,0.709677419355,0.535714285714,0.55,0.46511627907,0.475,0.575757575758,0.513513513514,0.487804878049,0.586956521739,0.5,0.519230769231,0.585365853659,0.613636363636,0.634615384615,0.435897435897,0.38,0.613636363636,0.585365853659,0.577777777778,0.480769230769,0.511111111111,0.488888888889,0.533333333333,0.536585365854,0.454545454545,0.410714285714,0.588235294118,0.475,0.466666666667,0.462962962963,0.604651162791,0.45652173913,0.619047619048,0.6,0.69696969697,0.56,0.561403508772,0.5,0.577777777778,0.547619047619,0.628571428571,0.421052631579,0.44,0.510204081633,0.436363636364,0.342857142857,0.339285714286,0.604651162791,0.702702702703,0.5,0.542857142857,0.586206896552,0.692307692308,0.552631578947,0.511111111111,0.577777777778,0.58064516129,0.707317073171,0.588235294118,0.641509433962,0.545454545455,0.392857142857,0.474576271186,0.530612244898,0.507692307692,0.444444444444,0.553191489362,0.521739130435,0.5,0.464285714286,0.5,0.518518518519,0.595744680851,0.527272727273,0.622641509434,0.460317460317,0.5,0.510638297872,0.547169811321,0.435483870968,0.479166666667,0.42,0.56,0.478260869565,0.472727272727,0.474576271186,0.367346938776,0.4375,0.551020408163,0.431818181818,0.519230769231,0.403846153846,0.384615384615,0.633333333333,0.647058823529,0.475409836066,0.546875,0.536585365854,0.512195121951,0.549019607843,0.355555555556,0.575,0.509090909091,0.5,0.481481481481,0.428571428571,0.532258064516,0.491228070175,0.405405405405,0.581818181818,0.378378378378,0.423076923077,0.5,0.509433962264,0.507692307692,0.479166666667,0.522727272727,0.444444444444,0.615384615385,0.59649122807,0.377358490566,0.508474576271,0.440677966102,0.375,0.471428571429,0.673913043478,0.510638297872,0.508196721311,0.547169811321,0.5625,0.4,0.371428571429,0.348837209302,0.365384615385,0.549019607843,0.4,0.466666666667,0.454545454545,0.571428571429,0.553191489362,0.625,0.456140350877,0.428571428571,0.561403508772,0.466666666667,0.521739130435,0.446808510638,0.452380952381,0.488888888889,0.5,0.461538461538,0.54347826087,0.560975609756,0.489795918367,0.5,0.454545454545,0.4,0.552631578947,0.606060606061,0.441860465116,0.5,0.5625,0.548387096774,0.566666666667,0.439024390244,0.612244897959,0.384615384615,0.414634146341,0.473684210526,0.559322033898,0.548387096774,0.557692307692,0.411764705882,0.625,0.586206896552,0.3125,0.636363636364,0.619047619048,0.405405405405,0.4,0.538461538462,0.45652173913,0.509803921569,0.564102564103,0.457627118644,0.644444444444,0.34,0.574468085106,0.530612244898,0.434782608696,0.378378378378,0.426229508197,0.547169811321,0.431034482759,0.4375,0.527777777778,0.54347826087,0.52,0.659090909091,0.673469387755,0.557692307692,0.36170212766,0.446808510638,0.4,0.47619047619,0.488888888889,0.428571428571,0.531914893617,0.425,0.617021276596,0.547619047619,0.567567567568,0.444444444444,0.513513513514,0.302325581395,0.5,0.341463414634,0.333333333333,0.464285714286,0.520833333333,0.5,0.230769230769,0.395348837209,0.387096774194,0.583333333333,0.410256410256,0.439024390244,0.5,0.45,0.575,0.619047619048,0.509090909091,0.527272727273,0.434782608696,0.589743589744,0.545454545455,0.555555555556,0.55,0.585365853659,0.518518518519,0.41935483871,0.577777777778,0.378787878788,0.469387755102,0.552631578947,0.424242424242,0.681818181818,0.485714285714,0.612244897959,0.517857142857,0.394736842105,0.470588235294,0.392156862745,0.491228070175,0.555555555556,0.428571428571,0.522727272727,0.577777777778,0.34375,0.47619047619,0.5,0.571428571429,0.478260869565,0.589743589744,0.480769230769,0.583333333333,0.403225806452,0.42,0.608695652174,0.44,0.603773584906,0.558823529412,0.571428571429,0.44,0.578947368421,0.489361702128,0.5,0.604651162791,0.510638297872,0.644444444444,0.557142857143,0.58,0.30612244898,0.428571428571,0.470588235294,0.540540540541,0.5,0.851851851852,0.557692307692,0.525,0.465753424658,0.490196078431,0.565217391304,0.631578947368,0.5,0.6,0.471698113208,0.509803921569,0.541666666667,0.414634146341,0.418181818182,0.5,0.55737704918,0.457627118644,0.434782608696,0.53125,0.574074074074,0.511111111111,0.520833333333,0.441860465116,0.531914893617,0.532258064516,0.5,0.585365853659,0.567164179104,0.571428571429,0.622222222222,0.508196721311,0.585365853659,0.520833333333,0.588235294118,0.325,0.588235294118,0.487179487179,0.428571428571,0.489795918367,0.468085106383,0.484848484848,0.552631578947,0.611111111111,0.5,0.58,0.444444444444,0.586206896552,0.533333333333,0.47619047619,0.56,0.510638297872,0.454545454545,0.418604651163,0.45652173913,0.58064516129,0.432432432432,0.372549019608,0.531914893617,0.52380952381,0.533333333333,0.571428571429,0.418604651163,0.5,0.52380952381,0.589285714286,0.571428571429,0.609756097561,0.555555555556,0.558823529412,0.625,0.489795918367,0.5,0.433333333333,0.521739130435,0.511111111111,0.666666666667,0.564102564103,0.522727272727,0.464285714286,0.369565217391,0.575,0.480769230769,0.448979591837,0.702127659574,0.465517241379,0.510204081633,0.513513513514,0.388888888889,0.617021276596,0.6,0.5,0.489795918367,0.564102564103,0.5,0.466666666667,0.44,0.391304347826,0.56,0.384615384615,0.479166666667,0.578947368421,0.411764705882,0.514285714286,0.710526315789,0.538461538462,0.56,0.388888888889,0.340425531915,0.404761904762,0.377777777778,0.540540540541,0.363636363636,0.4,0.642857142857,0.392156862745,0.566037735849,0.577777777778,0.466666666667,0.545454545455,0.552631578947,0.578947368421,0.428571428571,0.490566037736,0.553191489362,0.487179487179,0.5,0.413043478261,0.525,0.621621621622,0.472727272727,0.428571428571,0.54,0.486486486486,0.606060606061,0.380952380952,0.555555555556,0.576923076923,0.454545454545,0.457142857143,0.405405405405,0.545454545455,0.461538461538,0.607843137255,0.529411764706,0.725,0.384615384615,0.477272727273,0.545454545455,0.558139534884,0.486486486486,0.518518518519,0.416666666667,0.431818181818,0.454545454545,0.510638297872,0.359375,0.440677966102,0.631578947368,0.555555555556,0.439024390244,0.578947368421,0.483870967742,0.408163265306,0.6,0.564102564103,0.378378378378,0.487179487179,0.513513513514,0.52,0.405405405405,0.416666666667,0.479166666667,0.5,0.551020408163,0.442307692308,0.442307692308,0.605263157895,0.535714285714,0.631578947368,0.51724137931,0.452380952381,0.512820512821,0.405405405405,0.491228070175,0.35,0.547619047619,0.365384615385,0.474576271186,0.357142857143,0.619047619048,0.5,0.440677966102,0.342105263158,0.490566037736,0.5,0.52380952381,0.46511627907,0.377777777778,0.444444444444,0.471698113208,0.512195121951,0.458333333333,0.48275862069,0.595238095238,0.452830188679,0.518518518519,0.576923076923,0.608695652174,0.617647058824,0.536585365854,0.486486486486,0.567567567568,0.590909090909,0.347826086957,0.553191489362,0.452830188679,0.510204081633,0.527272727273,0.585365853659,0.586206896552,0.566037735849,0.538461538462,0.380952380952,0.595744680851,0.567567567568,0.525,0.618181818182,0.377777777778,0.5,0.4375,0.485714285714,0.527777777778,0.625,0.391304347826,0.536585365854,0.563636363636,0.589285714286,0.474576271186,0.488372093023,0.454545454545,0.461538461538,0.622222222222,0.5,0.545454545455,0.545454545455,0.566666666667,0.424242424242,0.448979591837,0.42,0.5,0.382978723404,0.55,0.46,0.405797101449,0.433333333333,0.563636363636,0.59375,0.5,0.391304347826,0.58064516129,0.491803278689,0.540540540541,0.609756097561,0.512820512821,0.583333333333,0.592592592593,0.54,0.404255319149,0.411764705882,0.533333333333,0.409090909091,0.431818181818,0.489361702128,0.615384615385,0.340909090909,0.521739130435,0.542372881356,0.509433962264,0.596153846154,0.5,0.326086956522,0.51724137931,0.459016393443,0.520547945205,0.510204081633,0.571428571429,0.632653061224,0.483333333333,0.34,0.448979591837,0.657142857143,0.528301886792,0.58064516129,0.571428571429,0.408163265306,0.446428571429,0.44,0.48,0.407407407407,0.282051282051,0.625,0.527777777778,0.560606060606,0.47619047619,0.446808510638,0.5,0.537037037037,0.5,0.592592592593,0.410714285714,0.552631578947,0.594594594595,0.440677966102,0.426470588235,0.342105263158,0.466666666667,0.508474576271,0.521739130435,0.442307692308,0.48,0.40625,0.433962264151,0.42,0.382978723404,0.52,0.5,0.510638297872,0.55,0.511111111111,0.558823529412,0.606557377049,0.529411764706,0.485714285714,0.479166666667,0.391304347826,0.571428571429,0.564102564103,0.628571428571,0.392857142857,0.392156862745,0.423076923077,0.428571428571,0.391304347826,0.5,0.477272727273,0.511111111111,0.571428571429,0.391304347826,0.589743589744,0.459459459459,0.621621621622,0.395833333333,0.5,0.516129032258,0.521739130435,0.426229508197,0.470588235294,0.5,0.438596491228,0.53125,0.56,0.6875,0.521739130435,0.558139534884,0.528301886792,0.489795918367,0.551020408163,0.521739130435,0.410714285714,0.5,0.5,0.575,0.571428571429,0.428571428571,0.454545454545,0.38,0.441860465116,0.531914893617,0.549019607843,0.530612244898,0.583333333333,0.56,0.659574468085,0.674418604651,0.636363636364,0.585365853659,0.525423728814,0.581395348837,0.586206896552,0.571428571429,0.582089552239,0.477272727273,0.5,0.488888888889,0.514285714286,0.512820512821,0.527777777778,0.361111111111,0.525,0.431818181818,0.5,0.454545454545,0.422222222222,0.508474576271,0.4,0.428571428571,0.5,0.4,0.391304347826,0.521739130435,0.521739130435,0.609756097561,0.488372093023,0.53488372093,0.566037735849,0.585714285714,0.418604651163,0.529411764706,0.45,0.522727272727,0.465517241379,0.41935483871,0.415384615385,0.571428571429,0.527272727273,0.48275862069,0.484848484848,0.46,0.44,0.488372093023,0.628571428571,0.444444444444,0.536231884058,0.489361702128,0.491803278689,0.645161290323,0.454545454545,0.510638297872,0.591836734694,0.565217391304,0.647058823529,0.452380952381,0.555555555556,0.511627906977,0.542857142857,0.487804878049,0.452380952381,0.5,0.5625,0.54347826087,0.311111111111,0.571428571429,0.510204081633,0.55,0.583333333333,0.44,0.47619047619,0.614035087719,0.612244897959,0.519230769231,0.56862745098,0.638888888889,0.622222222222,0.489795918367,0.46875,0.5,0.469387755102,0.560975609756,0.411764705882,0.577777777778,0.575757575758,0.477272727273,0.371428571429,0.342857142857,0.575,0.488372093023,0.509090909091,0.466666666667,0.604166666667,0.551724137931,0.632653061224,0.511111111111,0.472222222222,0.403846153846,0.58,0.4375,0.412698412698,0.375,0.628571428571,0.458333333333,0.632653061224,0.547169811321,0.710526315789,0.473684210526,0.666666666667,0.545454545455,0.511111111111,0.5,0.448979591837,0.535714285714,0.571428571429,0.421875,0.541666666667,0.452830188679,0.551724137931,0.484848484848,0.516666666667,0.555555555556,0.365853658537,0.62962962963,0.489795918367,0.59375,0.410256410256,0.4,0.352941176471,0.451612903226,0.444444444444,0.541666666667,0.295454545455,0.492063492063,0.5,0.463414634146,0.575,0.581395348837,0.612903225806,0.620689655172,0.6,0.533333333333,0.59375,0.59375,0.568181818182,0.6,0.52,0.441860465116,0.530303030303,0.488888888889,0.452380952381,0.428571428571,0.4375,0.4375,0.441176470588,0.479166666667,0.461538461538,0.475,0.533333333333,0.3,0.428571428571,0.585365853659,0.558139534884,0.558139534884,0.595238095238,0.627450980392,0.43137254902,0.552631578947,0.555555555556,0.538461538462,0.468085106383,0.462962962963,0.315789473684,0.596153846154,0.574468085106,0.462962962963,0.630434782609,0.535714285714,0.639344262295,0.522727272727,0.488372093023,0.568181818182,0.577777777778,0.378378378378,0.52380952381,0.470588235294,0.47619047619,0.487804878049,0.441860465116,0.723404255319,0.557692307692,0.325,0.581818181818,0.657894736842,0.574074074074,0.58,0.414634146341,0.414634146341,0.53488372093,0.647058823529,0.509433962264,0.642857142857,0.688888888889,0.489361702128,0.47619047619,0.5,0.469387755102,0.458333333333,0.460317460317,0.487179487179,0.473684210526,0.461538461538,0.459459459459,0.410256410256,0.432432432432,0.46511627907,0.53488372093,0.5,0.547619047619,0.5,0.490566037736,0.577777777778,0.458333333333,0.53488372093,0.489361702128,0.461538461538,0.620689655172,0.563636363636,0.486486486486,0.545454545455,0.490566037736,0.522727272727,0.477272727273,0.425531914894,0.615384615385,0.48275862069,0.43137254902,0.462962962963,0.510204081633,0.545454545455,0.46,0.425531914894,0.44,0.44,0.36,0.388888888889,0.441860465116,0.530612244898,0.5,0.461538461538,0.439024390244,0.566037735849,0.342105263158,0.395833333333,0.55,0.581818181818,0.466666666667,0.428571428571,0.47619047619,0.5,0.529411764706,0.442307692308,0.377777777778,0.595238095238,1.0,0.45652173913,0.432432432432,0.527272727273,0.559322033898,0.586206896552,0.5,0.38,0.538461538462,0.46511627907,0.51724137931,0.59649122807,0.52380952381,0.4,0.365853658537,0.581395348837,0.638888888889,0.611111111111,0.574468085106,0.458333333333,0.5,0.704545454545,0.625,0.666666666667,0.672727272727,0.617647058824,0.46875,0.452380952381,0.583333333333,0.565217391304,0.470588235294,0.526315789474,0.52380952381,0.5,0.516129032258,0.487179487179,0.481481481481,0.32,0.66,0.568181818182,0.525,0.53488372093,0.560975609756,0.485714285714,0.519230769231,0.483870967742,0.457142857143,0.531914893617,0.609756097561,0.473684210526,0.47619047619,0.45652173913,0.405405405405,0.659090909091,0.536585365854,0.47619047619,0.508771929825,0.44,0.541666666667,0.411764705882,0.432432432432,0.545454545455,0.466666666667,0.396226415094,0.47619047619,0.531914893617,0.444444444444,0.547619047619,0.55,0.404255319149,0.333333333333,0.5625,0.352941176471,0.510204081633,0.529411764706,0.395833333333,0.45,0.510638297872,0.574468085106,0.535714285714,0.5,0.567567567568,0.545454545455,0.481481481481,0.384615384615,0.5,0.510638297872,0.685714285714,0.621621621622,0.421052631579,0.475,0.659574468085,0.4375,0.52,0.458333333333,0.575,0.578947368421,0.54347826087,0.545454545455,0.69696969697,0.595744680851,0.568181818182,0.5,0.525,0.627906976744,0.485714285714,0.676470588235,0.555555555556,0.276595744681,0.377777777778,0.424242424242,0.533333333333,0.458333333333,0.616666666667,0.446153846154,0.5625,0.464285714286,0.58064516129,0.531914893617,0.48,0.358974358974,0.590909090909,0.461538461538,0.454545454545,0.484848484848,0.571428571429,0.448979591837,0.411764705882,0.5,0.59375,0.5625,0.547169811321,0.510204081633,0.490566037736,0.513513513514,0.5,0.358974358974,0.5,0.454545454545,0.531914893617,0.605263157895,0.551724137931,0.526315789474,0.47619047619,0.483333333333,0.428571428571,0.354166666667,0.526315789474,0.340909090909,0.653846153846,0.612244897959,0.527777777778,0.612244897959,0.475,0.52380952381,0.666666666667,0.555555555556,0.466666666667,0.56,0.574468085106,0.545454545455,0.5,0.536585365854,0.382978723404,0.4,0.547169811321,0.509090909091,0.467741935484,0.475409836066,0.528301886792,0.62,0.480769230769,0.439024390244,0.428571428571,0.377358490566,0.425531914894,0.584615384615,0.490196078431,0.478260869565,0.531914893617,0.595238095238,0.58,0.5,0.5,0.541666666667,0.51724137931,0.511627906977,0.489795918367,0.490909090909,0.690476190476,0.5,0.457142857143,0.576923076923,0.520833333333,0.571428571429,0.605263157895,0.606557377049,0.461538461538,0.342105263158,0.58064516129,0.51724137931,0.583333333333,0.45,0.358974358974,0.54347826087,0.509433962264,0.378378378378,0.404255319149,0.454545454545,0.694444444444,0.444444444444,0.45652173913,0.55,0.586956521739,0.528301886792,0.470588235294,0.567567567568,0.608695652174,0.627450980392,0.409090909091,0.586206896552,0.58064516129,0.552631578947,0.488888888889,0.5,0.529411764706,0.392857142857,0.589743589744,0.344827586207,0.530303030303,0.458333333333,0.514285714286,0.516129032258,0.558823529412,0.692307692308,0.548387096774,0.583333333333,0.488372093023,0.564102564103,0.538461538462,0.439393939394,0.555555555556,0.547619047619,0.530612244898,0.44,0.581395348837,0.589743589744,0.307692307692,0.689655172414,0.5,0.573770491803,0.545454545455,0.560975609756,0.520833333333,0.469387755102,0.458333333333,0.521739130435,0.466666666667,0.588235294118,0.5,0.434782608696,0.511111111111,0.46511627907,0.527777777778,0.422222222222,0.441176470588,0.479166666667,0.365853658537,0.514285714286,0.459459459459,0.6,0.531914893617,0.448979591837,0.577777777778,0.589743589744,0.592592592593,0.630434782609,0.386363636364,0.322033898305,0.45,0.428571428571,0.52380952381,0.439024390244,0.458333333333,0.52,0.423076923077,0.446428571429,0.549019607843,0.482142857143,0.492063492063,0.470588235294,0.375,0.425531914894,0.45652173913,0.348837209302,0.5,0.340909090909,0.311111111111,0.541666666667,0.577777777778,0.621621621622,0.545454545455,0.530612244898,0.431818181818,0.632653061224,0.625,0.46511627907,0.444444444444,0.512820512821,0.375,0.52380952381,0.590163934426,0.481481481481,0.53125,0.514285714286,0.666666666667,0.631578947368,0.509433962264,0.471698113208,0.55,0.520833333333,0.447368421053,0.451612903226,0.511111111111,0.512820512821,0.4,0.478260869565,0.521739130435,0.434782608696,0.589743589744,0.529411764706,0.56862745098,0.589743589744,0.65625,0.555555555556,0.56,0.575757575758,0.48275862069,0.386363636364,0.444444444444,0.518518518519,0.75,0.6,0.51724137931,0.555555555556,0.641025641026,0.5,0.558139534884,0.441860465116,0.5,0.84,0.510638297872,0.489795918367,0.541666666667,0.4375,0.477611940299,0.45652173913,0.489361702128,0.5,0.468085106383,0.357142857143,0.348837209302,0.524590163934,0.595238095238,0.428571428571,0.613636363636,0.586956521739,0.491228070175,0.425,0.538461538462,0.52,0.361111111111,0.458333333333,0.5,0.531914893617,0.354166666667,0.604651162791,0.4,0.52380952381,0.515151515152,0.658536585366,0.512820512821,0.428571428571,0.394736842105,0.459016393443,0.528301886792,0.317073170732,0.512820512821,0.484848484848,0.622641509434,0.423076923077,0.555555555556,0.5,0.568181818182,0.509803921569,0.538461538462,0.514285714286,0.625,0.46,0.439024390244,0.651162790698,0.659090909091,0.590909090909,0.409090909091,0.446153846154,0.446808510638,0.425,0.530612244898,0.461538461538,0.489361702128,0.552631578947,0.5,0.511111111111,0.309523809524,0.388888888889,0.439024390244,0.586956521739,0.536585365854,0.477272727273,0.36,0.5625,0.586956521739,0.604166666667,0.65,0.410256410256,0.475,0.433962264151,0.444444444444,0.442307692308,0.389830508475,0.384615384615,0.390243902439,0.384615384615,0.488888888889,0.477272727273,0.560975609756,0.529411764706,0.571428571429,0.428571428571,0.388888888889,0.4,0.590909090909,0.542857142857,0.5,0.636363636364,0.529411764706,0.542857142857,0.477272727273,0.568181818182,0.622222222222,0.51724137931,0.28,0.487804878049,0.272727272727,0.380952380952,0.242424242424,0.25,0.720930232558,1.0,0.434782608696,0.434782608696,0.511111111111,0.625,0.487804878049,0.571428571429,0.485714285714,0.619047619048,0.659090909091,0.5,0.586956521739,0.540540540541,0.463414634146,0.636363636364,0.53125,0.545454545455,0.512195121951,0.454545454545,0.54347826087,0.512195121951,0.487804878049,0.512820512821,0.488888888889,0.444444444444,0.571428571429,0.571428571429,0.533333333333,0.510638297872,0.468085106383,0.479166666667,0.46511627907,0.5,0.46,0.434782608696,0.509433962264,0.425531914894,0.526315789474,0.411764705882,0.615384615385,0.512820512821,0.368421052632,0.461538461538,0.5,0.491228070175,0.595238095238,0.555555555556,0.40625,0.46,0.46,0.518518518519,0.5,0.382978723404,0.607142857143,0.481481481481,0.558139534884,0.552631578947,0.46,0.509433962264,0.529411764706,0.519230769231,0.538461538462,0.5,0.5,0.488372093023,0.549019607843,0.521739130435,0.5,0.46511627907,0.56,0.513513513514,0.515151515152,0.709677419355,0.717948717949,0.333333333333,0.657894736842,0.551020408163,0.464285714286,0.475,0.428571428571,0.464285714286,0.490196078431,0.446428571429,0.636363636364,0.588235294118,0.568965517241,0.6,0.545454545455,0.509803921569,0.413793103448,0.595238095238,0.594594594595,0.45,0.585365853659,0.472222222222,0.709677419355,0.511627906977,0.56862745098,0.604166666667,0.545454545455,0.581818181818,0.571428571429,0.593220338983,0.555555555556,0.56862745098,0.519230769231,0.5,0.490196078431,0.5,0.454545454545,0.568181818182,0.466666666667,0.5,0.489795918367,0.431818181818,0.544117647059,0.5,0.589743589744,0.567567567568,0.606060606061,0.555555555556,0.45,0.621621621622,0.470588235294,0.547619047619,0.475,0.53125,0.564102564103,0.6,0.571428571429,0.522727272727,0.441860465116,0.461538461538,0.578947368421,0.567567567568,0.444444444444,0.321428571429,0.547619047619,0.571428571429,0.581395348837,0.586956521739,0.576923076923,0.621621621622,0.58064516129,0.45652173913,0.485714285714,0.448979591837,0.469387755102,0.596153846154,0.595744680851,0.553191489362,0.551724137931,0.6,0.510204081633,0.577777777778,0.380952380952,0.571428571429,0.352941176471,0.574074074074,0.557692307692,0.5,0.379310344828,0.470588235294,0.357142857143,0.395348837209,0.451612903226,0.585365853659,0.542857142857,0.434782608696,0.386363636364,0.431818181818,0.475,0.486486486486,0.5,0.707317073171,0.408163265306,0.425531914894,0.641025641026,0.564102564103,0.34693877551,0.5,0.483333333333,0.5,0.5,0.583333333333,0.586956521739,0.6,0.511111111111,0.521739130435,0.392156862745,0.56,0.510204081633,0.54,0.549019607843,0.377777777778,0.483333333333,0.4,0.440677966102,0.521739130435,0.448979591837,0.413043478261,0.541666666667,0.450980392157,0.418181818182,0.681818181818,0.566037735849,0.531914893617,0.560975609756,0.444444444444,0.442307692308,0.522727272727,0.5,0.552631578947,0.489795918367,0.6,0.5,0.571428571429,0.492307692308,0.387755102041,0.632653061224,0.577777777778,0.551020408163,0.540540540541,0.428571428571,0.452830188679,0.431818181818,0.40350877193,0.586956521739,0.6,0.58064516129,0.615384615385,0.490909090909,0.625,0.404255319149,0.44,0.428571428571,0.446808510638,0.588235294118,0.621621621622,0.617647058824,0.413793103448,0.583333333333,0.545454545455,0.447368421053,0.428571428571,0.428571428571,0.52,0.490566037736,0.575,0.533333333333,0.666666666667,0.593220338983,0.307692307692,0.529411764706,0.393939393939,0.488372093023,0.392156862745,0.52380952381,0.548387096774,0.333333333333,0.28125,0.542857142857,0.511111111111,0.380952380952,0.459459459459,0.5,0.6,0.567567567568,0.5,0.428571428571,0.547169811321,0.466666666667,0.55,0.515151515152,0.565217391304,0.363636363636,0.478260869565,0.489361702128,0.5,0.51724137931,0.5,0.484848484848,0.452830188679,0.490566037736,0.363636363636,0.592592592593,0.88,0.647058823529,0.475,0.416666666667,0.573770491803,0.385964912281,0.545454545455,0.380952380952,0.512820512821,0.526315789474,0.609756097561,0.390243902439,0.583333333333,0.514285714286,0.48,0.694444444444,0.315789473684,0.574074074074,0.536585365854,0.395348837209,0.5,0.446428571429,0.480769230769,0.4,0.6,0.615384615385,0.474576271186,0.452830188679,0.453125,0.408163265306,0.448979591837,0.46,0.52380952381,0.446808510638,0.549019607843,0.4,0.5,0.425,0.489795918367,0.641509433962,0.326923076923,0.560975609756,0.326086956522,0.555555555556,0.536585365854,0.450980392157,0.5,0.410256410256,0.522727272727,0.5,0.431818181818,0.511111111111,0.432432432432,0.44,0.461538461538,0.581395348837,0.541666666667,0.611111111111,0.6,0.488888888889,0.489361702128,0.458333333333,0.511111111111,0.478260869565,0.448979591837,0.393939393939,0.411764705882,0.512820512821,0.513513513514,0.62,0.631578947368,0.433962264151,0.459459459459,0.428571428571,0.510204081633,0.5,0.584905660377,0.557692307692,0.51724137931,0.509433962264,0.37037037037,0.6,0.511111111111,0.461538461538,0.6,0.489361702128,0.568181818182,0.755555555556,0.6875,0.52380952381,0.47619047619,0.433333333333,0.384615384615,0.428571428571,0.4375,0.411764705882,0.424242424242,0.545454545455,0.46875,0.416666666667,0.475,0.512195121951,0.555555555556,0.6875,0.560975609756,0.387755102041,0.428571428571,0.58,0.63829787234,0.358974358974,0.473684210526,0.483333333333,0.473684210526,0.354838709677,0.447368421053,0.459459459459,0.56862745098,0.483870967742,0.477272727273,0.606060606061,0.552631578947,0.463414634146,0.52380952381,0.48275862069,0.589743589744,0.48,0.5,0.638888888889,0.432432432432,0.549019607843,0.5,0.410714285714,0.318181818182,0.5,0.454545454545,0.375,0.525,0.480769230769,0.586956521739,0.375,0.555555555556,0.489361702128,0.5625,0.578947368421,0.581395348837,0.487179487179,0.551020408163,0.509433962264,0.5,0.513513513514,0.428571428571,0.38,0.367346938776,0.486486486486,0.5,0.378378378378,0.465517241379,0.468085106383,0.510204081633,0.518518518519,0.520833333333,0.5,0.387755102041,0.394736842105,0.48,0.538461538462,0.541666666667,0.589285714286,0.555555555556,0.468085106383,0.513513513514,0.545454545455,0.52,0.473684210526,0.484848484848,0.516129032258,0.46,0.513513513514,0.560975609756,0.536585365854,0.42,0.5,0.509803921569,0.597014925373,0.450980392157,0.448979591837,0.615384615385,0.529411764706,0.471698113208,0.431818181818,0.472727272727,0.422222222222,0.512195121951,0.621621621622,0.590909090909,0.448979591837,0.354166666667,0.483333333333,0.52380952381,0.703703703704,0.452830188679,0.442307692308,0.529411764706,0.363636363636,0.470588235294,0.611111111111,0.475,0.414634146341,0.477272727273,0.527777777778,0.475,0.46,0.530612244898,0.439024390244,0.479166666667,0.454545454545,0.527777777778,0.514285714286,0.479166666667,0.423076923077,0.526315789474,0.432432432432,0.435897435897,0.432432432432,0.6,0.620689655172,0.551724137931,0.347826086957,0.45,0.521739130435,0.488372093023,0.5,0.434782608696,0.509803921569,0.282051282051,0.608695652174,0.630434782609,0.581395348837,0.722222222222,0.46875,0.46,0.413043478261,0.642857142857,0.463414634146,0.42,0.392156862745,0.28,0.549019607843,0.416666666667,0.479166666667,0.577777777778,0.555555555556,0.558139534884,0.471698113208,0.566037735849,0.488888888889,0.468085106383,0.604651162791,0.358974358974,0.658536585366,0.730769230769,0.4375,0.564102564103,0.515151515152,0.448275862069,0.379310344828,0.47619047619,0.454545454545,0.516129032258,0.558139534884,0.488888888889,0.471698113208,0.641025641026,0.571428571429,0.595238095238,0.595238095238,0.512195121951,0.5,0.52,0.612903225806,0.555555555556,0.560975609756,0.52380952381,0.595744680851,0.561403508772,0.591836734694,0.581395348837,0.578947368421,0.407407407407,0.56862745098,0.439024390244,0.464285714286,0.444444444444,0.606060606061,0.5,0.461538461538,0.545454545455,0.512195121951,0.510638297872,0.428571428571,0.454545454545,0.410714285714,0.342857142857,0.454545454545,0.509433962264,0.6,0.590163934426,0.507462686567,0.553191489362,0.451612903226,0.581395348837,0.377777777778,0.557692307692,0.540983606557,0.4,0.531914893617,0.53125,0.514285714286,0.486486486486,0.530612244898,0.428571428571,0.571428571429,0.46,0.610169491525,0.565217391304,0.65625,0.709677419355,0.588235294118,0.5,0.630434782609,0.463414634146,0.52380952381,0.54,0.46511627907,0.48275862069,0.46875,0.458333333333,0.510204081633,0.489795918367,0.36170212766,0.333333333333,0.583333333333,0.558139534884,0.404761904762,0.607843137255,0.547619047619,0.428571428571,0.608695652174,0.441176470588,0.465517241379,0.553571428571,0.595744680851,0.568181818182,0.586956521739,0.6,0.5,0.547619047619,0.439024390244,0.395833333333,0.6,0.512820512821,0.446808510638,0.508771929825,0.516129032258,0.43137254902,0.55,0.462962962963,0.512820512821,0.512820512821,0.425531914894,0.40625,0.538461538462,0.472222222222,0.487179487179,0.409090909091,0.581395348837,0.428571428571,0.365853658537,0.322580645161,0.428571428571,0.5,0.4,0.386363636364,0.444444444444,0.472727272727,0.625,0.555555555556,0.520833333333,0.4,0.48,0.56862745098,0.413043478261,0.547619047619,0.521739130435,0.520833333333,0.725,0.558823529412,0.583333333333,0.529411764706,0.428571428571,0.5,0.560975609756,0.411764705882,0.354838709677,0.5,0.388888888889,0.325,0.510638297872,0.480769230769,0.541666666667,0.470588235294,0.541666666667,0.542857142857,0.538461538462,0.642857142857,0.648148148148,0.595238095238,0.558139534884,0.568181818182,0.538461538462,0.5,0.694444444444,0.457142857143,0.515151515152,0.487179487179,0.5,0.4375,0.590909090909,0.441860465116,0.619047619048,0.521739130435,0.615384615385,0.568181818182,0.454545454545,0.6,0.533333333333,0.65,0.425,0.405405405405,0.549019607843,0.425925925926,0.452830188679,0.44,0.355555555556,0.462962962963,0.568181818182,0.411764705882,0.548387096774,0.461538461538,0.529411764706,0.447368421053,0.65625,0.529411764706,0.456140350877,0.324324324324,0.365853658537,0.333333333333,0.54,0.641025641026,0.575757575758,0.470588235294,0.441176470588,0.518518518519,0.538461538462,0.423076923077,0.487179487179,0.40350877193,0.409090909091,0.472727272727,0.435897435897,0.475,0.487804878049,0.536585365854,0.52380952381,0.522727272727,0.533333333333,0.483333333333,0.452380952381,0.441860465116,0.475409836066,0.5,0.461538461538,0.487179487179,0.46875,0.53488372093,0.367346938776,0.36170212766,0.378378378378,0.384615384615,0.416666666667,0.536585365854,0.6,0.368421052632,0.568181818182,0.526315789474,0.5,0.446808510638,0.65,0.585365853659,0.552631578947,0.536585365854,0.5,0.521739130435,0.571428571429,0.509803921569,0.577777777778,0.487804878049,0.403846153846,0.560975609756,0.560975609756,0.465517241379,0.454545454545,0.575757575758,0.535714285714,0.529411764706,0.512820512821,0.576271186441,0.439024390244,0.421052631579,0.487179487179,0.459459459459,0.521739130435,0.4,0.571428571429,0.468085106383,0.4,0.439024390244,0.405405405405,0.581395348837,0.5,0.357142857143,0.5,0.418604651163,0.5,0.514285714286,0.53488372093,0.592592592593,0.510638297872,0.5,0.615384615385,0.574074074074,0.428571428571,0.409090909091,0.558139534884,0.404255319149,0.615384615385,0.375,0.428571428571,0.477272727273,0.474576271186,0.541666666667,0.4375,0.441176470588,0.535714285714,0.583333333333,0.52380952381,0.448979591837,0.491228070175,0.547619047619,0.529411764706,0.655172413793,0.591836734694,0.538461538462,0.444444444444,0.444444444444,0.5,0.594594594595,0.647058823529,0.272727272727,0.619047619048,0.428571428571,0.414634146341,0.527777777778,0.581395348837,0.367346938776,0.62,0.545454545455,0.512195121951,0.47619047619,0.551020408163,0.545454545455,0.452830188679,0.533333333333,0.481481481481,0.482142857143,0.46875,0.511627906977,0.393939393939,0.481481481481,0.5,0.45652173913,0.645833333333,0.326530612245,0.414634146341,0.45652173913,0.622641509434,0.510204081633,0.510204081633,0.521739130435,0.481481481481,0.462962962963,0.519230769231,0.568181818182,0.545454545455,0.622222222222,0.639344262295,0.45652173913,0.652173913043,0.51724137931,0.590909090909,0.558139534884,0.555555555556,0.515151515152,0.53488372093,0.5,0.459459459459,0.4375,0.540540540541,0.448979591837,0.571428571429,0.461538461538,0.4375,0.604166666667,0.609756097561,0.355555555556,0.5,0.653846153846,0.470588235294,0.470588235294,0.575757575758,0.522727272727,0.536585365854,0.435897435897,0.470588235294,0.479166666667,0.463414634146,0.414634146341,0.56,0.513513513514,0.5,0.466666666667,0.5,0.526315789474,0.478260869565,0.625,0.578947368421,0.448979591837,0.512820512821,0.555555555556,0.480769230769,0.509803921569,0.405405405405,0.6,0.478260869565,0.514285714286,0.51724137931,0.410714285714,0.457142857143,0.441176470588,0.41935483871,0.321428571429,0.6,0.47619047619,0.310344827586,0.45,0.4,0.5,0.41935483871,0.537037037037,0.578947368421,0.538461538462,0.553846153846,0.553571428571,0.475409836066,0.677966101695,0.555555555556,0.75,0.525,0.521739130435,0.51724137931,0.555555555556,0.448275862069,0.5,0.605263157895,0.490196078431,0.466666666667,0.489361702128,0.548387096774,0.48,0.5,0.555555555556,0.375,0.5,0.471698113208,0.621621621622,0.5,0.575,0.525,0.428571428571,0.459459459459,0.466666666667,0.52,0.428571428571,0.461538461538,0.588235294118,0.404761904762,0.477611940299,0.421052631579,0.377358490566,0.578947368421,0.4,0.522727272727,0.470588235294,0.5625,0.404761904762,0.463414634146,0.404761904762,0.472222222222,0.545454545455,0.533333333333,0.681818181818,0.323529411765,0.365853658537,0.509090909091,0.559322033898,0.413043478261,0.425531914894,0.5,0.490196078431,0.519230769231,0.446808510638,0.553191489362,0.451612903226,0.530612244898,0.485714285714,0.589285714286,0.542857142857,0.512195121951,0.459459459459,0.564102564103,0.405405405405,0.377358490566,0.604166666667,0.555555555556,0.522727272727,0.538461538462,0.6,0.525,0.428571428571,0.462962962963,0.395833333333,0.396226415094,0.5,0.384615384615,0.394736842105,0.333333333333,0.322580645161,0.473684210526,0.58,0.5,0.512195121951,0.6,0.478260869565,0.520833333333,0.510204081633,0.541666666667,0.595744680851,0.5,0.470588235294,0.35,0.522727272727,0.511627906977,0.48275862069,0.414634146341,0.380952380952,0.485714285714,0.454545454545,0.488372093023,0.461538461538,0.529411764706,0.422222222222,0.446808510638,0.538461538462,0.341463414634,0.382978723404,0.436363636364,0.622222222222,0.56862745098,0.46511627907,0.45,0.405405405405,0.346153846154,0.475,0.475,0.426470588235,0.534482758621,0.514285714286,0.433962264151,0.380952380952,0.453125,0.525,0.542857142857,0.555555555556,0.488888888889,0.553191489362,0.578947368421,0.58064516129,0.581395348837,0.5,0.545454545455,0.390243902439,0.5,0.395833333333,0.565217391304,0.627906976744,0.521739130435,0.40625,0.489795918367,0.628571428571,0.515151515152,0.418604651163,0.595744680851,0.446808510638,0.65,0.657894736842,0.538461538462,0.489795918367,0.509090909091,0.5,0.613636363636,0.606060606061,0.5,0.439024390244,0.52,0.446808510638,0.454545454545,0.583333333333,0.5,0.565217391304,0.363636363636,0.435897435897,0.5,0.404761904762,0.514285714286,0.538461538462,0.404255319149,0.553191489362,0.5,0.490196078431,0.5,0.545454545455,0.444444444444,0.444444444444,0.549019607843,0.536585365854,0.527777777778,0.341463414634,0.4,0.375,0.571428571429,0.583333333333,0.5,0.428571428571,0.513513513514,0.511111111111,0.565217391304,0.452380952381,0.571428571429,0.45652173913,0.512820512821,0.571428571429,0.428571428571,0.74,0.914893617021,0.473684210526,0.428571428571,0.444444444444,0.536585365854,0.487179487179,0.418604651163,0.560975609756,0.489361702128,0.386363636364,0.5,0.551724137931,0.565217391304,0.452830188679,0.553191489362,0.615384615385,0.605263157895,0.435483870968,0.393939393939,0.366666666667,0.42,0.451612903226,0.451612903226,0.433333333333,0.431034482759,0.436363636364,0.5,0.509433962264,0.482142857143,0.666666666667,0.555555555556,0.473684210526,0.509803921569,0.522727272727,0.59375,0.545454545455,0.565217391304,0.622641509434,0.574468085106,0.466666666667,0.43137254902,0.481481481481,0.46511627907,0.5,0.511111111111,0.5,0.587301587302,0.31914893617,0.42,0.652173913043,0.345454545455,0.533333333333,0.489361702128,0.487179487179,0.526315789474,0.566037735849,0.509433962264,0.642857142857,0.471698113208,0.454545454545,0.463414634146,0.4375,0.574468085106,0.611111111111,0.521739130435,0.533333333333,0.487179487179,0.536585365854,0.553571428571,0.581395348837,0.479166666667,0.5,0.541666666667,0.531914893617,0.522727272727,0.6,0.6,0.583333333333,0.483870967742,0.40625,0.54347826087,0.5625,0.448275862069,0.444444444444,0.342857142857,0.513513513514,0.583333333333,0.541666666667,0.468085106383,0.386363636364,0.431818181818,0.432432432432,0.433962264151,0.478260869565,0.452380952381,0.361111111111,0.378378378378,0.30303030303,0.448275862069,0.547619047619,0.525,0.510638297872,0.511627906977,0.444444444444,0.444444444444,0.392156862745,0.466666666667,0.431818181818,0.5,0.395348837209,0.511111111111,0.458333333333,0.586956521739,0.568181818182,0.296296296296,0.578947368421,0.581395348837,0.622641509434,0.439024390244,0.46,0.547619047619,0.625,0.58,0.568181818182,0.609756097561,0.512820512821,0.529411764706,0.478260869565,0.509433962264,0.36170212766,0.477272727273,0.450980392157,0.519230769231,0.585365853659,0.533333333333,0.425531914894,0.352941176471,0.458333333333,0.346153846154,0.368421052632,0.43137254902,0.415094339623,0.446808510638,0.466666666667,0.488372093023,0.512195121951,0.545454545455,0.609756097561,0.395348837209,0.395348837209,0.481481481481,0.551724137931,0.450980392157,0.4,0.530612244898,0.457142857143,0.608695652174,0.7,0.521739130435,0.581395348837,0.516129032258,0.421052631579,0.592592592593,0.472222222222,0.533333333333,0.565217391304,0.42,0.478260869565,0.538461538462,0.522727272727,0.514285714286,0.547619047619,0.465517241379,0.55,0.482142857143,0.392156862745,0.5,0.530612244898,0.536585365854,0.525,0.460526315789,0.475,0.382352941176,0.490196078431,0.459459459459,0.416666666667,0.351351351351,0.487804878049,0.577777777778,0.352941176471,0.478260869565,0.557692307692,0.509433962264,0.5,0.45,0.466666666667,0.576923076923,0.413043478261,0.538461538462,0.6,0.444444444444,0.5625,0.434782608696,0.627906976744,0.469387755102,0.5,0.473684210526,0.568181818182,0.444444444444,0.583333333333,0.549019607843,0.545454545455,0.53488372093,0.511627906977,0.436363636364,0.533333333333,0.575,0.484848484848,0.5,0.65625,0.361111111111,0.392857142857,0.425531914894,0.4,0.548387096774,0.508474576271,0.521739130435,0.471698113208,0.510638297872,0.5625,0.270833333333,0.392156862745,0.617021276596,0.558139534884,0.55,0.487179487179,0.586206896552,0.395833333333,0.479166666667,0.469387755102,0.444444444444,0.558139534884,0.466666666667,0.581395348837,0.51724137931,0.490196078431,0.577777777778,0.565217391304,0.581395348837,0.486486486486,0.542857142857,0.59375,0.517857142857,0.58064516129,0.563636363636,0.666666666667,0.581818181818,0.436363636364,0.40625,0.483870967742,0.689655172414,0.552631578947,0.605263157895,0.4,0.456140350877,0.595238095238,0.446428571429,0.5,0.444444444444,0.511111111111,0.653846153846,0.615384615385,0.62,0.454545454545,0.439024390244,0.529411764706,0.43137254902,0.42,0.594594594595,0.547619047619,0.657142857143,0.514285714286,0.451612903226,0.655172413793,0.575757575758,0.564102564103,0.541666666667,0.547619047619,0.604651162791,0.45,0.681818181818,0.441860465116,0.488372093023,0.5,0.541666666667,0.55,0.638888888889,0.47619047619,0.47619047619,0.490566037736,0.46,0.55,0.5,0.487179487179,0.552631578947,0.522727272727,0.425925925926,0.521739130435,0.486486486486,0.627906976744,0.526315789474,0.45652173913,0.510204081633,0.433333333333,0.5,0.466666666667,0.405405405405,0.5,0.444444444444,0.46511627907,0.568181818182,0.47619047619,0.444444444444,0.468085106383,0.446808510638,0.489361702128,0.634615384615,0.366666666667,0.463414634146,0.489795918367,0.509803921569,0.576923076923,0.478260869565,0.434782608696,0.422222222222,0.463414634146,0.477272727273,0.545454545455,0.525,0.659090909091,0.363636363636,0.541666666667,0.468085106383,0.40350877193,0.54347826087,0.45,0.540540540541,0.424242424242,0.53488372093,0.5,0.518518518519,0.452830188679,0.469387755102,0.487179487179,0.571428571429,0.520833333333,0.444444444444,0.452830188679,0.48275862069,0.473684210526,0.447368421053,0.475,0.452380952381,0.448275862069,0.603773584906,0.44,0.441176470588,0.555555555556,0.787878787879,0.342105263158,0.448979591837,0.52380952381,0.5,0.525,0.484848484848,0.48,0.439024390244,0.487179487179,0.52380952381,0.490909090909,0.542372881356,0.461538461538,0.40350877193,0.454545454545,0.458333333333,0.510638297872,0.5,0.511627906977,0.487179487179,0.595744680851,0.583333333333,1.0,0.690476190476,0.681818181818,0.682926829268,0.68085106383,0.566037735849,0.5,0.387096774194,0.466666666667,0.652173913043,0.652173913043,0.454545454545,0.58064516129,0.52,0.55,0.547619047619,0.52380952381,0.428571428571,0.568181818182,0.58064516129,0.454545454545,0.5,0.342857142857,0.511111111111,0.538461538462,0.441860465116,0.590909090909,0.551020408163,0.617021276596,0.547169811321,0.925925925926,0.355555555556,0.462962962963,0.481481481481,0.488372093023,0.555555555556,0.311111111111,0.28,0.285714285714,0.322033898305,0.42,0.452380952381,0.46511627907,0.5,0.48,0.46,0.560975609756,0.447368421053,0.372549019608,0.666666666667,0.666666666667,0.375,0.530612244898,0.488888888889,0.605263157895,0.54347826087,0.324324324324,0.48,0.583333333333,0.44,0.4,0.425,0.441860465116,0.395348837209,0.585365853659,0.418181818182,0.428571428571,0.536585365854,0.525,0.448275862069,0.483870967742,0.45652173913,0.431818181818,0.594594594595,0.59375,0.461538461538,0.473684210526,0.596153846154,0.576271186441,0.5,0.489795918367,0.466666666667,0.413043478261,0.384615384615,0.608695652174,0.53488372093,0.512195121951,0.432432432432,0.527272727273,0.561403508772,0.584905660377,0.612244897959,0.317073170732,0.571428571429,0.589743589744,0.5,0.509803921569,0.697674418605,0.651162790698,0.527272727273,0.5,0.54347826087,0.527777777778,0.589743589744,0.589743589744,0.45652173913,0.521739130435,0.509803921569,0.448979591837,0.422222222222,0.592592592593,0.434782608696,0.463414634146,0.619047619048,0.439024390244,0.405405405405,0.6,0.384615384615,0.477272727273,0.404255319149,0.354166666667,0.591836734694,0.515151515152,0.539682539683,0.416666666667,0.478260869565,0.531914893617,0.628571428571,0.560975609756,0.423076923077,0.416666666667,0.358974358974,0.380952380952,0.491228070175,0.472222222222,0.576923076923,0.5,0.454545454545,0.45652173913,0.557692307692,0.520833333333,0.568181818182,0.536585365854,0.428571428571,0.583333333333,0.512195121951,0.619047619048,0.557692307692,0.461538461538,0.564102564103,0.473684210526,0.5,0.575,0.395833333333,0.418604651163,0.5,0.450980392157,0.5,0.510638297872,0.488888888889,0.741935483871,0.62,0.369565217391,0.521739130435,0.5,0.405405405405,0.533333333333,0.526315789474,0.52380952381,0.634146341463,0.414634146341,0.510638297872,0.491525423729,0.5,0.545454545455,0.517857142857,0.464788732394,0.5,0.5625,0.595744680851,0.531914893617,0.538461538462,0.431034482759,0.702702702703,0.540540540541,0.5,0.365853658537,0.578947368421,0.621621621622,0.560975609756,0.48,0.575757575758,0.627450980392,0.520833333333,0.535714285714,0.324324324324,0.5,0.410256410256,0.388888888889,0.533333333333,0.564102564103,0.657142857143,0.386363636364,0.5,0.518518518519,0.46,0.346153846154,0.489795918367,0.5,0.594594594595,0.4,0.450980392157,0.45,0.5,0.409090909091,0.5625,0.45,0.509433962264,0.510204081633,0.418604651163,0.512195121951,0.396551724138,0.485714285714,0.404761904762,0.620689655172,0.690476190476,0.4,0.410256410256,0.410714285714,0.48,0.415094339623,0.545454545455,0.513513513514,0.463414634146,0.444444444444,0.613636363636,0.509433962264,0.529411764706,0.583333333333,0.558139534884,0.56862745098,0.439024390244,0.477272727273,0.459459459459,0.55,0.421052631579,0.333333333333,0.519230769231,0.404255319149,0.466666666667,0.510638297872,0.461538461538,0.434782608696,0.54347826087,0.797101449275,0.46511627907,0.487804878049,0.47619047619,0.575,0.53488372093,0.647058823529,0.473684210526,0.434782608696,0.404761904762,0.35,0.358490566038,0.529411764706,0.4,0.413793103448,0.5,0.577777777778,0.463414634146,0.341463414634,0.6,0.527777777778,0.51724137931,0.5,0.533333333333,0.558139534884,0.325,0.323529411765,0.294117647059,0.51724137931,0.357142857143,0.342105263158,0.576923076923,0.489361702128,0.425,0.4,0.595744680851,0.44,0.380952380952,0.475,0.482142857143,0.535714285714,0.422222222222,0.595238095238,0.558823529412,0.480769230769,0.673913043478,0.62,0.685714285714,0.472222222222,0.486486486486,0.516129032258,0.571428571429,0.6875,0.72972972973,0.605263157895,0.447368421053,0.5,0.428571428571,0.48,0.480769230769,0.458333333333,0.461538461538,0.551724137931,0.542857142857,0.540540540541,0.487179487179,0.48275862069,0.439024390244,0.404761904762,0.469387755102,0.577777777778,0.510638297872,0.531914893617,0.323529411765,0.538461538462,0.4,0.423076923077,0.444444444444,0.425531914894,0.471698113208,0.607142857143,0.574074074074,0.581818181818,0.56862745098,0.433962264151,0.451612903226,0.461538461538,0.566037735849,0.471698113208,0.428571428571,0.489361702128,0.553191489362,0.568965517241,0.681818181818,0.371428571429,0.552631578947,0.390243902439,0.594594594595,0.590909090909,0.304347826087,0.631578947368,0.480769230769,0.517857142857,0.566666666667,0.641025641026,0.48275862069,0.522727272727,0.559322033898,0.411764705882,0.62,0.375,0.512820512821,0.52,0.461538461538,0.46511627907,0.5,0.465517241379,0.487804878049,0.473684210526,0.418181818182,0.794871794872,0.674418604651,0.525,0.592592592593,0.627450980392,0.4,0.428571428571,0.571428571429,0.490566037736,0.471698113208,0.486486486486,0.615384615385,0.514285714286,0.5,0.571428571429,0.565217391304,0.425,0.45,0.512195121951,0.48275862069,0.581818181818,0.491228070175,0.509090909091,0.48275862069,0.490909090909,0.490566037736,0.525423728814,0.757575757576,0.84375,0.418181818182,0.551724137931,0.512195121951,0.5,0.471698113208,0.520833333333,0.583333333333,0.553191489362,0.423076923077,0.452380952381,0.5,0.531914893617,0.48,0.489361702128,0.530612244898,0.363636363636,0.560975609756,0.515151515152,0.410256410256,0.409090909091,0.405405405405,0.515151515152,0.41935483871,0.418604651163,0.647058823529,0.533333333333,0.533333333333,0.690476190476,0.690476190476,0.25,0.8,0.717948717949,0.578947368421,0.423076923077,0.538461538462,0.526315789474,0.488888888889,0.609756097561,0.52380952381,0.510204081633,0.567567567568,0.531914893617,0.517857142857,0.481481481481,0.54347826087,0.488372093023,0.530612244898,0.388888888889,0.555555555556,0.555555555556,0.45,0.42,0.545454545455,0.5,0.55,0.54347826087,0.408163265306,0.577777777778,0.46511627907,0.5,0.478260869565,0.384615384615,0.6,0.525,0.448275862069,0.431818181818,0.489361702128,0.685714285714,0.509803921569,0.422222222222,0.5,0.516129032258,0.483870967742,0.411764705882,0.564102564103,0.5,0.511111111111,0.461538461538,0.355555555556,0.310344827586,0.459459459459,0.459459459459,0.38,0.34375,0.607142857143,0.476923076923,0.480769230769,0.5625,0.542857142857,0.486486486486,0.636363636364,0.413043478261,0.588235294118,0.409090909091,0.508196721311,0.53125,0.540983606557,0.609375,0.508771929825,0.432432432432,0.584905660377,0.520833333333,0.612903225806,0.595238095238,0.536585365854,0.565217391304,0.578947368421,0.479166666667,0.615384615385,0.714285714286,0.675,0.466666666667,0.407407407407,0.543859649123,0.519230769231,0.403846153846,0.480769230769,0.477272727273,0.563636363636,0.604166666667,0.583333333333,0.470588235294,0.536585365854,0.612244897959,0.454545454545,0.432432432432,0.46875,0.585365853659,0.428571428571,0.366666666667,0.608695652174,0.529411764706,0.513513513514,0.540540540541,0.527777777778,0.52,0.488372093023,0.475,0.529411764706,0.5,0.410714285714,0.46875,0.4375,0.678571428571,0.510638297872,0.558823529412,0.435897435897,0.636363636364,0.375,0.473684210526,0.551020408163,0.446808510638,0.418604651163,0.4375,0.5,0.508771929825,0.4,0.620689655172,0.441860465116,0.5,0.48,0.530612244898,0.405405405405,0.551020408163,0.451612903226,0.451612903226,0.595238095238,0.444444444444,0.612244897959,0.384615384615,0.475,0.531914893617,0.641025641026,0.545454545455,0.436363636364,0.631578947368,0.384615384615,0.410256410256,0.41935483871,0.545454545455,0.45652173913,0.571428571429,0.511111111111,0.45,0.568181818182,0.58064516129,0.491228070175,0.594594594595,0.466666666667,0.54347826087,0.368421052632,0.379310344828,0.530612244898,0.571428571429,0.5,0.411764705882,0.5,0.48275862069,0.51724137931,0.514285714286,0.565217391304,0.477272727273,0.489361702128,0.558823529412,0.442307692308,0.461538461538,0.533333333333,0.5,0.648648648649,0.354838709677,0.405405405405,0.529411764706,0.5,0.541666666667,0.567567567568,0.633333333333,0.4,0.435897435897,0.45652173913,0.375,0.558823529412,0.469387755102,0.6,0.48,0.458333333333,0.471698113208,0.530612244898,0.58064516129,0.6,0.558823529412,0.352941176471,0.435897435897,0.632653061224,0.470588235294,0.459459459459,0.487179487179,0.659090909091,0.542857142857,0.469387755102,0.577777777778,0.525423728814,0.596153846154,0.571428571429,0.475,0.655172413793,0.442307692308,0.632653061224,0.586956521739,0.545454545455,0.352941176471,0.457142857143,0.47619047619,0.571428571429,0.526315789474,0.574468085106,0.434782608696,0.448979591837,0.511627906977,0.56,0.435897435897,0.304347826087,0.318181818182,0.409090909091,0.388888888889,0.464285714286,0.441860465116,0.447368421053,0.645161290323,0.45,0.487804878049,0.454545454545,0.512820512821,0.511627906977,0.47619047619,0.479166666667,0.516129032258,0.464285714286,0.567567567568,0.490196078431,0.5,0.538461538462,0.522727272727,0.45,0.452380952381,0.510204081633,0.558139534884,0.5,0.378787878788,0.5,0.481481481481,0.42,0.450980392157,0.742857142857,0.756756756757,0.484848484848,0.4,0.514285714286,0.520833333333,0.472222222222,0.454545454545,0.412698412698,0.433333333333,0.590909090909,0.470588235294,0.632653061224,0.378378378378,0.451612903226,0.5,0.421052631579,0.404761904762,0.439024390244,0.489361702128,0.625,0.3,0.513513513514,0.428571428571,0.53488372093,0.372881355932,0.4,0.491803278689,0.518518518519,0.527272727273,0.577777777778,0.3,0.6,0.588235294118,0.45652173913,0.520833333333,0.526315789474,0.490196078431,0.444444444444,0.677419354839,0.394736842105,0.581395348837,0.477272727273,0.386363636364,0.627450980392,0.431818181818,0.507462686567,0.509803921569,0.564516129032,0.595238095238,0.548387096774,0.651162790698,0.5,0.551020408163,0.446808510638,0.418604651163,0.56,0.461538461538,0.530612244898,0.6,0.4375,0.395833333333,0.488888888889,0.411764705882,0.488888888889,0.52,0.487804878049,0.533333333333,0.441860465116,0.578947368421,0.5,0.642857142857,0.553571428571,0.56,0.571428571429,0.47619047619,0.486486486486,0.511627906977,0.508196721311,0.541666666667,0.48275862069,0.566037735849,0.535714285714,0.439024390244,0.46511627907,0.481481481481,0.411764705882,0.55,0.595238095238,0.459459459459,0.342857142857,0.518518518519,0.394736842105,0.552631578947,0.45,0.625,0.583333333333,0.395348837209,0.625,0.5,0.418604651163,0.591836734694,0.48,0.490566037736,0.459459459459,0.371428571429,0.535714285714,0.490909090909,0.477272727273,0.605263157895,0.513513513514,0.487179487179,0.510638297872,0.647058823529,0.617021276596,0.548387096774,0.537037037037,0.549019607843,0.469387755102,0.477272727273,0.5,0.48,0.620689655172,0.6,0.540540540541,0.473684210526,0.483870967742,0.44,0.604166666667,0.408163265306,0.536585365854,0.56,0.432432432432,0.564102564103,0.454545454545,0.585365853659,0.489361702128,0.571428571429,0.514285714286,0.490566037736,0.547619047619,0.424242424242,0.58064516129,0.40350877193,0.615384615385,0.441860465116,0.555555555556,0.589743589744,0.537037037037,0.535714285714,0.471698113208,0.457627118644,0.541666666667,0.450980392157,0.578947368421,0.5,0.555555555556,0.641025641026,0.558823529412,0.466666666667,0.545454545455,0.604651162791,0.542857142857,0.351351351351,0.404761904762,0.531914893617,0.538461538462,0.545454545455,0.394736842105,0.452380952381,0.4,0.431818181818,0.475,0.487179487179,0.428571428571,0.488888888889,0.531914893617,0.488372093023,0.54,0.487804878049,0.510204081633,0.549019607843,0.469387755102,0.478260869565,0.65306122449,0.714285714286,0.6,0.5,0.594594594595,0.4,0.625,0.459459459459,0.45652173913,0.463414634146,0.528301886792,0.5,0.586956521739,0.410714285714,0.47619047619,0.386363636364,0.638888888889,0.333333333333,0.452380952381,0.575,0.514285714286,0.666666666667,0.553191489362,0.511627906977,0.5,0.581818181818,0.549019607843,0.547619047619,0.6,0.358974358974,0.516129032258,0.473684210526,0.466666666667,0.434782608696,0.513513513514,0.448979591837,0.444444444444,0.461538461538,0.288888888889,0.304347826087,0.416666666667,0.578947368421,0.512195121951,0.58064516129,0.512820512821,0.527777777778,0.509803921569,0.393939393939,0.625,0.466666666667,0.675,0.444444444444,0.527777777778,0.463414634146,0.590909090909,0.510204081633,0.408163265306,0.525,0.5,0.48,0.489361702128,0.676470588235,0.509433962264,0.5,0.522727272727,0.52380952381,0.46875,0.40625,0.514285714286,0.6,0.617021276596,0.588235294118,0.545454545455,0.581395348837,0.538461538462,0.448979591837,0.527777777778,0.511627906977,0.583333333333,0.5,0.509803921569,0.574468085106,0.461538461538,0.571428571429,0.360655737705,0.551724137931,0.425,0.5,0.46,0.458333333333,0.54347826087,0.466666666667,0.52380952381,0.34,0.491228070175,0.5,0.54,0.619047619048,0.488372093023,0.378378378378,0.439024390244,0.53125,0.475,0.478260869565,0.4,0.454545454545,0.475,0.379310344828,0.592592592593,0.354838709677,0.34375,0.352941176471,0.58,0.510638297872,0.340425531915,0.477272727273,0.466666666667,0.560975609756,0.489361702128,0.425,0.487804878049,0.459459459459,0.423728813559,0.479166666667,0.545454545455,0.488372093023,0.46875,0.522727272727,0.468085106383,0.511627906977,0.52380952381,0.409836065574,0.434782608696,0.428571428571,0.581395348837,0.45,0.708333333333,0.586956521739,0.477272727273,0.54347826087,0.525,0.514285714286,0.560975609756,0.387096774194,0.592592592593,0.595238095238,0.377777777778,0.521739130435,0.392857142857,0.477272727273,0.454545454545,0.5,0.509803921569,0.530612244898,0.489361702128,0.54,0.538461538462,0.487179487179,0.542857142857,0.717948717949,0.434782608696,0.613636363636,0.547619047619,0.508771929825,0.6,0.48,0.377358490566,0.547619047619,0.485714285714,0.59375,0.622222222222,0.648648648649,0.705882352941,0.622222222222,0.581395348837,0.507936507937,0.573770491803,0.469387755102,0.40625,0.475,0.5,0.459459459459,0.595238095238,0.440677966102,0.365384615385,0.571428571429,0.571428571429,0.545454545455,0.56,0.441176470588,0.514285714286,0.490566037736,0.466666666667,0.595744680851,0.484375,0.393939393939,0.483870967742,0.378378378378,0.65625,0.577777777778,0.484848484848,0.551020408163,0.452380952381,0.451612903226,0.488372093023,0.441860465116,0.566666666667,0.638888888889,0.617021276596,0.488888888889,0.575,0.478260869565,0.575,0.575,0.431818181818,0.5,0.595238095238,0.62,0.625,0.555555555556,0.5,0.617021276596,0.6,0.457142857143,0.535714285714,0.538461538462,0.5,0.408450704225,0.636363636364,0.510204081633,0.470588235294,0.441176470588,0.628571428571,0.44,0.590909090909,0.657142857143,0.5,0.478260869565,0.307692307692,0.291666666667,0.5,0.375,0.509803921569,0.486486486486,0.459459459459,0.524590163934,0.391304347826,0.55,0.346153846154,0.357142857143,0.7,0.594594594595,0.527777777778,0.5,0.521739130435,0.541666666667,0.395348837209,0.55,0.545454545455,0.365853658537,0.617021276596,0.473684210526,0.367346938776,0.333333333333,0.4,0.446808510638,0.488888888889,0.838709677419,0.425531914894,0.404761904762,0.425,0.472222222222,0.380952380952,0.38,0.425531914894,0.605263157895,0.428571428571,0.439024390244,0.568181818182,0.5,0.468085106383,0.388888888889,0.382978723404,0.452830188679,0.357142857143,0.522727272727,0.418604651163,0.473684210526,0.439024390244,0.521739130435,0.533333333333,0.567567567568,0.478260869565,0.454545454545,0.541666666667,0.638888888889,0.594594594595,0.542857142857,0.511627906977,0.422222222222,0.390243902439,0.540983606557,0.71875,0.617021276596,0.509090909091,0.522388059701,0.524590163934,0.5625,0.653846153846,0.553191489362,0.591836734694,0.595238095238,0.414634146341,0.5,0.380952380952,0.386363636364,0.518518518519,0.571428571429,0.552631578947,0.484848484848,0.47619047619,0.384615384615,0.484848484848,0.367346938776,0.357142857143,0.560975609756,0.526315789474,0.466666666667,0.513513513514,0.571428571429,0.352941176471,0.5625,0.553191489362,0.461538461538,0.52380952381,0.447368421053,0.571428571429,0.444444444444,0.48275862069,0.542857142857,0.428571428571,0.6,0.54347826087,0.357142857143,0.4375,0.535714285714,0.512820512821,0.472222222222,0.439024390244,0.588235294118,0.553191489362,0.365853658537,0.4375,0.520833333333,0.612903225806,0.542857142857,0.463414634146,0.558823529412,0.5,0.625,0.45652173913,0.44,0.435483870968,0.5,0.6,0.621621621622,0.558823529412,0.490196078431,0.448979591837,0.530612244898,0.459459459459,0.36170212766,0.558139534884,0.521739130435,0.5,0.565217391304,0.42,0.351851851852,0.5,0.539682539683,0.604166666667,0.659090909091,0.409090909091,0.470588235294,0.52380952381,0.555555555556,0.690476190476,0.378378378378,0.477272727273,0.54,0.5,0.576923076923,0.454545454545,0.473684210526,0.536585365854,0.457142857143,0.454545454545,0.36,0.786666666667,0.621621621622,0.586956521739,0.551020408163,0.577777777778,0.590909090909,0.463414634146,0.525,0.568181818182,0.394736842105,0.525,0.576271186441,0.555555555556,0.470588235294,0.568965517241,0.648148148148,0.369565217391,0.575,0.411764705882,0.4375,0.45652173913,0.347826086957,0.477272727273,0.472222222222,0.548387096774,0.52,0.526315789474,0.444444444444,0.510638297872,0.43137254902,0.405405405405,0.6,0.6,0.58064516129,0.390243902439,0.408163265306,0.58,0.368421052632,0.344827586207,0.512195121951,0.540540540541,0.410256410256,0.6,0.5,0.432432432432,0.69696969697,0.447368421053,0.415094339623,0.466666666667,0.511111111111,0.5,0.463414634146,0.653846153846,0.5,0.567567567568,0.414634146341,0.611111111111,0.526315789474,0.513513513514,0.447368421053,0.428571428571,0.361111111111,0.571428571429,0.615384615385,0.538461538462,0.513513513514,0.540540540541,0.577777777778,0.371428571429,0.542857142857,0.6,0.5,0.558823529412,0.514285714286,0.520833333333,0.657894736842,0.555555555556,0.513513513514,0.533333333333,0.5,0.55,0.633333333333,0.540540540541,0.551020408163,0.466666666667,0.566666666667,0.571428571429,0.52,0.46875,0.540540540541,0.531914893617,0.551020408163,0.5,0.358490566038,0.549019607843,0.484848484848,0.585365853659,0.586956521739,0.470588235294,0.525423728814,0.485714285714,0.627906976744,0.5625,0.576923076923,0.509803921569,0.571428571429,0.485714285714,0.513513513514,0.410256410256,0.413793103448,0.481481481481,0.547619047619,0.454545454545,0.518518518519,0.529411764706,0.35,0.6,0.386363636364,0.547169811321,0.361111111111,0.394736842105,0.390243902439,0.464285714286,0.535714285714,0.511111111111,0.586956521739,0.586956521739,0.390243902439,0.428571428571,0.440677966102,0.519230769231,0.40625,0.441860465116,0.5,0.549019607843,0.523076923077,0.472727272727,0.593220338983,0.46,0.541666666667,0.432432432432,0.446808510638,0.607843137255,0.627450980392,0.533333333333,0.45652173913,0.533333333333,0.568965517241,0.653846153846,0.473684210526,0.68085106383,0.653846153846,0.698113207547,0.65306122449,0.688888888889,0.758620689655,0.620689655172,0.5,0.468085106383,0.436363636364,0.42,0.533333333333,0.585365853659,0.511627906977,0.517857142857,0.534482758621,0.547619047619,0.470588235294,0.694915254237,0.627118644068,0.468085106383,0.466666666667,0.491228070175,0.444444444444,0.48275862069,0.413793103448,0.548387096774,0.407407407407,0.538461538462,0.434782608696,0.454545454545,0.6,0.489361702128,0.547619047619,0.536585365854,0.521739130435,0.547169811321,0.571428571429,0.407407407407,0.489361702128,0.588235294118,0.487179487179,0.558139534884,0.666666666667,0.525,0.458333333333,0.439024390244,0.368421052632,0.568181818182,0.318181818182,0.431034482759,0.396226415094,0.53125,0.462962962963,0.386363636364,0.595744680851,0.617647058824,0.5,0.541666666667,0.547619047619,0.577777777778,0.589743589744,0.441176470588,0.657894736842,0.325581395349,0.595744680851,0.631578947368,0.6,0.473684210526,0.659090909091,0.673913043478,0.411764705882,0.340909090909,0.481481481481,0.441860465116,0.5,0.518518518519,0.617647058824,0.533333333333,0.457142857143,0.466666666667,0.525,0.341463414634,0.524590163934,0.479166666667,0.405405405405,0.527272727273,0.588235294118,0.406779661017,0.547619047619,0.488372093023,0.564102564103,0.5,0.424242424242,0.428571428571,0.490909090909,0.428571428571,0.576923076923,0.53488372093,0.457142857143,0.56,0.40350877193,0.555555555556,0.521739130435,0.466666666667,0.535714285714,0.634146341463,0.434782608696,0.555555555556,0.5,0.405405405405,0.5625,0.377777777778,0.414634146341,0.604166666667,0.535714285714,0.676470588235,0.545454545455,0.382352941176,0.551724137931,0.571428571429,0.564102564103,0.4375,0.564102564103,0.510638297872,0.511111111111,0.575,0.394736842105,0.413043478261,0.575,0.463414634146,0.485714285714,0.409090909091,0.555555555556,0.568181818182,0.538461538462,0.371428571429,0.542372881356,0.490196078431,0.617647058824,0.5625,0.647058823529,0.571428571429,0.352941176471,0.55,0.605263157895,0.481481481481,0.622950819672,0.385964912281,0.489795918367,0.458333333333,0.566666666667,0.547619047619,0.451612903226,0.490196078431,0.475,0.54347826087,0.510204081633,0.588235294118,0.452380952381,0.55,0.657894736842,0.527777777778,0.48275862069,0.483870967742,0.53125,0.588235294118,0.6,0.542857142857,0.62,0.581818181818,0.586206896552,0.589285714286,0.545454545455,0.560975609756,0.627906976744,0.466666666667,0.591836734694,0.326086956522,0.339622641509,0.607142857143,0.6,0.558823529412,0.51724137931,0.525,0.40625,0.434782608696,0.555555555556,0.48275862069,0.47619047619,0.538461538462,0.478260869565,0.454545454545,0.551724137931,0.666666666667,0.53125,0.441860465116,0.392857142857,0.512195121951,0.551020408163,0.4,0.509803921569,0.387755102041,0.525,0.526315789474,0.638888888889,0.488888888889,0.6,0.441176470588,0.466666666667,0.574468085106,0.372549019608,0.351851851852,0.487179487179,0.538461538462,0.540540540541,0.54347826087,0.519230769231,0.342857142857,0.387096774194,0.666666666667,0.684210526316,0.53488372093,0.423076923077,0.393939393939,0.533333333333,0.515151515152,0.45,0.565217391304,0.578947368421,0.608695652174,0.651162790698,0.450980392157,0.512195121951,0.541666666667,0.566666666667,0.56,0.431818181818,0.40625,0.4375,0.333333333333,0.5,0.510638297872,0.46875,0.581818181818,0.384615384615,0.5,0.536585365854,0.459459459459,0.458333333333,0.515151515152,0.611111111111,0.510638297872,0.52,0.604166666667,0.477272727273,0.566666666667,0.644444444444,0.6,0.439024390244,0.568181818182,0.461538461538,0.454545454545,0.529411764706,0.391304347826,0.574468085106,0.5,0.6,0.62,0.625,0.527777777778,0.54347826087,0.541666666667,0.488372093023,0.487179487179,0.48275862069,0.514285714286,0.571428571429,0.469387755102,0.388888888889,0.477272727273,0.666666666667,0.558823529412,0.428571428571,0.451612903226,0.593220338983,0.527272727273,0.622222222222,0.58064516129,0.5,0.459459459459,0.5,0.634146341463,0.516129032258,0.4,0.354166666667,0.463414634146,0.34375,0.424242424242,0.4,0.409090909091,0.51724137931,0.470588235294,0.612244897959,0.4375,0.461538461538,0.448979591837,0.514285714286,0.422222222222,0.551020408163,0.46875,0.421052631579,0.466666666667,0.547619047619,0.342105263158,0.396551724138,0.466666666667,0.576923076923,0.410256410256,0.521739130435,0.478260869565,0.585365853659,0.5,0.551020408163,0.5,0.622641509434,0.518518518519,0.448275862069,0.4,0.384615384615,0.441176470588,0.347826086957,0.416666666667,0.418181818182,0.452830188679,0.521739130435,0.585365853659,0.435897435897,0.657142857143,0.458333333333,0.527777777778,0.547619047619,0.404761904762,0.40625,0.538461538462,0.475,0.571428571429,0.58,0.581818181818,0.508196721311,0.5,0.585365853659,0.59375,0.448979591837,0.458333333333,0.527777777778,0.540540540541,0.414634146341,0.272727272727,0.446808510638,0.410256410256,0.4,0.566037735849,0.512195121951,0.47619047619,0.553191489362,0.404761904762,0.516666666667,0.595238095238,0.6,0.480769230769,0.485714285714,0.408163265306,0.589743589744,0.5,0.52,0.515151515152,0.428571428571,0.625,0.512820512821,0.55,0.521739130435,0.512195121951,0.5,0.447368421053,0.462962962963,0.521739130435,0.675,0.473684210526,0.45652173913,0.426829268293,0.471698113208,0.487179487179,0.642857142857,0.379310344828,0.375,0.481481481481,0.451612903226,0.627450980392,0.344827586207,0.5,0.512820512821,0.388888888889,0.48275862069,0.387755102041,0.421052631579,0.590909090909,0.379310344828,0.538461538462,0.413043478261,0.45652173913,0.574074074074,0.516129032258,0.614035087719,0.583333333333,0.45,0.525,0.5,0.48275862069,0.466666666667,0.48275862069,0.5,0.489361702128,0.435897435897,0.457142857143,0.613636363636,0.552631578947,0.45652173913,0.525423728814,0.480769230769,0.6,0.561403508772,0.511111111111,0.509090909091,0.558823529412,0.466666666667,0.411764705882,0.454545454545,0.446808510638,0.459459459459,0.404761904762,0.457142857143,0.5,0.65,0.508771929825,0.520833333333,0.358974358974,0.53125,0.4375,0.541666666667,0.447368421053,0.515151515152,0.444444444444,0.613636363636,0.657894736842,0.673076923077,0.607843137255,0.558823529412,0.555555555556,0.486486486486,0.535714285714,0.652173913043,0.620689655172,0.566666666667,0.551724137931,0.515151515152,0.621621621622,0.533333333333,0.634146341463,0.431818181818,0.606060606061,0.444444444444,0.633333333333,0.703703703704,0.733333333333,0.5,0.583333333333,0.456140350877,0.516129032258,0.714285714286,0.625,0.468085106383,0.6,0.462962962963,0.403846153846,0.5,0.476923076923,0.452380952381,0.486486486486,0.477272727273,0.585365853659,0.466666666667,0.542857142857,0.4,0.566037735849,0.444444444444,0.514285714286,0.62962962963,0.473684210526,0.529411764706,0.648148148148,0.469387755102,0.442307692308,0.485714285714,0.536585365854,0.454545454545,0.617021276596,0.4375,0.589743589744,0.547619047619,0.5,0.413043478261,0.56,0.6,0.521739130435,0.45652173913,0.567567567568,0.433962264151,0.568181818182,0.441860465116,0.447368421053,0.5,0.526315789474,0.392857142857,0.511627906977,0.47619047619,0.529411764706,0.525,0.560975609756,0.435897435897,0.446808510638,0.5,0.783783783784,0.583333333333,0.54347826087,0.40350877193,0.375,0.5,0.526315789474,0.357142857143,0.473684210526,0.5,0.588235294118,0.548387096774,0.512195121951,0.475,0.344827586207,0.574468085106,0.555555555556,0.326086956522,0.521739130435,0.432432432432,0.5,0.391304347826,0.375,0.975,0.590909090909,0.472222222222,0.482142857143,0.509803921569,0.575,0.571428571429,0.5,0.529411764706,0.489795918367,0.3125,0.586956521739,0.464285714286,0.530612244898,0.54347826087,0.485714285714,0.512820512821,0.5625,0.418604651163,0.52380952381,0.483870967742,0.4375,0.421052631579,0.509433962264,0.471698113208,0.466666666667,0.545454545455,0.488372093023,0.425531914894,0.529411764706,0.545454545455,0.540540540541,0.469387755102,0.527777777778,0.558139534884,0.435897435897,0.447368421053,0.408163265306,0.302325581395,0.55,0.52380952381,0.428571428571,0.571428571429,0.547619047619,0.515151515152,0.5,0.574074074074,0.467741935484,0.644444444444,0.4375,0.475409836066,0.452380952381,0.487804878049,0.408163265306,0.511111111111,0.558823529412,0.524590163934,0.533333333333,0.65,0.553571428571,0.469387755102,0.657894736842,0.525,0.527777777778,0.566666666667,0.40625,0.470588235294,0.903225806452,0.51724137931,0.5,0.457142857143,0.553191489362,0.379310344828,0.58,0.530612244898,0.395348837209,0.5,0.508771929825,0.63829787234,0.395833333333,0.431818181818,0.509090909091,0.547619047619,0.512195121951,0.409090909091,0.547619047619,0.704545454545,0.577777777778,0.41935483871,0.395833333333,0.530612244898,0.58,0.537037037037,0.529411764706,0.37037037037,0.5,0.657894736842,0.541666666667,0.444444444444,0.428571428571,0.406779661017,0.386363636364,0.52380952381,0.5,0.486486486486,0.5,0.451612903226,0.371428571429,0.425925925926,0.386363636364,0.464285714286,0.5,0.357142857143,0.488372093023,0.55,0.8,0.571428571429,0.454545454545,0.603773584906,0.545454545455,0.490196078431,0.607843137255,0.4,0.617021276596,0.631578947368,0.5,0.511627906977,0.444444444444,0.6,0.606060606061,0.645161290323,0.581818181818,0.627450980392,0.454545454545,0.472222222222,0.452380952381,0.589743589744,0.605263157895,0.607142857143,0.84,0.463414634146,0.54347826087,0.675675675676,0.6,0.428571428571,0.486486486486,0.541666666667,0.391304347826,0.53488372093,0.375,0.666666666667,0.4375,0.434782608696,0.571428571429,0.581818181818,0.421875,0.62962962963,0.478260869565,0.577777777778,0.5,0.454545454545,0.551020408163,0.574074074074,0.446808510638,0.48,0.5,0.555555555556,0.448979591837,0.378378378378,0.432432432432,0.666666666667,0.657142857143,0.566037735849,0.446808510638,0.552631578947,0.52,0.413043478261,0.408163265306,0.5,0.509803921569,0.54347826087,0.43137254902,0.511627906977,0.512195121951,0.533333333333,0.510204081633,0.97619047619,0.511111111111,0.454545454545,0.488888888889,0.589743589744,0.564102564103,0.571428571429,0.571428571429,0.46,0.473684210526,0.5,0.566666666667,0.541666666667,0.553191489362,0.478260869565,0.545454545455,0.458333333333,0.367346938776,0.508771929825,0.481481481481,0.459459459459,0.510204081633,0.58,0.622641509434,0.51724137931,0.521739130435,0.411764705882,0.512195121951,0.509090909091,0.551020408163,0.431818181818,0.512195121951,0.52380952381,0.536585365854,0.657894736842,0.542857142857,0.526315789474,0.571428571429,0.446153846154,0.6,0.641025641026,0.5625,0.5,0.52380952381,0.468085106383,0.410714285714,0.394736842105,0.414634146341,0.44262295082,0.434782608696,0.46,0.54347826087,0.555555555556,0.46,0.666666666667,0.470588235294,0.558823529412,0.472222222222,0.51724137931,0.636363636364,0.421875,0.653846153846,0.666666666667,0.576923076923,0.574074074074,0.555555555556,0.576271186441,0.630434782609,0.666666666667,0.621621621622,0.560975609756,0.491525423729,0.5,0.590909090909,0.523076923077,0.533333333333,0.4375,0.470588235294,0.348837209302,0.55,0.517857142857,0.519230769231,0.441860465116,0.482142857143,0.566037735849,0.621621621622,0.6,0.48,0.415094339623,0.411764705882,0.333333333333,0.384615384615,0.575,0.575,0.361111111111,0.510204081633,0.48,0.727272727273,0.450980392157,0.609756097561,0.777777777778,0.652173913043,0.536585365854,0.425925925926,0.558139534884,0.588235294118,0.435897435897,0.466666666667,0.538461538462,0.403846153846,0.6625,0.828125,0.631578947368,0.692307692308,0.7,0.728571428571,0.575,0.441860465116,0.472222222222,0.588235294118,0.547619047619,0.578947368421,0.381818181818,0.488372093023,0.567567567568,0.585365853659,0.454545454545,0.589743589744,0.551020408163,0.666666666667,0.605263157895,0.666666666667,0.694444444444,0.446153846154,0.595744680851,0.658536585366,0.531914893617,0.48275862069,0.426229508197,0.409836065574,0.446808510638,0.527777777778,0.549019607843,0.53488372093,0.44,0.424242424242,0.432432432432,0.542372881356,0.903225806452,0.594594594595,0.53488372093,0.435897435897,0.404761904762,0.518518518519,0.532258064516,0.596153846154,0.5,0.34375,0.511627906977,0.48275862069,0.431818181818,0.511111111111,0.511627906977,0.481481481481,0.833333333333,0.74,0.510638297872,0.581395348837,0.581818181818,0.566666666667,0.5625,0.567567567568,0.375,0.390243902439,0.514285714286,0.409090909091,0.64,0.428571428571,0.448979591837,0.54347826087,0.488888888889,0.469387755102,0.54,0.5,0.431818181818,0.524590163934,0.431818181818,0.530612244898,0.589743589744,0.531914893617,0.545454545455,0.454545454545,0.44,0.490196078431,0.533333333333,0.46,0.34693877551,0.483333333333,0.386363636364,0.441860465116,0.512195121951,0.448979591837,0.5,0.576923076923,0.55,0.543859649123,0.46,0.483870967742,0.466666666667,0.448979591837,0.435897435897,0.553191489362,0.552631578947,0.65625,0.487179487179,0.555555555556,0.351351351351,0.244444444444,0.411764705882,0.564102564103,0.392857142857,0.605263157895,0.47619047619,0.566037735849,0.466666666667,0.586956521739,0.608695652174,0.511111111111,0.566037735849,0.451612903226,0.477272727273,0.486486486486,0.478260869565,0.527272727273,0.461538461538,0.488888888889,0.380952380952,0.439024390244,0.523076923077,0.5,0.468085106383,0.6,0.470588235294,0.470588235294,0.558139534884,0.333333333333,0.488888888889,0.488372093023,0.567164179104,0.607142857143,0.529411764706,0.538461538462,0.525,0.617647058824,0.641025641026,0.629032258065,0.591836734694,0.489361702128,0.444444444444,0.416666666667,0.404255319149,0.425,0.469696969697,0.557692307692,0.423076923077,0.567567567568,0.565217391304,0.566666666667,0.516666666667,0.415094339623,0.53488372093,0.519230769231,0.53488372093,0.555555555556,0.658536585366,0.469387755102,0.470588235294,0.456140350877,0.471698113208,0.444444444444,0.511111111111,0.508474576271,0.622222222222,0.521739130435,0.444444444444,0.4375,0.666666666667,0.676470588235,0.730769230769,0.538461538462,0.488888888889,0.5,0.622222222222,0.448979591837,0.487179487179,0.447368421053,0.58,0.428571428571,0.529411764706,0.604651162791,0.5,0.521739130435,0.521739130435,0.537037037037,0.482142857143,0.508474576271,0.538461538462,0.684210526316,0.4,0.967741935484,0.466666666667,0.454545454545,0.511627906977,0.62962962963,0.382352941176,0.55,0.548387096774,0.513513513514,0.45,0.47619047619,0.5,0.777777777778,0.477272727273,0.568181818182,0.6,0.571428571429,0.673076923077,0.5,0.545454545455,0.487804878049,0.51724137931,0.5,0.666666666667,0.52380952381,0.5,0.609756097561,0.8,0.5,0.5,0.785714285714,0.595238095238,0.512820512821,0.615384615385,0.413043478261,0.463414634146,0.466666666667,0.519230769231,0.377777777778,0.636363636364,0.5,0.5,0.53488372093,0.490909090909,0.484848484848,0.58,0.512195121951,0.519230769231,0.634615384615,0.553191489362,0.575,0.527777777778,0.583333333333,0.536585365854,0.492537313433,0.432432432432,0.509433962264,0.507042253521,0.51724137931,0.488372093023,0.537037037037,0.466666666667,0.489795918367,0.469387755102,0.466666666667,0.396551724138,0.636363636364,0.589743589744,0.583333333333,0.625,0.526315789474,0.526315789474,0.454545454545,0.403846153846,0.518518518519,0.488888888889,0.3125,0.516666666667,0.466666666667,0.418181818182,0.490196078431,0.490909090909,0.5,0.431034482759,0.451612903226,0.396226415094,0.541666666667,0.642857142857,0.969696969697,0.96875,0.80487804878,0.8,0.634146341463,0.679245283019,0.416666666667,0.348837209302,0.555555555556,0.545454545455,0.771428571429